0.962470
0.950255
0.989797
0.982076
0.997047
0.981981
0.966958
0.966958
0.973954
0.966955
0.981981
0.935188
0.939085
0.950164
0.950164
0.950164
0.988976
0.950164
0.950164
0.954073
0.937916
0.950164
0.950164
0.973954
0.935188
0.950164
0.973954
0.950164
0.973954
0.989074
0.985842
0.973978
0.937343
0.970114
0.970114
0.985842
0.970114
0.971744
0.970114
0.978735
0.978735
0.978735
0.985842
0.978735
0.978735
0.970114
0.970114
0.985842
0.978735
0.983629
0.970114
0.959268
0.970114
0.970114
0.959268
0.989190
0.985842
0.983629
0.970114
0.967885
0.930390
0.970997
0.946652
0.946652
0.970997
0.946652
0.970997
0.970997
0.968049
0.986825
0.970997
0.970997
0.970997
0.946652
0.986825
0.970997
0.970997
0.970997
0.970615
0.970997
0.986825
0.970997
0.986825
0.970615
0.970997
0.970997
0.970997
0.974838
0.954696
0.970997
0.978141
0.978141
0.978141
0.978141
0.985695
0.986545
0.978141
0.978141
0.978141
0.990183
