# Array shape: (9, 7, 7)
1.000000 0.000000 0.332390 0.000000 0.010814 0.000000 0.000000
0.000000 0.000000 0.000000 0.000000 0.000000 0.000000 0.000000
0.000000 1.000000 0.000000 0.687500 0.000000 0.000000 0.000000
0.000000 0.000000 0.000000 0.000000 0.612903 0.000000 0.000000
0.000000 0.000000 0.667610 0.312500 0.344025 1.000000 0.000000
0.000000 0.000000 0.000000 0.000000 0.032258 0.000000 1.000000
0.000000 0.000000 0.000000 0.000000 0.000000 0.000000 0.000000
# New slice
1.000000 1.000000 0.086479 0.000000 0.000000 0.000000 0.009744
0.000000 0.000000 0.090893 0.000000 0.000005 0.000000 0.000001
0.000000 0.000000 0.000000 0.526315 0.000000 0.000000 0.000001
0.000000 0.000000 0.000007 0.000000 0.645159 0.000000 0.000000
0.000000 0.000000 0.822619 0.473684 0.001782 1.000000 0.179193
0.000000 0.000000 0.000002 0.000000 0.353054 0.000000 0.811061
-0.000000 0.000000 -0.000000 0.000000 -0.000000 -0.000000 -0.000000
# New slice
0.500000 1.000000 0.000000 0.000000 0.000000 0.000000 0.000000
0.000000 0.000000 0.100000 0.000000 0.000000 0.000000 0.000000
0.135127 0.000000 0.518924 0.250000 0.000000 0.000000 0.000000
0.000000 0.000000 0.000000 0.000000 0.727273 0.000000 0.000000
0.000000 0.000000 0.000000 0.750000 0.000000 1.000000 0.000000
0.364873 0.000000 0.381076 0.000000 0.272727 0.000000 1.000000
0.000000 0.000000 0.000000 0.000000 0.000000 0.000000 0.000000
# New slice
1.000000 1.000000 0.272727 0.000000 0.000000 0.000000 0.000000
0.000000 0.000000 0.090909 0.000000 0.000000 0.000000 0.000000
0.000000 0.000000 0.000000 0.500000 0.000000 0.000000 0.000000
0.000000 0.000000 0.000000 0.000000 0.766667 0.000000 0.000000
0.000000 0.000000 0.000000 0.500000 0.000000 1.000000 0.000000
0.000000 0.000000 0.636364 0.000000 0.233333 0.000000 1.000000
0.000000 0.000000 0.000000 0.000000 0.000000 0.000000 0.000000
# New slice
0.875000 1.000000 0.000000 0.000000 0.000000 0.000000 0.000000
0.000000 0.000000 0.166667 0.000000 0.000000 0.000000 0.000000
0.095269 0.000000 0.672874 0.000000 0.000000 0.077557 0.000000
0.000000 0.000000 0.000000 0.000000 0.814815 0.000000 0.000000
0.000000 0.000000 0.000000 1.000000 0.000000 0.200000 0.000000
0.029731 0.000000 0.160460 0.000000 0.185185 0.255776 0.000000
0.000000 0.000000 0.000000 0.000000 0.000000 0.466667 1.000000
# New slice
0.749971 0.999934 0.000010 0.000004 0.000004 0.000010 0.000102
0.000094 0.000012 0.000000 0.049648 0.012107 0.052342 0.016828
0.249813 0.000011 0.480947 0.151425 0.000048 0.000034 0.859062
0.000046 0.000011 0.518987 0.000017 0.608008 0.000031 0.000411
0.000027 0.000011 0.000019 0.798886 0.000008 0.947542 0.000185
0.000041 0.000011 0.000028 0.000016 0.379824 0.000025 0.123374
0.000009 0.000011 0.000009 0.000004 0.000000 0.000016 0.000037
# New slice
0.749756 0.999716 0.000053 0.000028 0.000020 0.000037 0.000232
0.218204 0.000058 0.000547 0.011043 0.000507 0.000096 0.000616
0.031547 0.000055 0.668126 0.083728 0.068358 0.000087 0.362473
0.000172 0.000055 0.330254 0.000115 0.541831 0.000069 0.595640
0.000106 0.000053 0.000104 0.904753 0.000038 0.999615 0.000362
0.000213 0.000057 0.000915 0.000332 0.389245 0.000095 0.040671
0.000002 0.000007 0.000001 0.000001 0.000000 0.000001 0.000007
# New slice
0.625000 1.000000 0.000000 0.000000 0.000000 0.000000 0.000000
0.000000 0.000000 0.166667 0.000000 0.000000 0.000000 0.000000
0.366542 0.000000 0.509742 0.000000 0.000000 0.268251 0.000000
0.000000 0.000000 0.000000 0.000000 0.689655 0.000000 0.000000
0.000000 0.000000 0.000000 1.000000 0.000000 0.454545 0.000000
0.008458 0.000000 0.323592 0.000000 0.310345 0.004476 0.000000
0.000000 0.000000 0.000000 0.000000 0.000000 0.272727 1.000000
# New slice
0.714280 0.999985 0.000002 0.000001 0.000001 0.000001 0.000002
0.000041 0.000002 0.083287 0.000002 0.000004 0.000010 0.000002
0.234018 0.000002 0.446773 0.000002 0.000006 0.000031 0.000002
0.000021 0.000002 0.000012 0.000002 0.671983 0.000008 0.000002
0.022500 0.000003 0.170283 0.999991 0.000006 0.061472 0.000002
0.029136 0.000003 0.299641 0.000002 0.327999 0.000025 0.000002
0.000004 0.000002 0.000002 0.000001 0.000001 0.938454 0.999988
# New slice
0.714286 1.000000 0.000000 0.000000 0.000000 0.000000 0.000000
0.000000 0.000000 0.142857 0.000000 0.000000 0.000000 0.000000
0.000000 0.000000 0.000000 0.892857 0.000000 0.000000 0.000000
0.000000 0.000000 0.000000 0.000000 0.739130 0.000000 0.000000
0.285714 0.000000 0.857143 0.107143 0.260870 1.000000 0.144737
0.000000 0.000000 0.000000 0.000000 0.000000 0.000000 0.855263
0.000000 0.000000 0.000000 0.000000 0.000000 0.000000 0.000000
# New slice
0.999999 0.999999 0.172214 0.000000 0.013893 0.000000 0.000000
0.000000 0.000000 0.066666 0.000000 0.000000 0.000000 0.000000
0.000000 0.000000 0.000000 0.999999 0.000000 0.000000 0.000000
0.000000 0.000000 0.000000 0.000000 0.666666 0.000000 0.000000
0.000000 0.000000 0.761119 0.000000 0.086107 0.999999 0.000000
0.000000 0.000000 0.000001 0.000000 0.233333 0.000000 0.999999
0.000000 0.000000 0.000000 0.000000 0.000000 0.000000 0.000000
# New slice
1.000000 1.000000 0.000000 0.000000 0.000000 0.000000 0.000000
0.000000 0.000000 0.058824 0.000000 0.000000 0.000000 0.000000
0.000000 0.000000 0.811071 0.000000 0.000000 0.015128 0.000000
0.000000 0.000000 0.000000 0.000000 0.666667 0.000000 0.000000
0.000000 0.000000 0.000000 1.000000 0.000000 0.500000 0.000000
0.000000 0.000000 0.130106 0.000000 0.333333 0.127729 1.000000
0.000000 0.000000 0.000000 0.000000 0.000000 0.357143 0.000000
# New slice
