-9.994229674339294434e-01 -9.928861260414123535e-01 -9.999991059303283691e-01 -1.000000000000000000e+00 -8.702738285064697266e-01 -1.000000000000000000e+00 -9.998401999473571777e-01 -9.992464184761047363e-01 -7.010629773139953613e-01 -9.999482035636901855e-01 -9.997016191482543945e-01 -7.808225750923156738e-01 -1.119017675518989563e-01 -1.000000000000000000e+00 7.981211543083190918e-01 -9.987593293190002441e-01
-9.993435740470886230e-01 -9.904801249504089355e-01 -9.999992251396179199e-01 -1.000000000000000000e+00 -8.966059088706970215e-01 -1.000000000000000000e+00 -9.998121857643127441e-01 -9.993327856063842773e-01 -6.940988898277282715e-01 -9.999242424964904785e-01 -9.996942877769470215e-01 -8.325294852256774902e-01 -1.639085114002227783e-01 -1.000000000000000000e+00 7.916595339775085449e-01 -9.988446235656738281e-01
-9.993408918380737305e-01 -9.908245801925659180e-01 -9.999992847442626953e-01 -1.000000000000000000e+00 -8.971048593521118164e-01 -1.000000000000000000e+00 -9.998152852058410645e-01 -9.993423819541931152e-01 -6.664772033691406250e-01 -9.999257326126098633e-01 -9.996975064277648926e-01 -8.319818973541259766e-01 -1.211123764514923096e-01 -1.000000000000000000e+00 7.994257211685180664e-01 -9.989051222801208496e-01
-9.993685483932495117e-01 -9.911414384841918945e-01 -9.999994635581970215e-01 -1.000000000000000000e+00 -8.966999053955078125e-01 -1.000000000000000000e+00 -9.998210072517395020e-01 -9.993498921394348145e-01 -6.692514419555664062e-01 -9.999280571937561035e-01 -9.997074007987976074e-01 -8.326769471168518066e-01 -1.246675252914428711e-01 -1.000000000000000000e+00 7.995418310165405273e-01 -9.989363551139831543e-01
-9.993674159049987793e-01 -9.911280870437622070e-01 -9.999992251396179199e-01 -1.000000000000000000e+00 -8.967761397361755371e-01 -1.000000000000000000e+00 -9.998206496238708496e-01 -9.993497133255004883e-01 -6.693963408470153809e-01 -9.999279379844665527e-01 -9.997070431709289551e-01 -8.327203392982482910e-01 -1.248041167855262756e-01 -1.000000000000000000e+00 7.995437383651733398e-01 -9.989350438117980957e-01
-9.993674159049987793e-01 -9.911280870437622070e-01 -9.999992251396179199e-01 -1.000000000000000000e+00 -8.967761397361755371e-01 -1.000000000000000000e+00 -9.998206496238708496e-01 -9.993497133255004883e-01 -6.693963408470153809e-01 -9.999279379844665527e-01 -9.997070431709289551e-01 -8.327203392982482910e-01 -1.248041167855262756e-01 -1.000000000000000000e+00 7.995437383651733398e-01 -9.989350438117980957e-01
-9.993674159049987793e-01 -9.911280870437622070e-01 -9.999992251396179199e-01 -1.000000000000000000e+00 -8.967761397361755371e-01 -1.000000000000000000e+00 -9.998206496238708496e-01 -9.993497133255004883e-01 -6.693963408470153809e-01 -9.999279379844665527e-01 -9.997070431709289551e-01 -8.327203392982482910e-01 -1.248041167855262756e-01 -1.000000000000000000e+00 7.995437383651733398e-01 -9.989350438117980957e-01
-9.993674159049987793e-01 -9.911280870437622070e-01 -9.999992251396179199e-01 -1.000000000000000000e+00 -8.967761397361755371e-01 -1.000000000000000000e+00 -9.998206496238708496e-01 -9.993497133255004883e-01 -6.693963408470153809e-01 -9.999279379844665527e-01 -9.997070431709289551e-01 -8.327203392982482910e-01 -1.248041167855262756e-01 -1.000000000000000000e+00 7.995437383651733398e-01 -9.989350438117980957e-01
-9.993674159049987793e-01 -9.911280870437622070e-01 -9.999992251396179199e-01 -1.000000000000000000e+00 -8.967761397361755371e-01 -1.000000000000000000e+00 -9.998206496238708496e-01 -9.993497133255004883e-01 -6.693963408470153809e-01 -9.999279379844665527e-01 -9.997070431709289551e-01 -8.327203392982482910e-01 -1.248041167855262756e-01 -1.000000000000000000e+00 7.995437383651733398e-01 -9.989350438117980957e-01
-9.993674159049987793e-01 -9.911280870437622070e-01 -9.999992251396179199e-01 -1.000000000000000000e+00 -8.967761397361755371e-01 -1.000000000000000000e+00 -9.998206496238708496e-01 -9.993497133255004883e-01 -6.693963408470153809e-01 -9.999279379844665527e-01 -9.997070431709289551e-01 -8.327203392982482910e-01 -1.248041167855262756e-01 -1.000000000000000000e+00 7.995437383651733398e-01 -9.989350438117980957e-01
-9.993674159049987793e-01 -9.911280870437622070e-01 -9.999992251396179199e-01 -1.000000000000000000e+00 -8.967761397361755371e-01 -1.000000000000000000e+00 -9.998206496238708496e-01 -9.993497133255004883e-01 -6.693963408470153809e-01 -9.999279379844665527e-01 -9.997070431709289551e-01 -8.327203392982482910e-01 -1.248041167855262756e-01 -1.000000000000000000e+00 7.995437383651733398e-01 -9.989350438117980957e-01
-9.993674159049987793e-01 -9.911280870437622070e-01 -9.999992251396179199e-01 -1.000000000000000000e+00 -8.967761397361755371e-01 -1.000000000000000000e+00 -9.998206496238708496e-01 -9.993497133255004883e-01 -6.693963408470153809e-01 -9.999279379844665527e-01 -9.997070431709289551e-01 -8.327203392982482910e-01 -1.248041167855262756e-01 -1.000000000000000000e+00 7.995437383651733398e-01 -9.989350438117980957e-01
-9.993674159049987793e-01 -9.911280870437622070e-01 -9.999992251396179199e-01 -1.000000000000000000e+00 -8.967761397361755371e-01 -1.000000000000000000e+00 -9.998206496238708496e-01 -9.993497133255004883e-01 -6.693963408470153809e-01 -9.999279379844665527e-01 -9.997070431709289551e-01 -8.327203392982482910e-01 -1.248041167855262756e-01 -1.000000000000000000e+00 7.995437383651733398e-01 -9.989350438117980957e-01
-9.993674159049987793e-01 -9.911280870437622070e-01 -9.999992251396179199e-01 -1.000000000000000000e+00 -8.967761397361755371e-01 -1.000000000000000000e+00 -9.998206496238708496e-01 -9.993497133255004883e-01 -6.693963408470153809e-01 -9.999279379844665527e-01 -9.997070431709289551e-01 -8.327203392982482910e-01 -1.248041167855262756e-01 -1.000000000000000000e+00 7.995437383651733398e-01 -9.989350438117980957e-01
-9.993674159049987793e-01 -9.911280870437622070e-01 -9.999992251396179199e-01 -1.000000000000000000e+00 -8.967761397361755371e-01 -1.000000000000000000e+00 -9.998206496238708496e-01 -9.993497133255004883e-01 -6.693963408470153809e-01 -9.999279379844665527e-01 -9.997070431709289551e-01 -8.327203392982482910e-01 -1.248041167855262756e-01 -1.000000000000000000e+00 7.995437383651733398e-01 -9.989350438117980957e-01
-9.993674159049987793e-01 -9.911280870437622070e-01 -9.999992251396179199e-01 -1.000000000000000000e+00 -8.967761397361755371e-01 -1.000000000000000000e+00 -9.998206496238708496e-01 -9.993497133255004883e-01 -6.693963408470153809e-01 -9.999279379844665527e-01 -9.997070431709289551e-01 -8.327203392982482910e-01 -1.248041167855262756e-01 -1.000000000000000000e+00 7.995437383651733398e-01 -9.989350438117980957e-01
-9.993674159049987793e-01 -9.911280870437622070e-01 -9.999992251396179199e-01 -1.000000000000000000e+00 -8.967761397361755371e-01 -1.000000000000000000e+00 -9.998206496238708496e-01 -9.993497133255004883e-01 -6.693963408470153809e-01 -9.999279379844665527e-01 -9.997070431709289551e-01 -8.327203392982482910e-01 -1.248041167855262756e-01 -1.000000000000000000e+00 7.995437383651733398e-01 -9.989350438117980957e-01
-9.993674159049987793e-01 -9.911280870437622070e-01 -9.999992251396179199e-01 -1.000000000000000000e+00 -8.967761397361755371e-01 -1.000000000000000000e+00 -9.998206496238708496e-01 -9.993497133255004883e-01 -6.693963408470153809e-01 -9.999279379844665527e-01 -9.997070431709289551e-01 -8.327203392982482910e-01 -1.248041167855262756e-01 -1.000000000000000000e+00 7.995437383651733398e-01 -9.989350438117980957e-01
-9.993674159049987793e-01 -9.911280870437622070e-01 -9.999992251396179199e-01 -1.000000000000000000e+00 -8.967761397361755371e-01 -1.000000000000000000e+00 -9.998206496238708496e-01 -9.993497133255004883e-01 -6.693963408470153809e-01 -9.999279379844665527e-01 -9.997070431709289551e-01 -8.327203392982482910e-01 -1.248041167855262756e-01 -1.000000000000000000e+00 7.995437383651733398e-01 -9.989350438117980957e-01
-9.993674159049987793e-01 -9.911280870437622070e-01 -9.999992251396179199e-01 -1.000000000000000000e+00 -8.967761397361755371e-01 -1.000000000000000000e+00 -9.998206496238708496e-01 -9.993497133255004883e-01 -6.693963408470153809e-01 -9.999279379844665527e-01 -9.997070431709289551e-01 -8.327203392982482910e-01 -1.248041167855262756e-01 -1.000000000000000000e+00 7.995437383651733398e-01 -9.989350438117980957e-01
-9.993674159049987793e-01 -9.911280870437622070e-01 -9.999992251396179199e-01 -1.000000000000000000e+00 -8.967761397361755371e-01 -1.000000000000000000e+00 -9.998206496238708496e-01 -9.993497133255004883e-01 -6.693963408470153809e-01 -9.999279379844665527e-01 -9.997070431709289551e-01 -8.327203392982482910e-01 -1.248041167855262756e-01 -1.000000000000000000e+00 7.995437383651733398e-01 -9.989350438117980957e-01
-9.993674159049987793e-01 -9.911280870437622070e-01 -9.999992251396179199e-01 -1.000000000000000000e+00 -8.967761397361755371e-01 -1.000000000000000000e+00 -9.998206496238708496e-01 -9.993497133255004883e-01 -6.693963408470153809e-01 -9.999279379844665527e-01 -9.997070431709289551e-01 -8.327203392982482910e-01 -1.248041167855262756e-01 -1.000000000000000000e+00 7.995437383651733398e-01 -9.989350438117980957e-01
-9.993674159049987793e-01 -9.911280870437622070e-01 -9.999992251396179199e-01 -1.000000000000000000e+00 -8.967761397361755371e-01 -1.000000000000000000e+00 -9.998206496238708496e-01 -9.993497133255004883e-01 -6.693963408470153809e-01 -9.999279379844665527e-01 -9.997070431709289551e-01 -8.327203392982482910e-01 -1.248041167855262756e-01 -1.000000000000000000e+00 7.995437383651733398e-01 -9.989350438117980957e-01
-9.993674159049987793e-01 -9.911280870437622070e-01 -9.999992251396179199e-01 -1.000000000000000000e+00 -8.967761397361755371e-01 -1.000000000000000000e+00 -9.998206496238708496e-01 -9.993497133255004883e-01 -6.693963408470153809e-01 -9.999279379844665527e-01 -9.997070431709289551e-01 -8.327203392982482910e-01 -1.248041167855262756e-01 -1.000000000000000000e+00 7.995437383651733398e-01 -9.989350438117980957e-01
-9.993674159049987793e-01 -9.911280870437622070e-01 -9.999992251396179199e-01 -1.000000000000000000e+00 -8.967761397361755371e-01 -1.000000000000000000e+00 -9.998206496238708496e-01 -9.993497133255004883e-01 -6.693963408470153809e-01 -9.999279379844665527e-01 -9.997070431709289551e-01 -8.327203392982482910e-01 -1.248041167855262756e-01 -1.000000000000000000e+00 7.995437383651733398e-01 -9.989350438117980957e-01
-9.993674159049987793e-01 -9.911280870437622070e-01 -9.999992251396179199e-01 -1.000000000000000000e+00 -8.967761397361755371e-01 -1.000000000000000000e+00 -9.998206496238708496e-01 -9.993497133255004883e-01 -6.693963408470153809e-01 -9.999279379844665527e-01 -9.997070431709289551e-01 -8.327203392982482910e-01 -1.248041167855262756e-01 -1.000000000000000000e+00 7.995437383651733398e-01 -9.989350438117980957e-01
-9.993674159049987793e-01 -9.911280870437622070e-01 -9.999992251396179199e-01 -1.000000000000000000e+00 -8.967761397361755371e-01 -1.000000000000000000e+00 -9.998206496238708496e-01 -9.993497133255004883e-01 -6.693963408470153809e-01 -9.999279379844665527e-01 -9.997070431709289551e-01 -8.327203392982482910e-01 -1.248041167855262756e-01 -1.000000000000000000e+00 7.995437383651733398e-01 -9.989350438117980957e-01
-9.993674159049987793e-01 -9.911280870437622070e-01 -9.999992251396179199e-01 -1.000000000000000000e+00 -8.967761397361755371e-01 -1.000000000000000000e+00 -9.998206496238708496e-01 -9.993497133255004883e-01 -6.693963408470153809e-01 -9.999279379844665527e-01 -9.997070431709289551e-01 -8.327203392982482910e-01 -1.248041167855262756e-01 -1.000000000000000000e+00 7.995437383651733398e-01 -9.989350438117980957e-01
-9.993674159049987793e-01 -9.911280870437622070e-01 -9.999992251396179199e-01 -1.000000000000000000e+00 -8.967761397361755371e-01 -1.000000000000000000e+00 -9.998206496238708496e-01 -9.993497133255004883e-01 -6.693963408470153809e-01 -9.999279379844665527e-01 -9.997070431709289551e-01 -8.327203392982482910e-01 -1.248041167855262756e-01 -1.000000000000000000e+00 7.995437383651733398e-01 -9.989350438117980957e-01
-9.993674159049987793e-01 -9.911280870437622070e-01 -9.999992251396179199e-01 -1.000000000000000000e+00 -8.967761397361755371e-01 -1.000000000000000000e+00 -9.998206496238708496e-01 -9.993497133255004883e-01 -6.693963408470153809e-01 -9.999279379844665527e-01 -9.997070431709289551e-01 -8.327203392982482910e-01 -1.248041167855262756e-01 -1.000000000000000000e+00 7.995437383651733398e-01 -9.989350438117980957e-01
-9.993674755096435547e-01 -9.911280870437622070e-01 -9.999992847442626953e-01 -1.000000000000000000e+00 -8.967763185501098633e-01 -1.000000000000000000e+00 -9.998206496238708496e-01 -9.993497133255004883e-01 -6.693971157073974609e-01 -9.999279379844665527e-01 -9.997070431709289551e-01 -8.327203989028930664e-01 -1.248041167855262756e-01 -1.000000000000000000e+00 7.995439171791076660e-01 -9.989350438117980957e-01
-9.993674755096435547e-01 -9.911280870437622070e-01 -9.999992847442626953e-01 -1.000000000000000000e+00 -8.967763185501098633e-01 -1.000000000000000000e+00 -9.998206496238708496e-01 -9.993497133255004883e-01 -6.693971157073974609e-01 -9.999279379844665527e-01 -9.997070431709289551e-01 -8.327203989028930664e-01 -1.248041167855262756e-01 -1.000000000000000000e+00 7.995439171791076660e-01 -9.989350438117980957e-01
-9.993674159049987793e-01 -9.911280870437622070e-01 -9.999992251396179199e-01 -1.000000000000000000e+00 -8.967761397361755371e-01 -1.000000000000000000e+00 -9.998206496238708496e-01 -9.993497133255004883e-01 -6.693963408470153809e-01 -9.999279379844665527e-01 -9.997070431709289551e-01 -8.327203392982482910e-01 -1.248041167855262756e-01 -1.000000000000000000e+00 7.995437383651733398e-01 -9.989350438117980957e-01
-9.993674159049987793e-01 -9.911280870437622070e-01 -9.999992251396179199e-01 -1.000000000000000000e+00 -8.967761397361755371e-01 -1.000000000000000000e+00 -9.998206496238708496e-01 -9.993497133255004883e-01 -6.693963408470153809e-01 -9.999279379844665527e-01 -9.997070431709289551e-01 -8.327203392982482910e-01 -1.248041167855262756e-01 -1.000000000000000000e+00 7.995437383651733398e-01 -9.989350438117980957e-01
-9.993674159049987793e-01 -9.911280870437622070e-01 -9.999992251396179199e-01 -1.000000000000000000e+00 -8.967761397361755371e-01 -1.000000000000000000e+00 -9.998206496238708496e-01 -9.993497133255004883e-01 -6.693963408470153809e-01 -9.999279379844665527e-01 -9.997070431709289551e-01 -8.327203392982482910e-01 -1.248041167855262756e-01 -1.000000000000000000e+00 7.995437383651733398e-01 -9.989350438117980957e-01
-9.993674159049987793e-01 -9.911280870437622070e-01 -9.999992251396179199e-01 -1.000000000000000000e+00 -8.967761397361755371e-01 -1.000000000000000000e+00 -9.998206496238708496e-01 -9.993497133255004883e-01 -6.693963408470153809e-01 -9.999279379844665527e-01 -9.997070431709289551e-01 -8.327203392982482910e-01 -1.248041167855262756e-01 -1.000000000000000000e+00 7.995437383651733398e-01 -9.989350438117980957e-01
-9.993674159049987793e-01 -9.911280870437622070e-01 -9.999992251396179199e-01 -1.000000000000000000e+00 -8.967761397361755371e-01 -1.000000000000000000e+00 -9.998206496238708496e-01 -9.993497133255004883e-01 -6.693963408470153809e-01 -9.999279379844665527e-01 -9.997070431709289551e-01 -8.327203392982482910e-01 -1.248041167855262756e-01 -1.000000000000000000e+00 7.995437383651733398e-01 -9.989350438117980957e-01
-9.993674159049987793e-01 -9.911280870437622070e-01 -9.999992251396179199e-01 -1.000000000000000000e+00 -8.967761397361755371e-01 -1.000000000000000000e+00 -9.998206496238708496e-01 -9.993497133255004883e-01 -6.693963408470153809e-01 -9.999279379844665527e-01 -9.997070431709289551e-01 -8.327203392982482910e-01 -1.248041167855262756e-01 -1.000000000000000000e+00 7.995437383651733398e-01 -9.989350438117980957e-01
-9.993674159049987793e-01 -9.911280870437622070e-01 -9.999992251396179199e-01 -1.000000000000000000e+00 -8.967761397361755371e-01 -1.000000000000000000e+00 -9.998206496238708496e-01 -9.993497133255004883e-01 -6.693963408470153809e-01 -9.999279379844665527e-01 -9.997070431709289551e-01 -8.327203392982482910e-01 -1.248041167855262756e-01 -1.000000000000000000e+00 7.995437383651733398e-01 -9.989350438117980957e-01
-9.993674159049987793e-01 -9.911280870437622070e-01 -9.999992251396179199e-01 -1.000000000000000000e+00 -8.967761397361755371e-01 -1.000000000000000000e+00 -9.998206496238708496e-01 -9.993497133255004883e-01 -6.693963408470153809e-01 -9.999279379844665527e-01 -9.997070431709289551e-01 -8.327203392982482910e-01 -1.248041167855262756e-01 -1.000000000000000000e+00 7.995437383651733398e-01 -9.989350438117980957e-01
-9.993674159049987793e-01 -9.911280870437622070e-01 -9.999992251396179199e-01 -1.000000000000000000e+00 -8.967761397361755371e-01 -1.000000000000000000e+00 -9.998206496238708496e-01 -9.993497133255004883e-01 -6.693963408470153809e-01 -9.999279379844665527e-01 -9.997070431709289551e-01 -8.327203392982482910e-01 -1.248041167855262756e-01 -1.000000000000000000e+00 7.995437383651733398e-01 -9.989350438117980957e-01
-9.993674159049987793e-01 -9.911280870437622070e-01 -9.999992251396179199e-01 -1.000000000000000000e+00 -8.967761397361755371e-01 -1.000000000000000000e+00 -9.998206496238708496e-01 -9.993497133255004883e-01 -6.693963408470153809e-01 -9.999279379844665527e-01 -9.997070431709289551e-01 -8.327203392982482910e-01 -1.248041167855262756e-01 -1.000000000000000000e+00 7.995437383651733398e-01 -9.989350438117980957e-01
-9.993674159049987793e-01 -9.911280870437622070e-01 -9.999992251396179199e-01 -1.000000000000000000e+00 -8.967761397361755371e-01 -1.000000000000000000e+00 -9.998206496238708496e-01 -9.993497133255004883e-01 -6.693963408470153809e-01 -9.999279379844665527e-01 -9.997070431709289551e-01 -8.327203392982482910e-01 -1.248041167855262756e-01 -1.000000000000000000e+00 7.995437383651733398e-01 -9.989350438117980957e-01
-9.993674159049987793e-01 -9.911280870437622070e-01 -9.999992251396179199e-01 -1.000000000000000000e+00 -8.967761397361755371e-01 -1.000000000000000000e+00 -9.998206496238708496e-01 -9.993497133255004883e-01 -6.693963408470153809e-01 -9.999279379844665527e-01 -9.997070431709289551e-01 -8.327203392982482910e-01 -1.248041167855262756e-01 -1.000000000000000000e+00 7.995437383651733398e-01 -9.989350438117980957e-01
-9.993674159049987793e-01 -9.911280870437622070e-01 -9.999992251396179199e-01 -1.000000000000000000e+00 -8.967761397361755371e-01 -1.000000000000000000e+00 -9.998206496238708496e-01 -9.993497133255004883e-01 -6.693963408470153809e-01 -9.999279379844665527e-01 -9.997070431709289551e-01 -8.327203392982482910e-01 -1.248041167855262756e-01 -1.000000000000000000e+00 7.995437383651733398e-01 -9.989350438117980957e-01
-9.993674159049987793e-01 -9.911280870437622070e-01 -9.999992251396179199e-01 -1.000000000000000000e+00 -8.967761397361755371e-01 -1.000000000000000000e+00 -9.998206496238708496e-01 -9.993497133255004883e-01 -6.693963408470153809e-01 -9.999279379844665527e-01 -9.997070431709289551e-01 -8.327203392982482910e-01 -1.248041167855262756e-01 -1.000000000000000000e+00 7.995437383651733398e-01 -9.989350438117980957e-01
-9.993674159049987793e-01 -9.911280870437622070e-01 -9.999992251396179199e-01 -1.000000000000000000e+00 -8.967761397361755371e-01 -1.000000000000000000e+00 -9.998206496238708496e-01 -9.993497133255004883e-01 -6.693963408470153809e-01 -9.999279379844665527e-01 -9.997070431709289551e-01 -8.327203392982482910e-01 -1.248041167855262756e-01 -1.000000000000000000e+00 7.995437383651733398e-01 -9.989350438117980957e-01
-9.993674159049987793e-01 -9.911280870437622070e-01 -9.999992251396179199e-01 -1.000000000000000000e+00 -8.967761397361755371e-01 -1.000000000000000000e+00 -9.998206496238708496e-01 -9.993497133255004883e-01 -6.693963408470153809e-01 -9.999279379844665527e-01 -9.997070431709289551e-01 -8.327203392982482910e-01 -1.248041167855262756e-01 -1.000000000000000000e+00 7.995437383651733398e-01 -9.989350438117980957e-01
-9.993674159049987793e-01 -9.911280870437622070e-01 -9.999992251396179199e-01 -1.000000000000000000e+00 -8.967761397361755371e-01 -1.000000000000000000e+00 -9.998206496238708496e-01 -9.993497133255004883e-01 -6.693963408470153809e-01 -9.999279379844665527e-01 -9.997070431709289551e-01 -8.327203392982482910e-01 -1.248041167855262756e-01 -1.000000000000000000e+00 7.995437383651733398e-01 -9.989350438117980957e-01
-9.993674159049987793e-01 -9.911280870437622070e-01 -9.999992251396179199e-01 -1.000000000000000000e+00 -8.967761397361755371e-01 -1.000000000000000000e+00 -9.998206496238708496e-01 -9.993497133255004883e-01 -6.693963408470153809e-01 -9.999279379844665527e-01 -9.997070431709289551e-01 -8.327203392982482910e-01 -1.248041167855262756e-01 -1.000000000000000000e+00 7.995437383651733398e-01 -9.989350438117980957e-01
-9.993674159049987793e-01 -9.911280870437622070e-01 -9.999992251396179199e-01 -1.000000000000000000e+00 -8.967761397361755371e-01 -1.000000000000000000e+00 -9.998206496238708496e-01 -9.993497133255004883e-01 -6.693963408470153809e-01 -9.999279379844665527e-01 -9.997070431709289551e-01 -8.327203392982482910e-01 -1.248041167855262756e-01 -1.000000000000000000e+00 7.995437383651733398e-01 -9.989350438117980957e-01
-9.993674159049987793e-01 -9.911280870437622070e-01 -9.999992251396179199e-01 -1.000000000000000000e+00 -8.967761397361755371e-01 -1.000000000000000000e+00 -9.998206496238708496e-01 -9.993497133255004883e-01 -6.693963408470153809e-01 -9.999279379844665527e-01 -9.997070431709289551e-01 -8.327203392982482910e-01 -1.248041167855262756e-01 -1.000000000000000000e+00 7.995437383651733398e-01 -9.989350438117980957e-01
-9.993674159049987793e-01 -9.911280870437622070e-01 -9.999992251396179199e-01 -1.000000000000000000e+00 -8.967761397361755371e-01 -1.000000000000000000e+00 -9.998206496238708496e-01 -9.993497133255004883e-01 -6.693963408470153809e-01 -9.999279379844665527e-01 -9.997070431709289551e-01 -8.327203392982482910e-01 -1.248041167855262756e-01 -1.000000000000000000e+00 7.995437383651733398e-01 -9.989350438117980957e-01
-9.993674159049987793e-01 -9.911280870437622070e-01 -9.999992251396179199e-01 -1.000000000000000000e+00 -8.967761397361755371e-01 -1.000000000000000000e+00 -9.998206496238708496e-01 -9.993497133255004883e-01 -6.693963408470153809e-01 -9.999279379844665527e-01 -9.997070431709289551e-01 -8.327203392982482910e-01 -1.248041167855262756e-01 -1.000000000000000000e+00 7.995437383651733398e-01 -9.989350438117980957e-01
-9.993674159049987793e-01 -9.911280870437622070e-01 -9.999992251396179199e-01 -1.000000000000000000e+00 -8.967761397361755371e-01 -1.000000000000000000e+00 -9.998206496238708496e-01 -9.993497133255004883e-01 -6.693963408470153809e-01 -9.999279379844665527e-01 -9.997070431709289551e-01 -8.327203392982482910e-01 -1.248041167855262756e-01 -1.000000000000000000e+00 7.995437383651733398e-01 -9.989350438117980957e-01
-9.993674159049987793e-01 -9.911280870437622070e-01 -9.999992251396179199e-01 -1.000000000000000000e+00 -8.967761397361755371e-01 -1.000000000000000000e+00 -9.998206496238708496e-01 -9.993497133255004883e-01 -6.693963408470153809e-01 -9.999279379844665527e-01 -9.997070431709289551e-01 -8.327203392982482910e-01 -1.248041167855262756e-01 -1.000000000000000000e+00 7.995437383651733398e-01 -9.989350438117980957e-01
-9.993674159049987793e-01 -9.911280870437622070e-01 -9.999992251396179199e-01 -1.000000000000000000e+00 -8.967761397361755371e-01 -1.000000000000000000e+00 -9.998206496238708496e-01 -9.993497133255004883e-01 -6.693963408470153809e-01 -9.999279379844665527e-01 -9.997070431709289551e-01 -8.327203392982482910e-01 -1.248041167855262756e-01 -1.000000000000000000e+00 7.995437383651733398e-01 -9.989350438117980957e-01
-9.993674159049987793e-01 -9.911280870437622070e-01 -9.999992251396179199e-01 -1.000000000000000000e+00 -8.967761397361755371e-01 -1.000000000000000000e+00 -9.998206496238708496e-01 -9.993497133255004883e-01 -6.693963408470153809e-01 -9.999279379844665527e-01 -9.997070431709289551e-01 -8.327203392982482910e-01 -1.248041167855262756e-01 -1.000000000000000000e+00 7.995437383651733398e-01 -9.989350438117980957e-01
-9.993674159049987793e-01 -9.911280870437622070e-01 -9.999992251396179199e-01 -1.000000000000000000e+00 -8.967761397361755371e-01 -1.000000000000000000e+00 -9.998206496238708496e-01 -9.993497133255004883e-01 -6.693963408470153809e-01 -9.999279379844665527e-01 -9.997070431709289551e-01 -8.327203392982482910e-01 -1.248041167855262756e-01 -1.000000000000000000e+00 7.995437383651733398e-01 -9.989350438117980957e-01
-9.993674159049987793e-01 -9.911280870437622070e-01 -9.999992251396179199e-01 -1.000000000000000000e+00 -8.967761397361755371e-01 -1.000000000000000000e+00 -9.998206496238708496e-01 -9.993497133255004883e-01 -6.693963408470153809e-01 -9.999279379844665527e-01 -9.997070431709289551e-01 -8.327203392982482910e-01 -1.248041167855262756e-01 -1.000000000000000000e+00 7.995437383651733398e-01 -9.989350438117980957e-01
-9.993674159049987793e-01 -9.911280870437622070e-01 -9.999992251396179199e-01 -1.000000000000000000e+00 -8.967761397361755371e-01 -1.000000000000000000e+00 -9.998206496238708496e-01 -9.993497133255004883e-01 -6.693963408470153809e-01 -9.999279379844665527e-01 -9.997070431709289551e-01 -8.327203392982482910e-01 -1.248041167855262756e-01 -1.000000000000000000e+00 7.995437383651733398e-01 -9.989350438117980957e-01
-9.993674159049987793e-01 -9.911280870437622070e-01 -9.999992251396179199e-01 -1.000000000000000000e+00 -8.967761397361755371e-01 -1.000000000000000000e+00 -9.998206496238708496e-01 -9.993497133255004883e-01 -6.693963408470153809e-01 -9.999279379844665527e-01 -9.997070431709289551e-01 -8.327203392982482910e-01 -1.248041167855262756e-01 -1.000000000000000000e+00 7.995437383651733398e-01 -9.989350438117980957e-01
-9.993674755096435547e-01 -9.911280870437622070e-01 -9.999992847442626953e-01 -1.000000000000000000e+00 -8.967763185501098633e-01 -1.000000000000000000e+00 -9.998206496238708496e-01 -9.993497133255004883e-01 -6.693971157073974609e-01 -9.999279379844665527e-01 -9.997070431709289551e-01 -8.327203989028930664e-01 -1.248041167855262756e-01 -1.000000000000000000e+00 7.995439171791076660e-01 -9.989350438117980957e-01
-9.993674755096435547e-01 -9.911280870437622070e-01 -9.999992847442626953e-01 -1.000000000000000000e+00 -8.967763185501098633e-01 -1.000000000000000000e+00 -9.998206496238708496e-01 -9.993497133255004883e-01 -6.693971157073974609e-01 -9.999279379844665527e-01 -9.997070431709289551e-01 -8.327203989028930664e-01 -1.248041167855262756e-01 -1.000000000000000000e+00 7.995439171791076660e-01 -9.989350438117980957e-01
-9.993674159049987793e-01 -9.911280870437622070e-01 -9.999992251396179199e-01 -1.000000000000000000e+00 -8.967761397361755371e-01 -1.000000000000000000e+00 -9.998206496238708496e-01 -9.993497133255004883e-01 -6.693963408470153809e-01 -9.999279379844665527e-01 -9.997070431709289551e-01 -8.327203392982482910e-01 -1.248041167855262756e-01 -1.000000000000000000e+00 7.995437383651733398e-01 -9.989350438117980957e-01
-9.993674159049987793e-01 -9.911280870437622070e-01 -9.999992251396179199e-01 -1.000000000000000000e+00 -8.967761397361755371e-01 -1.000000000000000000e+00 -9.998206496238708496e-01 -9.993497133255004883e-01 -6.693963408470153809e-01 -9.999279379844665527e-01 -9.997070431709289551e-01 -8.327203392982482910e-01 -1.248041167855262756e-01 -1.000000000000000000e+00 7.995437383651733398e-01 -9.989350438117980957e-01
-9.993674159049987793e-01 -9.911280870437622070e-01 -9.999992251396179199e-01 -1.000000000000000000e+00 -8.967761397361755371e-01 -1.000000000000000000e+00 -9.998206496238708496e-01 -9.993497133255004883e-01 -6.693963408470153809e-01 -9.999279379844665527e-01 -9.997070431709289551e-01 -8.327203392982482910e-01 -1.248041167855262756e-01 -1.000000000000000000e+00 7.995437383651733398e-01 -9.989350438117980957e-01
-9.993674159049987793e-01 -9.911280870437622070e-01 -9.999992251396179199e-01 -1.000000000000000000e+00 -8.967761397361755371e-01 -1.000000000000000000e+00 -9.998206496238708496e-01 -9.993497133255004883e-01 -6.693963408470153809e-01 -9.999279379844665527e-01 -9.997070431709289551e-01 -8.327203392982482910e-01 -1.248041167855262756e-01 -1.000000000000000000e+00 7.995437383651733398e-01 -9.989350438117980957e-01
-9.993674159049987793e-01 -9.911280870437622070e-01 -9.999992251396179199e-01 -1.000000000000000000e+00 -8.967761397361755371e-01 -1.000000000000000000e+00 -9.998206496238708496e-01 -9.993497133255004883e-01 -6.693963408470153809e-01 -9.999279379844665527e-01 -9.997070431709289551e-01 -8.327203392982482910e-01 -1.248041167855262756e-01 -1.000000000000000000e+00 7.995437383651733398e-01 -9.989350438117980957e-01
-9.993674159049987793e-01 -9.911280870437622070e-01 -9.999992251396179199e-01 -1.000000000000000000e+00 -8.967761397361755371e-01 -1.000000000000000000e+00 -9.998206496238708496e-01 -9.993497133255004883e-01 -6.693963408470153809e-01 -9.999279379844665527e-01 -9.997070431709289551e-01 -8.327203392982482910e-01 -1.248041167855262756e-01 -1.000000000000000000e+00 7.995437383651733398e-01 -9.989350438117980957e-01
-9.993674159049987793e-01 -9.911280870437622070e-01 -9.999992251396179199e-01 -1.000000000000000000e+00 -8.967761397361755371e-01 -1.000000000000000000e+00 -9.998206496238708496e-01 -9.993497133255004883e-01 -6.693963408470153809e-01 -9.999279379844665527e-01 -9.997070431709289551e-01 -8.327203392982482910e-01 -1.248041167855262756e-01 -1.000000000000000000e+00 7.995437383651733398e-01 -9.989350438117980957e-01
-9.993674159049987793e-01 -9.911280870437622070e-01 -9.999992251396179199e-01 -1.000000000000000000e+00 -8.967761397361755371e-01 -1.000000000000000000e+00 -9.998206496238708496e-01 -9.993497133255004883e-01 -6.693963408470153809e-01 -9.999279379844665527e-01 -9.997070431709289551e-01 -8.327203392982482910e-01 -1.248041167855262756e-01 -1.000000000000000000e+00 7.995437383651733398e-01 -9.989350438117980957e-01
-9.993674159049987793e-01 -9.911280870437622070e-01 -9.999992251396179199e-01 -1.000000000000000000e+00 -8.967761397361755371e-01 -1.000000000000000000e+00 -9.998206496238708496e-01 -9.993497133255004883e-01 -6.693963408470153809e-01 -9.999279379844665527e-01 -9.997070431709289551e-01 -8.327203392982482910e-01 -1.248041167855262756e-01 -1.000000000000000000e+00 7.995437383651733398e-01 -9.989350438117980957e-01
-9.993674159049987793e-01 -9.911280870437622070e-01 -9.999992251396179199e-01 -1.000000000000000000e+00 -8.967761397361755371e-01 -1.000000000000000000e+00 -9.998206496238708496e-01 -9.993497133255004883e-01 -6.693963408470153809e-01 -9.999279379844665527e-01 -9.997070431709289551e-01 -8.327203392982482910e-01 -1.248041167855262756e-01 -1.000000000000000000e+00 7.995437383651733398e-01 -9.989350438117980957e-01
-9.993674159049987793e-01 -9.911280870437622070e-01 -9.999992251396179199e-01 -1.000000000000000000e+00 -8.967761397361755371e-01 -1.000000000000000000e+00 -9.998206496238708496e-01 -9.993497133255004883e-01 -6.693963408470153809e-01 -9.999279379844665527e-01 -9.997070431709289551e-01 -8.327203392982482910e-01 -1.248041167855262756e-01 -1.000000000000000000e+00 7.995437383651733398e-01 -9.989350438117980957e-01
-9.993674159049987793e-01 -9.911280870437622070e-01 -9.999992251396179199e-01 -1.000000000000000000e+00 -8.967761397361755371e-01 -1.000000000000000000e+00 -9.998206496238708496e-01 -9.993497133255004883e-01 -6.693963408470153809e-01 -9.999279379844665527e-01 -9.997070431709289551e-01 -8.327203392982482910e-01 -1.248041167855262756e-01 -1.000000000000000000e+00 7.995437383651733398e-01 -9.989350438117980957e-01
-9.993674159049987793e-01 -9.911280870437622070e-01 -9.999992251396179199e-01 -1.000000000000000000e+00 -8.967761397361755371e-01 -1.000000000000000000e+00 -9.998206496238708496e-01 -9.993497133255004883e-01 -6.693963408470153809e-01 -9.999279379844665527e-01 -9.997070431709289551e-01 -8.327203392982482910e-01 -1.248041167855262756e-01 -1.000000000000000000e+00 7.995437383651733398e-01 -9.989350438117980957e-01
-9.993674159049987793e-01 -9.911280870437622070e-01 -9.999992251396179199e-01 -1.000000000000000000e+00 -8.967761397361755371e-01 -1.000000000000000000e+00 -9.998206496238708496e-01 -9.993497133255004883e-01 -6.693963408470153809e-01 -9.999279379844665527e-01 -9.997070431709289551e-01 -8.327203392982482910e-01 -1.248041167855262756e-01 -1.000000000000000000e+00 7.995437383651733398e-01 -9.989350438117980957e-01
-9.993674159049987793e-01 -9.911280870437622070e-01 -9.999992251396179199e-01 -1.000000000000000000e+00 -8.967761397361755371e-01 -1.000000000000000000e+00 -9.998206496238708496e-01 -9.993497133255004883e-01 -6.693963408470153809e-01 -9.999279379844665527e-01 -9.997070431709289551e-01 -8.327203392982482910e-01 -1.248041167855262756e-01 -1.000000000000000000e+00 7.995437383651733398e-01 -9.989350438117980957e-01
-9.993674159049987793e-01 -9.911280870437622070e-01 -9.999992251396179199e-01 -1.000000000000000000e+00 -8.967761397361755371e-01 -1.000000000000000000e+00 -9.998206496238708496e-01 -9.993497133255004883e-01 -6.693963408470153809e-01 -9.999279379844665527e-01 -9.997070431709289551e-01 -8.327203392982482910e-01 -1.248041167855262756e-01 -1.000000000000000000e+00 7.995437383651733398e-01 -9.989350438117980957e-01
-9.993674159049987793e-01 -9.911280870437622070e-01 -9.999992251396179199e-01 -1.000000000000000000e+00 -8.967761397361755371e-01 -1.000000000000000000e+00 -9.998206496238708496e-01 -9.993497133255004883e-01 -6.693963408470153809e-01 -9.999279379844665527e-01 -9.997070431709289551e-01 -8.327203392982482910e-01 -1.248041167855262756e-01 -1.000000000000000000e+00 7.995437383651733398e-01 -9.989350438117980957e-01
-9.993674159049987793e-01 -9.911280870437622070e-01 -9.999992251396179199e-01 -1.000000000000000000e+00 -8.967761397361755371e-01 -1.000000000000000000e+00 -9.998206496238708496e-01 -9.993497133255004883e-01 -6.693963408470153809e-01 -9.999279379844665527e-01 -9.997070431709289551e-01 -8.327203392982482910e-01 -1.248041167855262756e-01 -1.000000000000000000e+00 7.995437383651733398e-01 -9.989350438117980957e-01
-9.993674159049987793e-01 -9.911280870437622070e-01 -9.999992251396179199e-01 -1.000000000000000000e+00 -8.967761397361755371e-01 -1.000000000000000000e+00 -9.998206496238708496e-01 -9.993497133255004883e-01 -6.693963408470153809e-01 -9.999279379844665527e-01 -9.997070431709289551e-01 -8.327203392982482910e-01 -1.248041167855262756e-01 -1.000000000000000000e+00 7.995437383651733398e-01 -9.989350438117980957e-01
-9.993674159049987793e-01 -9.911280870437622070e-01 -9.999992251396179199e-01 -1.000000000000000000e+00 -8.967761397361755371e-01 -1.000000000000000000e+00 -9.998206496238708496e-01 -9.993497133255004883e-01 -6.693963408470153809e-01 -9.999279379844665527e-01 -9.997070431709289551e-01 -8.327203392982482910e-01 -1.248041167855262756e-01 -1.000000000000000000e+00 7.995437383651733398e-01 -9.989350438117980957e-01
-9.993674159049987793e-01 -9.911280870437622070e-01 -9.999992251396179199e-01 -1.000000000000000000e+00 -8.967761397361755371e-01 -1.000000000000000000e+00 -9.998206496238708496e-01 -9.993497133255004883e-01 -6.693963408470153809e-01 -9.999279379844665527e-01 -9.997070431709289551e-01 -8.327203392982482910e-01 -1.248041167855262756e-01 -1.000000000000000000e+00 7.995437383651733398e-01 -9.989350438117980957e-01
-9.993674159049987793e-01 -9.911280870437622070e-01 -9.999992251396179199e-01 -1.000000000000000000e+00 -8.967761397361755371e-01 -1.000000000000000000e+00 -9.998206496238708496e-01 -9.993497133255004883e-01 -6.693963408470153809e-01 -9.999279379844665527e-01 -9.997070431709289551e-01 -8.327203392982482910e-01 -1.248041167855262756e-01 -1.000000000000000000e+00 7.995437383651733398e-01 -9.989350438117980957e-01
-9.993674159049987793e-01 -9.911280870437622070e-01 -9.999992251396179199e-01 -1.000000000000000000e+00 -8.967761397361755371e-01 -1.000000000000000000e+00 -9.998206496238708496e-01 -9.993497133255004883e-01 -6.693963408470153809e-01 -9.999279379844665527e-01 -9.997070431709289551e-01 -8.327203392982482910e-01 -1.248041167855262756e-01 -1.000000000000000000e+00 7.995437383651733398e-01 -9.989350438117980957e-01
-9.993674159049987793e-01 -9.911280870437622070e-01 -9.999992251396179199e-01 -1.000000000000000000e+00 -8.967761397361755371e-01 -1.000000000000000000e+00 -9.998206496238708496e-01 -9.993497133255004883e-01 -6.693963408470153809e-01 -9.999279379844665527e-01 -9.997070431709289551e-01 -8.327203392982482910e-01 -1.248041167855262756e-01 -1.000000000000000000e+00 7.995437383651733398e-01 -9.989350438117980957e-01
-9.993674159049987793e-01 -9.911280870437622070e-01 -9.999992251396179199e-01 -1.000000000000000000e+00 -8.967761397361755371e-01 -1.000000000000000000e+00 -9.998206496238708496e-01 -9.993497133255004883e-01 -6.693963408470153809e-01 -9.999279379844665527e-01 -9.997070431709289551e-01 -8.327203392982482910e-01 -1.248041167855262756e-01 -1.000000000000000000e+00 7.995437383651733398e-01 -9.989350438117980957e-01
-9.993674159049987793e-01 -9.911280870437622070e-01 -9.999992251396179199e-01 -1.000000000000000000e+00 -8.967761397361755371e-01 -1.000000000000000000e+00 -9.998206496238708496e-01 -9.993497133255004883e-01 -6.693963408470153809e-01 -9.999279379844665527e-01 -9.997070431709289551e-01 -8.327203392982482910e-01 -1.248041167855262756e-01 -1.000000000000000000e+00 7.995437383651733398e-01 -9.989350438117980957e-01
-9.993674159049987793e-01 -9.911280870437622070e-01 -9.999992251396179199e-01 -1.000000000000000000e+00 -8.967761397361755371e-01 -1.000000000000000000e+00 -9.998206496238708496e-01 -9.993497133255004883e-01 -6.693963408470153809e-01 -9.999279379844665527e-01 -9.997070431709289551e-01 -8.327203392982482910e-01 -1.248041167855262756e-01 -1.000000000000000000e+00 7.995437383651733398e-01 -9.989350438117980957e-01
-9.993674159049987793e-01 -9.911280870437622070e-01 -9.999992251396179199e-01 -1.000000000000000000e+00 -8.967761397361755371e-01 -1.000000000000000000e+00 -9.998206496238708496e-01 -9.993497133255004883e-01 -6.693963408470153809e-01 -9.999279379844665527e-01 -9.997070431709289551e-01 -8.327203392982482910e-01 -1.248041167855262756e-01 -1.000000000000000000e+00 7.995437383651733398e-01 -9.989350438117980957e-01
-9.993674159049987793e-01 -9.911280870437622070e-01 -9.999992251396179199e-01 -1.000000000000000000e+00 -8.967761397361755371e-01 -1.000000000000000000e+00 -9.998206496238708496e-01 -9.993497133255004883e-01 -6.693963408470153809e-01 -9.999279379844665527e-01 -9.997070431709289551e-01 -8.327203392982482910e-01 -1.248041167855262756e-01 -1.000000000000000000e+00 7.995437383651733398e-01 -9.989350438117980957e-01
-9.993674159049987793e-01 -9.911280870437622070e-01 -9.999992251396179199e-01 -1.000000000000000000e+00 -8.967761397361755371e-01 -1.000000000000000000e+00 -9.998206496238708496e-01 -9.993497133255004883e-01 -6.693963408470153809e-01 -9.999279379844665527e-01 -9.997070431709289551e-01 -8.327203392982482910e-01 -1.248041167855262756e-01 -1.000000000000000000e+00 7.995437383651733398e-01 -9.989350438117980957e-01
-9.993674755096435547e-01 -9.911280870437622070e-01 -9.999992847442626953e-01 -1.000000000000000000e+00 -8.967763185501098633e-01 -1.000000000000000000e+00 -9.998206496238708496e-01 -9.993497133255004883e-01 -6.693971157073974609e-01 -9.999279379844665527e-01 -9.997070431709289551e-01 -8.327203989028930664e-01 -1.248041167855262756e-01 -1.000000000000000000e+00 7.995439171791076660e-01 -9.989350438117980957e-01
-9.993674755096435547e-01 -9.911280870437622070e-01 -9.999992847442626953e-01 -1.000000000000000000e+00 -8.967763185501098633e-01 -1.000000000000000000e+00 -9.998206496238708496e-01 -9.993497133255004883e-01 -6.693971157073974609e-01 -9.999279379844665527e-01 -9.997070431709289551e-01 -8.327203989028930664e-01 -1.248041167855262756e-01 -1.000000000000000000e+00 7.995439171791076660e-01 -9.989350438117980957e-01
-9.993674159049987793e-01 -9.911280870437622070e-01 -9.999992251396179199e-01 -1.000000000000000000e+00 -8.967761397361755371e-01 -1.000000000000000000e+00 -9.998206496238708496e-01 -9.993497133255004883e-01 -6.693963408470153809e-01 -9.999279379844665527e-01 -9.997070431709289551e-01 -8.327203392982482910e-01 -1.248041167855262756e-01 -1.000000000000000000e+00 7.995437383651733398e-01 -9.989350438117980957e-01
-9.993674159049987793e-01 -9.911280870437622070e-01 -9.999992251396179199e-01 -1.000000000000000000e+00 -8.967761397361755371e-01 -1.000000000000000000e+00 -9.998206496238708496e-01 -9.993497133255004883e-01 -6.693963408470153809e-01 -9.999279379844665527e-01 -9.997070431709289551e-01 -8.327203392982482910e-01 -1.248041167855262756e-01 -1.000000000000000000e+00 7.995437383651733398e-01 -9.989350438117980957e-01
-9.993674159049987793e-01 -9.911280870437622070e-01 -9.999992251396179199e-01 -1.000000000000000000e+00 -8.967761397361755371e-01 -1.000000000000000000e+00 -9.998206496238708496e-01 -9.993497133255004883e-01 -6.693963408470153809e-01 -9.999279379844665527e-01 -9.997070431709289551e-01 -8.327203392982482910e-01 -1.248041167855262756e-01 -1.000000000000000000e+00 7.995437383651733398e-01 -9.989350438117980957e-01
-9.993674159049987793e-01 -9.911280870437622070e-01 -9.999992251396179199e-01 -1.000000000000000000e+00 -8.967761397361755371e-01 -1.000000000000000000e+00 -9.998206496238708496e-01 -9.993497133255004883e-01 -6.693963408470153809e-01 -9.999279379844665527e-01 -9.997070431709289551e-01 -8.327203392982482910e-01 -1.248041167855262756e-01 -1.000000000000000000e+00 7.995437383651733398e-01 -9.989350438117980957e-01
-9.993674159049987793e-01 -9.911280870437622070e-01 -9.999992251396179199e-01 -1.000000000000000000e+00 -8.967761397361755371e-01 -1.000000000000000000e+00 -9.998206496238708496e-01 -9.993497133255004883e-01 -6.693963408470153809e-01 -9.999279379844665527e-01 -9.997070431709289551e-01 -8.327203392982482910e-01 -1.248041167855262756e-01 -1.000000000000000000e+00 7.995437383651733398e-01 -9.989350438117980957e-01
