9.711539745330810547e-01 -7.756739854812622070e-01 9.835970401763916016e-01 9.908313751220703125e-01 9.984286427497863770e-01 9.821529984474182129e-01 -4.103821516036987305e-01 -9.506474733352661133e-01 9.857226610183715820e-01 9.902641773223876953e-01 8.766052722930908203e-01 7.086368203163146973e-01 9.968077540397644043e-01 9.660682678222656250e-01 -9.650365710258483887e-01 -9.834653735160827637e-01
9.665941596031188965e-01 -8.443725109100341797e-01 9.894788265228271484e-01 9.907945394515991211e-01 9.990429878234863281e-01 9.866058230400085449e-01 -6.203548908233642578e-01 -9.242187738418579102e-01 9.812389016151428223e-01 9.871621131896972656e-01 8.253859281539916992e-01 7.317735552787780762e-01 9.967441558837890625e-01 9.592440128326416016e-01 -9.553503394126892090e-01 -9.832639098167419434e-01
9.708775877952575684e-01 -8.377059698104858398e-01 9.908829331398010254e-01 9.904012680053710938e-01 9.990956783294677734e-01 9.865996241569519043e-01 -6.710340976715087891e-01 -9.346873164176940918e-01 9.838340282440185547e-01 9.885682463645935059e-01 8.446283340454101562e-01 7.056105732917785645e-01 9.970939159393310547e-01 9.707440733909606934e-01 -9.566479921340942383e-01 -9.851564764976501465e-01
9.727560877799987793e-01 -8.449587821960449219e-01 9.913721084594726562e-01 9.906156659126281738e-01 9.991139173507690430e-01 9.872129559516906738e-01 -6.954022645950317383e-01 -9.366776943206787109e-01 9.843021631240844727e-01 9.890312552452087402e-01 8.443021774291992188e-01 7.002614736557006836e-01 9.972441792488098145e-01 9.722189903259277344e-01 -9.557483792304992676e-01 -9.852703213691711426e-01
9.732928276062011719e-01 -8.460435867309570312e-01 9.915625452995300293e-01 9.905884265899658203e-01 9.991236329078674316e-01 9.873591661453247070e-01 -7.032372355461120605e-01 -9.377716183662414551e-01 9.845948815345764160e-01 9.892360568046569824e-01 8.451049327850341797e-01 6.966764926910400391e-01 9.972972869873046875e-01 9.731445908546447754e-01 -9.556719660758972168e-01 -9.854374527931213379e-01
9.735109210014343262e-01 -8.467129468917846680e-01 9.916312098503112793e-01 9.905875921249389648e-01 9.991267919540405273e-01 9.874241948127746582e-01 -7.062812447547912598e-01 -9.381301403045654297e-01 9.846782088279724121e-01 9.893071055412292480e-01 8.451331853866577148e-01 6.956543922424316406e-01 9.973167777061462402e-01 9.734041094779968262e-01 -9.555836319923400879e-01 -9.854615926742553711e-01
9.735845923423767090e-01 -8.469028472900390625e-01 9.916557669639587402e-01 9.905844330787658691e-01 9.991282224655151367e-01 9.874446988105773926e-01 -7.073500752449035645e-01 -9.382683038711547852e-01 9.847126603126525879e-01 9.893336296081542969e-01 8.451926112174987793e-01 6.952574253082275391e-01 9.973237514495849609e-01 9.735120534896850586e-01 -9.555630087852478027e-01 -9.854766130447387695e-01
9.736120104789733887e-01 -8.469799160957336426e-01 9.916646480560302734e-01 9.905840754508972168e-01 9.991285204887390137e-01 9.874525070190429688e-01 -7.077383995056152344e-01 -9.383161664009094238e-01 9.847245216369628906e-01 9.893428087234497070e-01 8.452081680297851562e-01 6.951198577880859375e-01 9.973261952400207520e-01 9.735486507415771484e-01 -9.555535912513732910e-01 -9.854813218116760254e-01
9.736217856407165527e-01 -8.470064401626586914e-01 9.916678667068481445e-01 9.905837178230285645e-01 9.991287589073181152e-01 9.874553084373474121e-01 -7.078768610954284668e-01 -9.383336305618286133e-01 9.847287535667419434e-01 9.893462657928466797e-01 8.452147245407104492e-01 6.950688958168029785e-01 9.973270893096923828e-01 9.735619425773620605e-01 -9.555506110191345215e-01 -9.854831695556640625e-01
9.736253023147583008e-01 -8.470160961151123047e-01 9.916689395904541016e-01 9.905836582183837891e-01 9.991288781166076660e-01 9.874562025070190430e-01 -7.079267501831054688e-01 -9.383399486541748047e-01 9.847303032875061035e-01 9.893473386764526367e-01 8.452166914939880371e-01 6.950506567955017090e-01 9.973274469375610352e-01 9.735667109489440918e-01 -9.555494189262390137e-01 -9.854837656021118164e-01
9.736265540122985840e-01 -8.470194339752197266e-01 9.916692972183227539e-01 9.905836582183837891e-01 9.991289377212524414e-01 9.874566197395324707e-01 -7.079448103904724121e-01 -9.383420944213867188e-01 9.847308397293090820e-01 9.893478155136108398e-01 8.452175259590148926e-01 6.950441598892211914e-01 9.973275065422058105e-01 9.735685586929321289e-01 -9.555490016937255859e-01 -9.854839444160461426e-01
9.776363968849182129e-01 -8.483717441558837891e-01 9.853189587593078613e-01 9.925504922866821289e-01 9.984649419784545898e-01 9.880831241607666016e-01 -6.055933833122253418e-01 -9.696520566940307617e-01 9.861110448837280273e-01 9.892284274101257324e-01 8.950941562652587891e-01 6.991353034973144531e-01 9.985095262527465820e-01 9.807924032211303711e-01 -9.613161683082580566e-01 -9.882265329360961914e-01
9.757399559020996094e-01 -8.519236445426940918e-01 9.844869971275329590e-01 9.927966594696044922e-01 9.984418749809265137e-01 9.886086583137512207e-01 -5.694934129714965820e-01 -9.671850204467773438e-01 9.854252338409423828e-01 9.885659217834472656e-01 8.867642879486083984e-01 7.049226164817810059e-01 9.984301328659057617e-01 9.774895906448364258e-01 -9.608317017555236816e-01 -9.882103800773620605e-01
9.747663140296936035e-01 -8.488865494728088379e-01 9.840390682220458984e-01 9.926922321319580078e-01 9.984302520751953125e-01 9.883942604064941406e-01 -5.523788332939147949e-01 -9.665786623954772949e-01 9.851513504981994629e-01 9.883180856704711914e-01 8.854400515556335449e-01 7.088432312011718750e-01 9.983839392662048340e-01 9.764874577522277832e-01 -9.611974358558654785e-01 -9.880491495132446289e-01
9.743677973747253418e-01 -8.479755520820617676e-01 9.837963581085205078e-01 9.926880002021789551e-01 9.984211325645446777e-01 9.882990717887878418e-01 -5.447287559509277344e-01 -9.661911129951477051e-01 9.849818944931030273e-01 9.881772398948669434e-01 8.849779367446899414e-01 7.113739848136901855e-01 9.983624815940856934e-01 9.759530425071716309e-01 -9.612916707992553711e-01 -9.879725575447082520e-01
9.741733074188232422e-01 -8.474834561347961426e-01 9.836819171905517578e-01 9.926875829696655273e-01 9.984165430068969727e-01 9.882549643516540527e-01 -5.409766435623168945e-01 -9.660090208053588867e-01 9.849086403846740723e-01 9.881091117858886719e-01 8.848237991333007812e-01 7.123730778694152832e-01 9.983522295951843262e-01 9.757148027420043945e-01 -9.613489508628845215e-01 -9.879507422447204590e-01
9.740813374519348145e-01 -8.472662568092346191e-01 9.836275577545166016e-01 9.926872849464416504e-01 9.984144568443298340e-01 9.882350564002990723e-01 -5.392007827758789062e-01 -9.659215211868286133e-01 9.848718643188476562e-01 9.880769252777099609e-01 8.847253322601318359e-01 7.128465771675109863e-01 9.983472228050231934e-01 9.755942225456237793e-01 -9.613723754882812500e-01 -9.879368543624877930e-01
9.740371704101562500e-01 -8.471599817276000977e-01 9.836017489433288574e-01 9.926869273185729980e-01 9.984135031700134277e-01 9.882254004478454590e-01 -5.383547544479370117e-01 -9.658803343772888184e-01 9.848545789718627930e-01 9.880615472793579102e-01 8.846790194511413574e-01 7.130712866783142090e-01 9.983449578285217285e-01 9.755375385284423828e-01 -9.613837003707885742e-01 -9.879302978515625000e-01
9.740159511566162109e-01 -8.471096754074096680e-01 9.835893511772155762e-01 9.926866888999938965e-01 9.984130263328552246e-01 9.882208108901977539e-01 -5.379523038864135742e-01 -9.658606648445129395e-01 9.848464131355285645e-01 9.880542159080505371e-01 8.846569657325744629e-01 7.131789922714233398e-01 9.983438253402709961e-01 9.755104780197143555e-01 -9.613893032073974609e-01 -9.879270792007446289e-01
9.740059971809387207e-01 -8.470855951309204102e-01 9.835835695266723633e-01 9.926866888999938965e-01 9.984127283096313477e-01 9.882184267044067383e-01 -5.377603173255920410e-01 -9.658513069152832031e-01 9.848424196243286133e-01 9.880506992340087891e-01 8.846464157104492188e-01 7.132302522659301758e-01 9.983432292938232422e-01 9.754975438117980957e-01 -9.613917469978332520e-01 -9.879256486892700195e-01
9.740011692047119141e-01 -8.470742106437683105e-01 9.835807085037231445e-01 9.926863908767700195e-01 9.984126091003417969e-01 9.882175922393798828e-01 -5.376688838005065918e-01 -9.658467769622802734e-01 9.848405718803405762e-01 9.880490303039550781e-01 8.846415281295776367e-01 7.132546901702880859e-01 9.983429312705993652e-01 9.754914045333862305e-01 -9.613929390907287598e-01 -9.879249930381774902e-01
9.739988446235656738e-01 -8.470686078071594238e-01 9.835793375968933105e-01 9.926865100860595703e-01 9.984126091003417969e-01 9.882169365882873535e-01 -5.376253128051757812e-01 -9.658446311950683594e-01 9.848396182060241699e-01 9.880483150482177734e-01 8.846390843391418457e-01 7.132663130760192871e-01 9.983428716659545898e-01 9.754884839057922363e-01 -9.613935351371765137e-01 -9.879245758056640625e-01
9.739978313446044922e-01 -8.470661044120788574e-01 9.835787415504455566e-01 9.926865100860595703e-01 9.984126091003417969e-01 9.882167577743530273e-01 -5.376045107841491699e-01 -9.658436775207519531e-01 9.848393201828002930e-01 9.880478978157043457e-01 8.846380114555358887e-01 7.132719159126281738e-01 9.983428716659545898e-01 9.754871129989624023e-01 -9.613938927650451660e-01 -9.879244565963745117e-01
9.739972949028015137e-01 -8.470648527145385742e-01 9.835785031318664551e-01 9.926865100860595703e-01 9.984125494956970215e-01 9.882166385650634766e-01 -5.375945568084716797e-01 -9.658432006835937500e-01 9.848390817642211914e-01 9.880478382110595703e-01 8.846374154090881348e-01 7.132744789123535156e-01 9.983428716659545898e-01 9.754863381385803223e-01 -9.613940119743347168e-01 -9.879242777824401855e-01
9.739971756935119629e-01 -8.470643758773803711e-01 9.835782647132873535e-01 9.926864504814147949e-01 9.984125494956970215e-01 9.882166385650634766e-01 -5.375897884368896484e-01 -9.658430218696594238e-01 9.848390817642211914e-01 9.880477190017700195e-01 8.846371173858642578e-01 7.132756710052490234e-01 9.983427524566650391e-01 9.754860997200012207e-01 -9.613940119743347168e-01 -9.879242777824401855e-01
9.739969968795776367e-01 -8.470640182495117188e-01 9.835781455039978027e-01 9.926865100860595703e-01 9.984124898910522461e-01 9.882166385650634766e-01 -5.375876426696777344e-01 -9.658429622650146484e-01 9.848390221595764160e-01 9.880477190017700195e-01 8.846369981765747070e-01 7.132763266563415527e-01 9.983427524566650391e-01 9.754859805107116699e-01 -9.613940715789794922e-01 -9.879242181777954102e-01
9.739968776702880859e-01 -8.470638394355773926e-01 9.835781455039978027e-01 9.926865100860595703e-01 9.984126091003417969e-01 9.882166385650634766e-01 -5.375865697860717773e-01 -9.658428430557250977e-01 9.848388433456420898e-01 9.880475401878356934e-01 8.846368789672851562e-01 7.132766246795654297e-01 9.983428120613098145e-01 9.754858613014221191e-01 -9.613941311836242676e-01 -9.879242777824401855e-01
9.739968776702880859e-01 -8.470638394355773926e-01 9.835782051086425781e-01 9.926865100860595703e-01 9.984126091003417969e-01 9.882165193557739258e-01 -5.375860333442687988e-01 -9.658428430557250977e-01 9.848388433456420898e-01 9.880475401878356934e-01 8.846368789672851562e-01 7.132768034934997559e-01 9.983426928520202637e-01 9.754858016967773438e-01 -9.613941311836242676e-01 -9.879242181777954102e-01
9.739968776702880859e-01 -8.470636606216430664e-01 9.835782051086425781e-01 9.926865100860595703e-01 9.984126091003417969e-01 9.882165193557739258e-01 -5.375857353210449219e-01 -9.658427834510803223e-01 9.848388433456420898e-01 9.880475997924804688e-01 8.846368789672851562e-01 7.132768034934997559e-01 9.983427524566650391e-01 9.754858016967773438e-01 -9.613941311836242676e-01 -9.879242181777954102e-01
9.739968776702880859e-01 -8.470636606216430664e-01 9.835780262947082520e-01 9.926865100860595703e-01 9.984124898910522461e-01 9.882165193557739258e-01 -5.375856161117553711e-01 -9.658427834510803223e-01 9.848389029502868652e-01 9.880475997924804688e-01 8.846368789672851562e-01 7.132768034934997559e-01 9.983427524566650391e-01 9.754858016967773438e-01 -9.613941311836242676e-01 -9.879242181777954102e-01
9.739969968795776367e-01 -8.470637798309326172e-01 9.835780262947082520e-01 9.926864504814147949e-01 9.984124898910522461e-01 9.882165789604187012e-01 -5.375856161117553711e-01 -9.658427834510803223e-01 9.848388433456420898e-01 9.880475997924804688e-01 8.846369385719299316e-01 7.132768034934997559e-01 9.983427524566650391e-01 9.754858016967773438e-01 -9.613940715789794922e-01 -9.879242181777954102e-01
9.739968776702880859e-01 -8.470637798309326172e-01 9.835780262947082520e-01 9.926865100860595703e-01 9.984126091003417969e-01 9.882165193557739258e-01 -5.375857353210449219e-01 -9.658427834510803223e-01 9.848388433456420898e-01 9.880475997924804688e-01 8.846369385719299316e-01 7.132768034934997559e-01 9.983427524566650391e-01 9.754858016967773438e-01 -9.613941311836242676e-01 -9.879242181777954102e-01
9.739968776702880859e-01 -8.470636606216430664e-01 9.835780262947082520e-01 9.926865100860595703e-01 9.984124898910522461e-01 9.882165193557739258e-01 -5.375854969024658203e-01 -9.658427834510803223e-01 9.848389029502868652e-01 9.880475997924804688e-01 8.846368789672851562e-01 7.132768034934997559e-01 9.983427524566650391e-01 9.754858016967773438e-01 -9.613940715789794922e-01 -9.879242181777954102e-01
9.739969968795776367e-01 -8.470637202262878418e-01 9.835780262947082520e-01 9.926865100860595703e-01 9.984124898910522461e-01 9.882165789604187012e-01 -5.375856161117553711e-01 -9.658427834510803223e-01 9.848388433456420898e-01 9.880475997924804688e-01 8.846368789672851562e-01 7.132769227027893066e-01 9.983428120613098145e-01 9.754858016967773438e-01 -9.613941311836242676e-01 -9.879242181777954102e-01
9.739969968795776367e-01 -8.470638394355773926e-01 9.835782051086425781e-01 9.926865100860595703e-01 9.984126091003417969e-01 9.882165193557739258e-01 -5.375856161117553711e-01 -9.658427834510803223e-01 9.848389029502868652e-01 9.880475997924804688e-01 8.846368789672851562e-01 7.132768034934997559e-01 9.983427524566650391e-01 9.754858016967773438e-01 -9.613940715789794922e-01 -9.879242181777954102e-01
9.739969968795776367e-01 -8.470636606216430664e-01 9.835782051086425781e-01 9.926865100860595703e-01 9.984124898910522461e-01 9.882165193557739258e-01 -5.375856161117553711e-01 -9.658427834510803223e-01 9.848389029502868652e-01 9.880475997924804688e-01 8.846368789672851562e-01 7.132768034934997559e-01 9.983428120613098145e-01 9.754858016967773438e-01 -9.613941311836242676e-01 -9.879242181777954102e-01
9.739968776702880859e-01 -8.470638394355773926e-01 9.835782051086425781e-01 9.926865100860595703e-01 9.984124898910522461e-01 9.882165193557739258e-01 -5.375856161117553711e-01 -9.658427834510803223e-01 9.848389029502868652e-01 9.880475997924804688e-01 8.846368789672851562e-01 7.132769227027893066e-01 9.983427524566650391e-01 9.754858016967773438e-01 -9.613940715789794922e-01 -9.879242181777954102e-01
9.739969968795776367e-01 -8.470637202262878418e-01 9.835780262947082520e-01 9.926865100860595703e-01 9.984124898910522461e-01 9.882165789604187012e-01 -5.375854969024658203e-01 -9.658427834510803223e-01 9.848389029502868652e-01 9.880475997924804688e-01 8.846368789672851562e-01 7.132768034934997559e-01 9.983428120613098145e-01 9.754858016967773438e-01 -9.613940715789794922e-01 -9.879242181777954102e-01
9.739969968795776367e-01 -8.470638394355773926e-01 9.835780262947082520e-01 9.926865100860595703e-01 9.984124898910522461e-01 9.882165789604187012e-01 -5.375856161117553711e-01 -9.658427834510803223e-01 9.848388433456420898e-01 9.880475997924804688e-01 8.846368789672851562e-01 7.132769227027893066e-01 9.983428120613098145e-01 9.754858016967773438e-01 -9.613940715789794922e-01 -9.879242181777954102e-01
9.739969968795776367e-01 -8.470638394355773926e-01 9.835782051086425781e-01 9.926865100860595703e-01 9.984124898910522461e-01 9.882165193557739258e-01 -5.375856161117553711e-01 -9.658427834510803223e-01 9.848389029502868652e-01 9.880475997924804688e-01 8.846368789672851562e-01 7.132768034934997559e-01 9.983428120613098145e-01 9.754858016967773438e-01 -9.613940715789794922e-01 -9.879242181777954102e-01
9.739969968795776367e-01 -8.470638394355773926e-01 9.835780262947082520e-01 9.926865100860595703e-01 9.984124898910522461e-01 9.882165193557739258e-01 -5.375856161117553711e-01 -9.658427834510803223e-01 9.848389029502868652e-01 9.880475997924804688e-01 8.846368789672851562e-01 7.132768034934997559e-01 9.983428120613098145e-01 9.754858016967773438e-01 -9.613940715789794922e-01 -9.879242181777954102e-01
9.739969968795776367e-01 -8.470637202262878418e-01 9.835780262947082520e-01 9.926865100860595703e-01 9.984124898910522461e-01 9.882165789604187012e-01 -5.375854969024658203e-01 -9.658427834510803223e-01 9.848389029502868652e-01 9.880475997924804688e-01 8.846368789672851562e-01 7.132768034934997559e-01 9.983428120613098145e-01 9.754858016967773438e-01 -9.613940715789794922e-01 -9.879242181777954102e-01
9.739968776702880859e-01 -8.470638394355773926e-01 9.835780262947082520e-01 9.926865100860595703e-01 9.984126091003417969e-01 9.882165193557739258e-01 -5.375856161117553711e-01 -9.658427834510803223e-01 9.848389029502868652e-01 9.880475997924804688e-01 8.846368789672851562e-01 7.132769227027893066e-01 9.983427524566650391e-01 9.754858016967773438e-01 -9.613941311836242676e-01 -9.879242181777954102e-01
9.739968776702880859e-01 -8.470637202262878418e-01 9.835782051086425781e-01 9.926865100860595703e-01 9.984126091003417969e-01 9.882165193557739258e-01 -5.375856161117553711e-01 -9.658427834510803223e-01 9.848389029502868652e-01 9.880475997924804688e-01 8.846368789672851562e-01 7.132768034934997559e-01 9.983428120613098145e-01 9.754858016967773438e-01 -9.613941311836242676e-01 -9.879242181777954102e-01
9.739968776702880859e-01 -8.470638394355773926e-01 9.835782051086425781e-01 9.926865100860595703e-01 9.984124898910522461e-01 9.882165193557739258e-01 -5.375856161117553711e-01 -9.658427834510803223e-01 9.848389029502868652e-01 9.880475997924804688e-01 8.846368789672851562e-01 7.132769227027893066e-01 9.983427524566650391e-01 9.754858016967773438e-01 -9.613940715789794922e-01 -9.879242181777954102e-01
9.739968776702880859e-01 -8.470638394355773926e-01 9.835780262947082520e-01 9.926865100860595703e-01 9.984126091003417969e-01 9.882165193557739258e-01 -5.375856161117553711e-01 -9.658427834510803223e-01 9.848389029502868652e-01 9.880475997924804688e-01 8.846368789672851562e-01 7.132769227027893066e-01 9.983427524566650391e-01 9.754858016967773438e-01 -9.613941311836242676e-01 -9.879242181777954102e-01
9.739969968795776367e-01 -8.470637202262878418e-01 9.835780262947082520e-01 9.926865100860595703e-01 9.984124898910522461e-01 9.882165789604187012e-01 -5.375854969024658203e-01 -9.658427834510803223e-01 9.848389029502868652e-01 9.880475997924804688e-01 8.846368789672851562e-01 7.132768034934997559e-01 9.983428120613098145e-01 9.754858016967773438e-01 -9.613940715789794922e-01 -9.879242181777954102e-01
9.739969968795776367e-01 -8.470637202262878418e-01 9.835780262947082520e-01 9.926865100860595703e-01 9.984124898910522461e-01 9.882165789604187012e-01 -5.375854969024658203e-01 -9.658427834510803223e-01 9.848389029502868652e-01 9.880475997924804688e-01 8.846368789672851562e-01 7.132768034934997559e-01 9.983428120613098145e-01 9.754858016967773438e-01 -9.613940715789794922e-01 -9.879242181777954102e-01
9.739968776702880859e-01 -8.470638394355773926e-01 9.835782051086425781e-01 9.926865100860595703e-01 9.984124898910522461e-01 9.882165193557739258e-01 -5.375856161117553711e-01 -9.658427834510803223e-01 9.848389029502868652e-01 9.880475997924804688e-01 8.846368789672851562e-01 7.132769227027893066e-01 9.983427524566650391e-01 9.754858016967773438e-01 -9.613940715789794922e-01 -9.879242181777954102e-01
9.739968776702880859e-01 -8.470638394355773926e-01 9.835782051086425781e-01 9.926865100860595703e-01 9.984124898910522461e-01 9.882165193557739258e-01 -5.375856161117553711e-01 -9.658427834510803223e-01 9.848389029502868652e-01 9.880475997924804688e-01 8.846368789672851562e-01 7.132769227027893066e-01 9.983427524566650391e-01 9.754858016967773438e-01 -9.613940715789794922e-01 -9.879242181777954102e-01
9.739968776702880859e-01 -8.470638394355773926e-01 9.835782051086425781e-01 9.926865100860595703e-01 9.984124898910522461e-01 9.882165193557739258e-01 -5.375856161117553711e-01 -9.658427834510803223e-01 9.848389029502868652e-01 9.880475997924804688e-01 8.846368789672851562e-01 7.132769227027893066e-01 9.983427524566650391e-01 9.754858016967773438e-01 -9.613940715789794922e-01 -9.879242181777954102e-01
9.739968776702880859e-01 -8.470638394355773926e-01 9.835782051086425781e-01 9.926865100860595703e-01 9.984124898910522461e-01 9.882165193557739258e-01 -5.375856161117553711e-01 -9.658427834510803223e-01 9.848389029502868652e-01 9.880475997924804688e-01 8.846368789672851562e-01 7.132769227027893066e-01 9.983427524566650391e-01 9.754858016967773438e-01 -9.613940715789794922e-01 -9.879242181777954102e-01
9.739968776702880859e-01 -8.470638394355773926e-01 9.835782051086425781e-01 9.926865100860595703e-01 9.984124898910522461e-01 9.882165193557739258e-01 -5.375856161117553711e-01 -9.658427834510803223e-01 9.848389029502868652e-01 9.880475997924804688e-01 8.846368789672851562e-01 7.132769227027893066e-01 9.983427524566650391e-01 9.754858016967773438e-01 -9.613940715789794922e-01 -9.879242181777954102e-01
9.739968776702880859e-01 -8.470638394355773926e-01 9.835782051086425781e-01 9.926865100860595703e-01 9.984124898910522461e-01 9.882165193557739258e-01 -5.375856161117553711e-01 -9.658427834510803223e-01 9.848389029502868652e-01 9.880475997924804688e-01 8.846368789672851562e-01 7.132769227027893066e-01 9.983427524566650391e-01 9.754858016967773438e-01 -9.613940715789794922e-01 -9.879242181777954102e-01
9.739968776702880859e-01 -8.470638394355773926e-01 9.835782051086425781e-01 9.926865100860595703e-01 9.984124898910522461e-01 9.882165193557739258e-01 -5.375856161117553711e-01 -9.658427834510803223e-01 9.848389029502868652e-01 9.880475997924804688e-01 8.846368789672851562e-01 7.132769227027893066e-01 9.983427524566650391e-01 9.754858016967773438e-01 -9.613940715789794922e-01 -9.879242181777954102e-01
9.739968776702880859e-01 -8.470638394355773926e-01 9.835782051086425781e-01 9.926865100860595703e-01 9.984124898910522461e-01 9.882165193557739258e-01 -5.375856161117553711e-01 -9.658427834510803223e-01 9.848389029502868652e-01 9.880475997924804688e-01 8.846368789672851562e-01 7.132769227027893066e-01 9.983427524566650391e-01 9.754858016967773438e-01 -9.613940715789794922e-01 -9.879242181777954102e-01
9.739968776702880859e-01 -8.470638394355773926e-01 9.835782051086425781e-01 9.926865100860595703e-01 9.984124898910522461e-01 9.882165193557739258e-01 -5.375856161117553711e-01 -9.658427834510803223e-01 9.848389029502868652e-01 9.880475997924804688e-01 8.846368789672851562e-01 7.132769227027893066e-01 9.983427524566650391e-01 9.754858016967773438e-01 -9.613940715789794922e-01 -9.879242181777954102e-01
9.739968776702880859e-01 -8.470638394355773926e-01 9.835782051086425781e-01 9.926865100860595703e-01 9.984124898910522461e-01 9.882165193557739258e-01 -5.375856161117553711e-01 -9.658427834510803223e-01 9.848389029502868652e-01 9.880475997924804688e-01 8.846368789672851562e-01 7.132769227027893066e-01 9.983427524566650391e-01 9.754858016967773438e-01 -9.613940715789794922e-01 -9.879242181777954102e-01
9.739968776702880859e-01 -8.470638394355773926e-01 9.835782051086425781e-01 9.926865100860595703e-01 9.984124898910522461e-01 9.882165193557739258e-01 -5.375856161117553711e-01 -9.658427834510803223e-01 9.848389029502868652e-01 9.880475997924804688e-01 8.846368789672851562e-01 7.132769227027893066e-01 9.983427524566650391e-01 9.754858016967773438e-01 -9.613940715789794922e-01 -9.879242181777954102e-01
9.739968776702880859e-01 -8.470638394355773926e-01 9.835782051086425781e-01 9.926865100860595703e-01 9.984124898910522461e-01 9.882165193557739258e-01 -5.375856161117553711e-01 -9.658427834510803223e-01 9.848389029502868652e-01 9.880475997924804688e-01 8.846368789672851562e-01 7.132769227027893066e-01 9.983427524566650391e-01 9.754858016967773438e-01 -9.613940715789794922e-01 -9.879242181777954102e-01
9.739968776702880859e-01 -8.470638394355773926e-01 9.835782051086425781e-01 9.926865100860595703e-01 9.984124898910522461e-01 9.882165193557739258e-01 -5.375856161117553711e-01 -9.658427834510803223e-01 9.848389029502868652e-01 9.880475997924804688e-01 8.846368789672851562e-01 7.132769227027893066e-01 9.983427524566650391e-01 9.754858016967773438e-01 -9.613940715789794922e-01 -9.879242181777954102e-01
9.739968776702880859e-01 -8.470638394355773926e-01 9.835782051086425781e-01 9.926865100860595703e-01 9.984124898910522461e-01 9.882165193557739258e-01 -5.375856161117553711e-01 -9.658427834510803223e-01 9.848389029502868652e-01 9.880475997924804688e-01 8.846368789672851562e-01 7.132769227027893066e-01 9.983427524566650391e-01 9.754858016967773438e-01 -9.613940715789794922e-01 -9.879242181777954102e-01
9.739969968795776367e-01 -8.470637798309326172e-01 9.835780262947082520e-01 9.926864504814147949e-01 9.984126091003417969e-01 9.882165789604187012e-01 -5.375856161117553711e-01 -9.658427834510803223e-01 9.848388433456420898e-01 9.880475997924804688e-01 8.846369385719299316e-01 7.132768034934997559e-01 9.983427524566650391e-01 9.754858016967773438e-01 -9.613941311836242676e-01 -9.879242181777954102e-01
9.739969968795776367e-01 -8.470637798309326172e-01 9.835780262947082520e-01 9.926864504814147949e-01 9.984126091003417969e-01 9.882165789604187012e-01 -5.375856161117553711e-01 -9.658427834510803223e-01 9.848388433456420898e-01 9.880475997924804688e-01 8.846369385719299316e-01 7.132768034934997559e-01 9.983427524566650391e-01 9.754858016967773438e-01 -9.613941311836242676e-01 -9.879242181777954102e-01
9.739968776702880859e-01 -8.470638394355773926e-01 9.835782051086425781e-01 9.926865100860595703e-01 9.984124898910522461e-01 9.882165193557739258e-01 -5.375856161117553711e-01 -9.658427834510803223e-01 9.848389029502868652e-01 9.880475997924804688e-01 8.846368789672851562e-01 7.132769227027893066e-01 9.983427524566650391e-01 9.754858016967773438e-01 -9.613940715789794922e-01 -9.879242181777954102e-01
9.739968776702880859e-01 -8.470638394355773926e-01 9.835782051086425781e-01 9.926865100860595703e-01 9.984124898910522461e-01 9.882165193557739258e-01 -5.375856161117553711e-01 -9.658427834510803223e-01 9.848389029502868652e-01 9.880475997924804688e-01 8.846368789672851562e-01 7.132769227027893066e-01 9.983427524566650391e-01 9.754858016967773438e-01 -9.613940715789794922e-01 -9.879242181777954102e-01
9.739968776702880859e-01 -8.470638394355773926e-01 9.835782051086425781e-01 9.926865100860595703e-01 9.984124898910522461e-01 9.882165193557739258e-01 -5.375856161117553711e-01 -9.658427834510803223e-01 9.848389029502868652e-01 9.880475997924804688e-01 8.846368789672851562e-01 7.132769227027893066e-01 9.983427524566650391e-01 9.754858016967773438e-01 -9.613940715789794922e-01 -9.879242181777954102e-01
9.739968776702880859e-01 -8.470638394355773926e-01 9.835782051086425781e-01 9.926865100860595703e-01 9.984124898910522461e-01 9.882165193557739258e-01 -5.375856161117553711e-01 -9.658427834510803223e-01 9.848389029502868652e-01 9.880475997924804688e-01 8.846368789672851562e-01 7.132769227027893066e-01 9.983427524566650391e-01 9.754858016967773438e-01 -9.613940715789794922e-01 -9.879242181777954102e-01
9.739968776702880859e-01 -8.470638394355773926e-01 9.835782051086425781e-01 9.926865100860595703e-01 9.984124898910522461e-01 9.882165193557739258e-01 -5.375856161117553711e-01 -9.658427834510803223e-01 9.848389029502868652e-01 9.880475997924804688e-01 8.846368789672851562e-01 7.132769227027893066e-01 9.983427524566650391e-01 9.754858016967773438e-01 -9.613940715789794922e-01 -9.879242181777954102e-01
9.739968776702880859e-01 -8.470638394355773926e-01 9.835782051086425781e-01 9.926865100860595703e-01 9.984124898910522461e-01 9.882165193557739258e-01 -5.375856161117553711e-01 -9.658427834510803223e-01 9.848389029502868652e-01 9.880475997924804688e-01 8.846368789672851562e-01 7.132769227027893066e-01 9.983427524566650391e-01 9.754858016967773438e-01 -9.613940715789794922e-01 -9.879242181777954102e-01
9.739968776702880859e-01 -8.470638394355773926e-01 9.835782051086425781e-01 9.926865100860595703e-01 9.984124898910522461e-01 9.882165193557739258e-01 -5.375856161117553711e-01 -9.658427834510803223e-01 9.848389029502868652e-01 9.880475997924804688e-01 8.846368789672851562e-01 7.132769227027893066e-01 9.983427524566650391e-01 9.754858016967773438e-01 -9.613940715789794922e-01 -9.879242181777954102e-01
9.739968776702880859e-01 -8.470638394355773926e-01 9.835782051086425781e-01 9.926865100860595703e-01 9.984124898910522461e-01 9.882165193557739258e-01 -5.375856161117553711e-01 -9.658427834510803223e-01 9.848389029502868652e-01 9.880475997924804688e-01 8.846368789672851562e-01 7.132769227027893066e-01 9.983427524566650391e-01 9.754858016967773438e-01 -9.613940715789794922e-01 -9.879242181777954102e-01
9.739968776702880859e-01 -8.470638394355773926e-01 9.835782051086425781e-01 9.926865100860595703e-01 9.984124898910522461e-01 9.882165193557739258e-01 -5.375856161117553711e-01 -9.658427834510803223e-01 9.848389029502868652e-01 9.880475997924804688e-01 8.846368789672851562e-01 7.132769227027893066e-01 9.983427524566650391e-01 9.754858016967773438e-01 -9.613940715789794922e-01 -9.879242181777954102e-01
9.739968776702880859e-01 -8.470638394355773926e-01 9.835782051086425781e-01 9.926865100860595703e-01 9.984124898910522461e-01 9.882165193557739258e-01 -5.375856161117553711e-01 -9.658427834510803223e-01 9.848389029502868652e-01 9.880475997924804688e-01 8.846368789672851562e-01 7.132769227027893066e-01 9.983427524566650391e-01 9.754858016967773438e-01 -9.613940715789794922e-01 -9.879242181777954102e-01
9.739968776702880859e-01 -8.470638394355773926e-01 9.835782051086425781e-01 9.926865100860595703e-01 9.984124898910522461e-01 9.882165193557739258e-01 -5.375856161117553711e-01 -9.658427834510803223e-01 9.848389029502868652e-01 9.880475997924804688e-01 8.846368789672851562e-01 7.132769227027893066e-01 9.983427524566650391e-01 9.754858016967773438e-01 -9.613940715789794922e-01 -9.879242181777954102e-01
9.739968776702880859e-01 -8.470638394355773926e-01 9.835782051086425781e-01 9.926865100860595703e-01 9.984124898910522461e-01 9.882165193557739258e-01 -5.375856161117553711e-01 -9.658427834510803223e-01 9.848389029502868652e-01 9.880475997924804688e-01 8.846368789672851562e-01 7.132769227027893066e-01 9.983427524566650391e-01 9.754858016967773438e-01 -9.613940715789794922e-01 -9.879242181777954102e-01
9.739968776702880859e-01 -8.470638394355773926e-01 9.835782051086425781e-01 9.926865100860595703e-01 9.984124898910522461e-01 9.882165193557739258e-01 -5.375856161117553711e-01 -9.658427834510803223e-01 9.848389029502868652e-01 9.880475997924804688e-01 8.846368789672851562e-01 7.132769227027893066e-01 9.983427524566650391e-01 9.754858016967773438e-01 -9.613940715789794922e-01 -9.879242181777954102e-01
9.739968776702880859e-01 -8.470638394355773926e-01 9.835782051086425781e-01 9.926865100860595703e-01 9.984124898910522461e-01 9.882165193557739258e-01 -5.375856161117553711e-01 -9.658427834510803223e-01 9.848389029502868652e-01 9.880475997924804688e-01 8.846368789672851562e-01 7.132769227027893066e-01 9.983427524566650391e-01 9.754858016967773438e-01 -9.613940715789794922e-01 -9.879242181777954102e-01
9.739968776702880859e-01 -8.470638394355773926e-01 9.835782051086425781e-01 9.926865100860595703e-01 9.984124898910522461e-01 9.882165193557739258e-01 -5.375856161117553711e-01 -9.658427834510803223e-01 9.848389029502868652e-01 9.880475997924804688e-01 8.846368789672851562e-01 7.132769227027893066e-01 9.983427524566650391e-01 9.754858016967773438e-01 -9.613940715789794922e-01 -9.879242181777954102e-01
9.739968776702880859e-01 -8.470638394355773926e-01 9.835782051086425781e-01 9.926865100860595703e-01 9.984124898910522461e-01 9.882165193557739258e-01 -5.375856161117553711e-01 -9.658427834510803223e-01 9.848389029502868652e-01 9.880475997924804688e-01 8.846368789672851562e-01 7.132769227027893066e-01 9.983427524566650391e-01 9.754858016967773438e-01 -9.613940715789794922e-01 -9.879242181777954102e-01
9.739968776702880859e-01 -8.470638394355773926e-01 9.835782051086425781e-01 9.926865100860595703e-01 9.984124898910522461e-01 9.882165193557739258e-01 -5.375856161117553711e-01 -9.658427834510803223e-01 9.848389029502868652e-01 9.880475997924804688e-01 8.846368789672851562e-01 7.132769227027893066e-01 9.983427524566650391e-01 9.754858016967773438e-01 -9.613940715789794922e-01 -9.879242181777954102e-01
9.739968776702880859e-01 -8.470638394355773926e-01 9.835782051086425781e-01 9.926865100860595703e-01 9.984124898910522461e-01 9.882165193557739258e-01 -5.375856161117553711e-01 -9.658427834510803223e-01 9.848389029502868652e-01 9.880475997924804688e-01 8.846368789672851562e-01 7.132769227027893066e-01 9.983427524566650391e-01 9.754858016967773438e-01 -9.613940715789794922e-01 -9.879242181777954102e-01
9.739968776702880859e-01 -8.470638394355773926e-01 9.835782051086425781e-01 9.926865100860595703e-01 9.984124898910522461e-01 9.882165193557739258e-01 -5.375856161117553711e-01 -9.658427834510803223e-01 9.848389029502868652e-01 9.880475997924804688e-01 8.846368789672851562e-01 7.132769227027893066e-01 9.983427524566650391e-01 9.754858016967773438e-01 -9.613940715789794922e-01 -9.879242181777954102e-01
9.739968776702880859e-01 -8.470638394355773926e-01 9.835782051086425781e-01 9.926865100860595703e-01 9.984124898910522461e-01 9.882165193557739258e-01 -5.375856161117553711e-01 -9.658427834510803223e-01 9.848389029502868652e-01 9.880475997924804688e-01 8.846368789672851562e-01 7.132769227027893066e-01 9.983427524566650391e-01 9.754858016967773438e-01 -9.613940715789794922e-01 -9.879242181777954102e-01
9.739968776702880859e-01 -8.470638394355773926e-01 9.835782051086425781e-01 9.926865100860595703e-01 9.984124898910522461e-01 9.882165193557739258e-01 -5.375856161117553711e-01 -9.658427834510803223e-01 9.848389029502868652e-01 9.880475997924804688e-01 8.846368789672851562e-01 7.132769227027893066e-01 9.983427524566650391e-01 9.754858016967773438e-01 -9.613940715789794922e-01 -9.879242181777954102e-01
9.739968776702880859e-01 -8.470638394355773926e-01 9.835782051086425781e-01 9.926865100860595703e-01 9.984124898910522461e-01 9.882165193557739258e-01 -5.375856161117553711e-01 -9.658427834510803223e-01 9.848389029502868652e-01 9.880475997924804688e-01 8.846368789672851562e-01 7.132769227027893066e-01 9.983427524566650391e-01 9.754858016967773438e-01 -9.613940715789794922e-01 -9.879242181777954102e-01
9.739968776702880859e-01 -8.470638394355773926e-01 9.835782051086425781e-01 9.926865100860595703e-01 9.984124898910522461e-01 9.882165193557739258e-01 -5.375856161117553711e-01 -9.658427834510803223e-01 9.848389029502868652e-01 9.880475997924804688e-01 8.846368789672851562e-01 7.132769227027893066e-01 9.983427524566650391e-01 9.754858016967773438e-01 -9.613940715789794922e-01 -9.879242181777954102e-01
9.739968776702880859e-01 -8.470638394355773926e-01 9.835782051086425781e-01 9.926865100860595703e-01 9.984124898910522461e-01 9.882165193557739258e-01 -5.375856161117553711e-01 -9.658427834510803223e-01 9.848389029502868652e-01 9.880475997924804688e-01 8.846368789672851562e-01 7.132769227027893066e-01 9.983427524566650391e-01 9.754858016967773438e-01 -9.613940715789794922e-01 -9.879242181777954102e-01
9.739968776702880859e-01 -8.470638394355773926e-01 9.835782051086425781e-01 9.926865100860595703e-01 9.984124898910522461e-01 9.882165193557739258e-01 -5.375856161117553711e-01 -9.658427834510803223e-01 9.848389029502868652e-01 9.880475997924804688e-01 8.846368789672851562e-01 7.132769227027893066e-01 9.983427524566650391e-01 9.754858016967773438e-01 -9.613940715789794922e-01 -9.879242181777954102e-01
9.739968776702880859e-01 -8.470638394355773926e-01 9.835782051086425781e-01 9.926865100860595703e-01 9.984124898910522461e-01 9.882165193557739258e-01 -5.375856161117553711e-01 -9.658427834510803223e-01 9.848389029502868652e-01 9.880475997924804688e-01 8.846368789672851562e-01 7.132769227027893066e-01 9.983427524566650391e-01 9.754858016967773438e-01 -9.613940715789794922e-01 -9.879242181777954102e-01
9.739968776702880859e-01 -8.470638394355773926e-01 9.835782051086425781e-01 9.926865100860595703e-01 9.984124898910522461e-01 9.882165193557739258e-01 -5.375856161117553711e-01 -9.658427834510803223e-01 9.848389029502868652e-01 9.880475997924804688e-01 8.846368789672851562e-01 7.132769227027893066e-01 9.983427524566650391e-01 9.754858016967773438e-01 -9.613940715789794922e-01 -9.879242181777954102e-01
9.739968776702880859e-01 -8.470638394355773926e-01 9.835782051086425781e-01 9.926865100860595703e-01 9.984124898910522461e-01 9.882165193557739258e-01 -5.375856161117553711e-01 -9.658427834510803223e-01 9.848389029502868652e-01 9.880475997924804688e-01 8.846368789672851562e-01 7.132769227027893066e-01 9.983427524566650391e-01 9.754858016967773438e-01 -9.613940715789794922e-01 -9.879242181777954102e-01
9.739968776702880859e-01 -8.470638394355773926e-01 9.835782051086425781e-01 9.926865100860595703e-01 9.984124898910522461e-01 9.882165193557739258e-01 -5.375856161117553711e-01 -9.658427834510803223e-01 9.848389029502868652e-01 9.880475997924804688e-01 8.846368789672851562e-01 7.132769227027893066e-01 9.983427524566650391e-01 9.754858016967773438e-01 -9.613940715789794922e-01 -9.879242181777954102e-01
9.739968776702880859e-01 -8.470638394355773926e-01 9.835782051086425781e-01 9.926865100860595703e-01 9.984124898910522461e-01 9.882165193557739258e-01 -5.375856161117553711e-01 -9.658427834510803223e-01 9.848389029502868652e-01 9.880475997924804688e-01 8.846368789672851562e-01 7.132769227027893066e-01 9.983427524566650391e-01 9.754858016967773438e-01 -9.613940715789794922e-01 -9.879242181777954102e-01
9.739969968795776367e-01 -8.470637798309326172e-01 9.835780262947082520e-01 9.926864504814147949e-01 9.984126091003417969e-01 9.882165789604187012e-01 -5.375856161117553711e-01 -9.658427834510803223e-01 9.848388433456420898e-01 9.880475997924804688e-01 8.846369385719299316e-01 7.132768034934997559e-01 9.983427524566650391e-01 9.754858016967773438e-01 -9.613941311836242676e-01 -9.879242181777954102e-01
9.739969968795776367e-01 -8.470637798309326172e-01 9.835780262947082520e-01 9.926864504814147949e-01 9.984126091003417969e-01 9.882165789604187012e-01 -5.375856161117553711e-01 -9.658427834510803223e-01 9.848388433456420898e-01 9.880475997924804688e-01 8.846369385719299316e-01 7.132768034934997559e-01 9.983427524566650391e-01 9.754858016967773438e-01 -9.613941311836242676e-01 -9.879242181777954102e-01
9.739968776702880859e-01 -8.470638394355773926e-01 9.835782051086425781e-01 9.926865100860595703e-01 9.984124898910522461e-01 9.882165193557739258e-01 -5.375856161117553711e-01 -9.658427834510803223e-01 9.848389029502868652e-01 9.880475997924804688e-01 8.846368789672851562e-01 7.132769227027893066e-01 9.983427524566650391e-01 9.754858016967773438e-01 -9.613940715789794922e-01 -9.879242181777954102e-01
9.739968776702880859e-01 -8.470638394355773926e-01 9.835782051086425781e-01 9.926865100860595703e-01 9.984124898910522461e-01 9.882165193557739258e-01 -5.375856161117553711e-01 -9.658427834510803223e-01 9.848389029502868652e-01 9.880475997924804688e-01 8.846368789672851562e-01 7.132769227027893066e-01 9.983427524566650391e-01 9.754858016967773438e-01 -9.613940715789794922e-01 -9.879242181777954102e-01
9.739968776702880859e-01 -8.470638394355773926e-01 9.835782051086425781e-01 9.926865100860595703e-01 9.984124898910522461e-01 9.882165193557739258e-01 -5.375856161117553711e-01 -9.658427834510803223e-01 9.848389029502868652e-01 9.880475997924804688e-01 8.846368789672851562e-01 7.132769227027893066e-01 9.983427524566650391e-01 9.754858016967773438e-01 -9.613940715789794922e-01 -9.879242181777954102e-01
9.739968776702880859e-01 -8.470638394355773926e-01 9.835782051086425781e-01 9.926865100860595703e-01 9.984124898910522461e-01 9.882165193557739258e-01 -5.375856161117553711e-01 -9.658427834510803223e-01 9.848389029502868652e-01 9.880475997924804688e-01 8.846368789672851562e-01 7.132769227027893066e-01 9.983427524566650391e-01 9.754858016967773438e-01 -9.613940715789794922e-01 -9.879242181777954102e-01
