-9.518654346466064453e-01 9.674651026725769043e-01 -3.440208435058593750e-01 9.879189729690551758e-01 9.425153732299804688e-01 -7.162544131278991699e-01 5.958710312843322754e-01 -9.391062259674072266e-01 9.962021708488464355e-01 -9.851738810539245605e-01 5.410740971565246582e-01 6.871770620346069336e-01 9.976564049720764160e-01 9.229435324668884277e-01 9.922577738761901855e-01 -5.008707046508789062e-01
-9.354706406593322754e-01 9.680178761482238770e-01 -4.009181857109069824e-01 9.866465926170349121e-01 9.344913959503173828e-01 -6.851273775100708008e-01 8.000257611274719238e-01 -9.181637763977050781e-01 9.958406686782836914e-01 -9.737702608108520508e-01 5.699028372764587402e-01 8.253032565116882324e-01 9.986574053764343262e-01 9.711908698081970215e-01 9.947710633277893066e-01 -4.893554449081420898e-01
-9.291335940361022949e-01 9.659950733184814453e-01 -3.335162401199340820e-01 9.866718649864196777e-01 9.447783827781677246e-01 -7.122710943222045898e-01 8.004357814788818359e-01 -9.355813860893249512e-01 9.961984157562255859e-01 -9.780084490776062012e-01 5.929693579673767090e-01 8.144405484199523926e-01 9.985988140106201172e-01 9.698315858840942383e-01 9.931994080543518066e-01 -5.121142864227294922e-01
-9.285068511962890625e-01 9.659332036972045898e-01 -3.672745525836944580e-01 9.866762161254882812e-01 9.424808621406555176e-01 -6.923702359199523926e-01 8.075076341629028320e-01 -9.394059181213378906e-01 9.960285425186157227e-01 -9.773773550987243652e-01 5.934748649597167969e-01 8.024920821189880371e-01 9.986929893493652344e-01 9.705151319503784180e-01 9.933009147644042969e-01 -4.927449226379394531e-01
-9.277888536453247070e-01 9.650579094886779785e-01 -3.515697419643402100e-01 9.870092868804931641e-01 9.422317147254943848e-01 -6.944533586502075195e-01 8.043674826622009277e-01 -9.378502964973449707e-01 9.960336685180664062e-01 -9.779036045074462891e-01 5.923187732696533203e-01 8.064613938331604004e-01 9.986262321472167969e-01 9.693606495857238770e-01 9.932280182838439941e-01 -5.038766264915466309e-01
-9.277509450912475586e-01 9.654564857482910156e-01 -3.580684065818786621e-01 9.868676662445068359e-01 9.418517351150512695e-01 -6.938356757164001465e-01 8.059004545211791992e-01 -9.381527304649353027e-01 9.960288405418395996e-01 -9.776968359947204590e-01 5.939509868621826172e-01 8.027328252792358398e-01 9.986497759819030762e-01 9.697698950767517090e-01 9.932333230972290039e-01 -4.993121922016143799e-01
-9.277157187461853027e-01 9.651939272880554199e-01 -3.562681972980499268e-01 9.869377613067626953e-01 9.418413043022155762e-01 -6.939398646354675293e-01 8.051115274429321289e-01 -9.380579590797424316e-01 9.960234165191650391e-01 -9.777850508689880371e-01 5.931907296180725098e-01 8.043507933616638184e-01 9.986388087272644043e-01 9.695780873298645020e-01 9.932312965393066406e-01 -5.014575123786926270e-01
-9.277694225311279297e-01 9.653118848800659180e-01 -3.565268516540527344e-01 9.869071245193481445e-01 9.418277740478515625e-01 -6.940567493438720703e-01 8.053434491157531738e-01 -9.380820989608764648e-01 9.960282444953918457e-01 -9.777547121047973633e-01 5.935951471328735352e-01 8.038069009780883789e-01 9.986425042152404785e-01 9.696546196937561035e-01 9.932339191436767578e-01 -5.007326602935791016e-01
-9.277498126029968262e-01 9.652690291404724121e-01 -3.566178083419799805e-01 9.869172573089599609e-01 9.418305158615112305e-01 -6.939606070518493652e-01 8.052977919578552246e-01 -9.380854368209838867e-01 9.960254430770874023e-01 -9.777630567550659180e-01 5.934245586395263672e-01 8.039630651473999023e-01 9.986417889595031738e-01 9.696367383003234863e-01 9.932326674461364746e-01 -5.008425116539001465e-01
-9.277557134628295898e-01 9.652808308601379395e-01 -3.565025925636291504e-01 9.869152307510375977e-01 9.418358206748962402e-01 -6.940094232559204102e-01 8.052957653999328613e-01 -9.380775094032287598e-01 9.960265159606933594e-01 -9.777619838714599609e-01 5.934677124023437500e-01 8.039430975914001465e-01 9.986417889595031738e-01 9.696378111839294434e-01 9.932328462600708008e-01 -5.008707046508789062e-01
-9.277541041374206543e-01 9.652795791625976562e-01 -3.565741181373596191e-01 9.869150519371032715e-01 9.418331980705261230e-01 -6.939898729324340820e-01 8.053058981895446777e-01 -9.380820393562316895e-01 9.960260987281799316e-01 -9.777612090110778809e-01 5.934629440307617188e-01 8.039304614067077637e-01 9.986418485641479492e-01 9.696397781372070312e-01 9.932330250740051270e-01 -5.008358359336853027e-01
-9.603548049926757812e-01 9.510588049888610840e-01 -3.921601176261901855e-01 9.885395765304565430e-01 9.345145821571350098e-01 -6.884356141090393066e-01 7.557510733604431152e-01 -9.166553616523742676e-01 9.964398145675659180e-01 -9.770293235778808594e-01 4.616447687149047852e-01 7.194687724113464355e-01 9.975125193595886230e-01 9.536280035972595215e-01 9.896796345710754395e-01 -4.528327584266662598e-01
-9.621517062187194824e-01 9.541006684303283691e-01 -4.261259138584136963e-01 9.878991842269897461e-01 9.397742152214050293e-01 -7.063739299774169922e-01 7.490441203117370605e-01 -8.984345197677612305e-01 9.963750243186950684e-01 -9.756566286087036133e-01 4.447675049304962158e-01 7.377610802650451660e-01 9.971903562545776367e-01 9.495159983634948730e-01 9.910472631454467773e-01 -5.070182681083679199e-01
-9.637071490287780762e-01 9.563769102096557617e-01 -4.171121716499328613e-01 9.871881008148193359e-01 9.398217797279357910e-01 -7.213321328163146973e-01 7.437077760696411133e-01 -9.005677103996276855e-01 9.966945052146911621e-01 -9.754633903503417969e-01 4.575867652893066406e-01 7.479056715965270996e-01 9.972919225692749023e-01 9.508229494094848633e-01 9.914308190345764160e-01 -5.128666758537292480e-01
-9.641947150230407715e-01 9.565324187278747559e-01 -4.179451167583465576e-01 9.871401190757751465e-01 9.398587346076965332e-01 -7.191107273101806641e-01 7.449250221252441406e-01 -9.027155637741088867e-01 9.966937303543090820e-01 -9.754079580307006836e-01 4.564145803451538086e-01 7.500576376914978027e-01 9.973686933517456055e-01 9.520709514617919922e-01 9.914610385894775391e-01 -5.032592415809631348e-01
-9.641209840774536133e-01 9.564461708068847656e-01 -4.155066013336181641e-01 9.872235059738159180e-01 9.404931068420410156e-01 -7.184247970581054688e-01 7.452794909477233887e-01 -9.022690653800964355e-01 9.966754913330078125e-01 -9.754722118377685547e-01 4.545695483684539795e-01 7.504549622535705566e-01 9.973517656326293945e-01 9.519125223159790039e-01 9.914115667343139648e-01 -5.038870573043823242e-01
-9.640595316886901855e-01 9.565363526344299316e-01 -4.166364073753356934e-01 9.872049093246459961e-01 9.405650496482849121e-01 -7.184286713600158691e-01 7.456656694412231445e-01 -9.021886587142944336e-01 9.966762661933898926e-01 -9.754313230514526367e-01 4.548320770263671875e-01 7.494826316833496094e-01 9.973551034927368164e-01 9.519065618515014648e-01 9.914085865020751953e-01 -5.039730668067932129e-01
-9.640563726425170898e-01 9.564837813377380371e-01 -4.165908992290496826e-01 9.872097373008728027e-01 9.405104517936706543e-01 -7.184761762619018555e-01 7.454792261123657227e-01 -9.022094607353210449e-01 9.966778755187988281e-01 -9.754457473754882812e-01 4.548793137073516846e-01 7.497642040252685547e-01 9.973526597023010254e-01 9.518471360206604004e-01 9.914131760597229004e-01 -5.044245719909667969e-01
-9.640670418739318848e-01 9.565054178237915039e-01 -4.164959490299224854e-01 9.872053265571594238e-01 9.404928088188171387e-01 -7.185137867927551270e-01 7.454856634140014648e-01 -9.022259116172790527e-01 9.966790080070495605e-01 -9.754437804222106934e-01 4.549771547317504883e-01 7.497245073318481445e-01 9.973537325859069824e-01 9.518690705299377441e-01 9.914141297340393066e-01 -5.042690634727478027e-01
-9.640648365020751953e-01 9.564973115921020508e-01 -4.165397584438323975e-01 9.872072935104370117e-01 9.404954910278320312e-01 -7.184786796569824219e-01 7.454956769943237305e-01 -9.022276997566223145e-01 9.966782331466674805e-01 -9.754441380500793457e-01 4.549254179000854492e-01 7.497322559356689453e-01 9.973537921905517578e-01 9.518703222274780273e-01 9.914133548736572266e-01 -5.042346715927124023e-01
-9.640644788742065430e-01 9.564985036849975586e-01 -4.165143370628356934e-01 9.872073531150817871e-01 9.404993653297424316e-01 -7.184876799583435059e-01 7.454924583435058594e-01 -9.022216796875000000e-01 9.966782927513122559e-01 -9.754444956779479980e-01 4.549260735511779785e-01 7.497336268424987793e-01 9.973535537719726562e-01 9.518676996231079102e-01 9.914132356643676758e-01 -5.042625665664672852e-01
-9.640645384788513184e-01 9.564991593360900879e-01 -4.165292680263519287e-01 9.872070550918579102e-01 9.404981136322021484e-01 -7.184871435165405273e-01 7.454951405525207520e-01 -9.022234082221984863e-01 9.966782927513122559e-01 -9.754440188407897949e-01 4.549307823181152344e-01 7.497272491455078125e-01 9.973535537719726562e-01 9.518687129020690918e-01 9.914132952690124512e-01 -5.042553544044494629e-01
-9.640646576881408691e-01 9.564985632896423340e-01 -4.165243506431579590e-01 9.872072935104370117e-01 9.404982328414916992e-01 -7.184870839118957520e-01 7.454931735992431641e-01 -9.022234082221984863e-01 9.966782927513122559e-01 -9.754441380500793457e-01 4.549293816089630127e-01 7.497317194938659668e-01 9.973535537719726562e-01 9.518681168556213379e-01 9.914132952690124512e-01 -5.042590498924255371e-01
-9.640646576881408691e-01 9.564989209175109863e-01 -4.165248572826385498e-01 9.872072339057922363e-01 9.404981732368469238e-01 -7.184872627258300781e-01 7.454937696456909180e-01 -9.022233486175537109e-01 9.966783523559570312e-01 -9.754440784454345703e-01 4.549301564693450928e-01 7.497301101684570312e-01 9.973535537719726562e-01 9.518684148788452148e-01 9.914133548736572266e-01 -5.042569041252136230e-01
-9.640646576881408691e-01 9.564988017082214355e-01 -4.165250957012176514e-01 9.872071146965026855e-01 9.404981732368469238e-01 -7.184871435165405273e-01 7.454936504364013672e-01 -9.022233486175537109e-01 9.966783523559570312e-01 -9.754441976547241211e-01 4.549296200275421143e-01 7.497305274009704590e-01 9.973535537719726562e-01 9.518682956695556641e-01 9.914133548736572266e-01 -5.042573809623718262e-01
-9.640646576881408691e-01 9.564988017082214355e-01 -4.165248572826385498e-01 9.872071743011474609e-01 9.404981732368469238e-01 -7.184871435165405273e-01 7.454936504364013672e-01 -9.022233486175537109e-01 9.966782927513122559e-01 -9.754440784454345703e-01 4.549296796321868896e-01 7.497305274009704590e-01 9.973535537719726562e-01 9.518682956695556641e-01 9.914133548736572266e-01 -5.042574405670166016e-01
-9.640646576881408691e-01 9.564988017082214355e-01 -4.165250360965728760e-01 9.872071743011474609e-01 9.404981732368469238e-01 -7.184871435165405273e-01 7.454936504364013672e-01 -9.022233486175537109e-01 9.966782927513122559e-01 -9.754440784454345703e-01 4.549298584461212158e-01 7.497304081916809082e-01 9.973535537719726562e-01 9.518682956695556641e-01 9.914133548736572266e-01 -5.042573809623718262e-01
-9.640646576881408691e-01 9.564987421035766602e-01 -4.165249466896057129e-01 9.872071743011474609e-01 9.404981136322021484e-01 -7.184871435165405273e-01 7.454936504364013672e-01 -9.022233486175537109e-01 9.966782927513122559e-01 -9.754440784454345703e-01 4.549297094345092773e-01 7.497305274009704590e-01 9.973535537719726562e-01 9.518682956695556641e-01 9.914133548736572266e-01 -5.042573809623718262e-01
-9.640646576881408691e-01 9.564986824989318848e-01 -4.165248870849609375e-01 9.872071743011474609e-01 9.404981732368469238e-01 -7.184871435165405273e-01 7.454936504364013672e-01 -9.022233486175537109e-01 9.966782927513122559e-01 -9.754440784454345703e-01 4.549298584461212158e-01 7.497304081916809082e-01 9.973535537719726562e-01 9.518682956695556641e-01 9.914133548736572266e-01 -5.042573809623718262e-01
-9.640646576881408691e-01 9.564987421035766602e-01 -4.165250062942504883e-01 9.872071743011474609e-01 9.404981136322021484e-01 -7.184870839118957520e-01 7.454936504364013672e-01 -9.022233486175537109e-01 9.966782927513122559e-01 -9.754440784454345703e-01 4.549298584461212158e-01 7.497304081916809082e-01 9.973535537719726562e-01 9.518682956695556641e-01 9.914133548736572266e-01 -5.042573213577270508e-01
-9.640646576881408691e-01 9.564988017082214355e-01 -4.165248572826385498e-01 9.872071743011474609e-01 9.404981732368469238e-01 -7.184871435165405273e-01 7.454936504364013672e-01 -9.022234082221984863e-01 9.966782927513122559e-01 -9.754441976547241211e-01 4.549296796321868896e-01 7.497304081916809082e-01 9.973535537719726562e-01 9.518682956695556641e-01 9.914133548736572266e-01 -5.042573213577270508e-01
-9.640646576881408691e-01 9.564988017082214355e-01 -4.165248572826385498e-01 9.872071743011474609e-01 9.404981732368469238e-01 -7.184871435165405273e-01 7.454937696456909180e-01 -9.022234082221984863e-01 9.966782927513122559e-01 -9.754441976547241211e-01 4.549296796321868896e-01 7.497305274009704590e-01 9.973535537719726562e-01 9.518682956695556641e-01 9.914133548736572266e-01 -5.042573809623718262e-01
-9.640646576881408691e-01 9.564987421035766602e-01 -4.165249466896057129e-01 9.872071743011474609e-01 9.404981732368469238e-01 -7.184871435165405273e-01 7.454936504364013672e-01 -9.022233486175537109e-01 9.966782927513122559e-01 -9.754440784454345703e-01 4.549298584461212158e-01 7.497305274009704590e-01 9.973535537719726562e-01 9.518682956695556641e-01 9.914133548736572266e-01 -5.042573213577270508e-01
-9.640646576881408691e-01 9.564987421035766602e-01 -4.165248572826385498e-01 9.872071743011474609e-01 9.404981732368469238e-01 -7.184870839118957520e-01 7.454936504364013672e-01 -9.022234082221984863e-01 9.966782927513122559e-01 -9.754440784454345703e-01 4.549298584461212158e-01 7.497304081916809082e-01 9.973535537719726562e-01 9.518682956695556641e-01 9.914133548736572266e-01 -5.042572617530822754e-01
-9.640646576881408691e-01 9.564987421035766602e-01 -4.165248572826385498e-01 9.872071743011474609e-01 9.404981732368469238e-01 -7.184870839118957520e-01 7.454936504364013672e-01 -9.022234082221984863e-01 9.966782927513122559e-01 -9.754440784454345703e-01 4.549298584461212158e-01 7.497304081916809082e-01 9.973535537719726562e-01 9.518682956695556641e-01 9.914133548736572266e-01 -5.042572617530822754e-01
-9.640646576881408691e-01 9.564987421035766602e-01 -4.165250062942504883e-01 9.872071743011474609e-01 9.404981732368469238e-01 -7.184871435165405273e-01 7.454936504364013672e-01 -9.022233486175537109e-01 9.966782927513122559e-01 -9.754440784454345703e-01 4.549298584461212158e-01 7.497304081916809082e-01 9.973535537719726562e-01 9.518682956695556641e-01 9.914133548736572266e-01 -5.042572617530822754e-01
-9.640646576881408691e-01 9.564987421035766602e-01 -4.165248572826385498e-01 9.872071743011474609e-01 9.404981732368469238e-01 -7.184870839118957520e-01 7.454936504364013672e-01 -9.022234082221984863e-01 9.966782927513122559e-01 -9.754440784454345703e-01 4.549298584461212158e-01 7.497304081916809082e-01 9.973535537719726562e-01 9.518682956695556641e-01 9.914133548736572266e-01 -5.042572617530822754e-01
-9.640646576881408691e-01 9.564987421035766602e-01 -4.165248572826385498e-01 9.872071743011474609e-01 9.404981732368469238e-01 -7.184870839118957520e-01 7.454936504364013672e-01 -9.022233486175537109e-01 9.966782927513122559e-01 -9.754440784454345703e-01 4.549298584461212158e-01 7.497305274009704590e-01 9.973535537719726562e-01 9.518682956695556641e-01 9.914133548736572266e-01 -5.042573213577270508e-01
-9.640646576881408691e-01 9.564987421035766602e-01 -4.165249466896057129e-01 9.872071743011474609e-01 9.404981732368469238e-01 -7.184871435165405273e-01 7.454936504364013672e-01 -9.022234082221984863e-01 9.966782927513122559e-01 -9.754440784454345703e-01 4.549298584461212158e-01 7.497304081916809082e-01 9.973535537719726562e-01 9.518682956695556641e-01 9.914133548736572266e-01 -5.042572617530822754e-01
-9.640646576881408691e-01 9.564987421035766602e-01 -4.165249466896057129e-01 9.872071743011474609e-01 9.404981732368469238e-01 -7.184871435165405273e-01 7.454936504364013672e-01 -9.022234082221984863e-01 9.966782927513122559e-01 -9.754440784454345703e-01 4.549298584461212158e-01 7.497304081916809082e-01 9.973535537719726562e-01 9.518682956695556641e-01 9.914133548736572266e-01 -5.042572617530822754e-01
-9.640646576881408691e-01 9.564987421035766602e-01 -4.165249466896057129e-01 9.872071743011474609e-01 9.404981732368469238e-01 -7.184871435165405273e-01 7.454936504364013672e-01 -9.022233486175537109e-01 9.966782927513122559e-01 -9.754440784454345703e-01 4.549298584461212158e-01 7.497305274009704590e-01 9.973535537719726562e-01 9.518682956695556641e-01 9.914133548736572266e-01 -5.042573213577270508e-01
-9.640646576881408691e-01 9.564987421035766602e-01 -4.165248572826385498e-01 9.872071743011474609e-01 9.404981732368469238e-01 -7.184870839118957520e-01 7.454936504364013672e-01 -9.022234082221984863e-01 9.966782927513122559e-01 -9.754440784454345703e-01 4.549298584461212158e-01 7.497304081916809082e-01 9.973535537719726562e-01 9.518682956695556641e-01 9.914133548736572266e-01 -5.042572617530822754e-01
-9.640646576881408691e-01 9.564987421035766602e-01 -4.165249466896057129e-01 9.872071743011474609e-01 9.404981732368469238e-01 -7.184871435165405273e-01 7.454936504364013672e-01 -9.022234082221984863e-01 9.966782927513122559e-01 -9.754440784454345703e-01 4.549298584461212158e-01 7.497304081916809082e-01 9.973535537719726562e-01 9.518682956695556641e-01 9.914133548736572266e-01 -5.042572617530822754e-01
-9.640646576881408691e-01 9.564987421035766602e-01 -4.165248572826385498e-01 9.872071743011474609e-01 9.404981732368469238e-01 -7.184870839118957520e-01 7.454936504364013672e-01 -9.022233486175537109e-01 9.966782927513122559e-01 -9.754440784454345703e-01 4.549298584461212158e-01 7.497305274009704590e-01 9.973535537719726562e-01 9.518682956695556641e-01 9.914133548736572266e-01 -5.042573213577270508e-01
-9.640646576881408691e-01 9.564987421035766602e-01 -4.165248572826385498e-01 9.872071743011474609e-01 9.404981732368469238e-01 -7.184870839118957520e-01 7.454936504364013672e-01 -9.022233486175537109e-01 9.966782927513122559e-01 -9.754440784454345703e-01 4.549298584461212158e-01 7.497305274009704590e-01 9.973535537719726562e-01 9.518682956695556641e-01 9.914133548736572266e-01 -5.042573213577270508e-01
-9.640646576881408691e-01 9.564987421035766602e-01 -4.165249466896057129e-01 9.872071743011474609e-01 9.404981732368469238e-01 -7.184871435165405273e-01 7.454936504364013672e-01 -9.022234082221984863e-01 9.966782927513122559e-01 -9.754440784454345703e-01 4.549298584461212158e-01 7.497304081916809082e-01 9.973535537719726562e-01 9.518682956695556641e-01 9.914133548736572266e-01 -5.042572617530822754e-01
-9.640646576881408691e-01 9.564987421035766602e-01 -4.165249466896057129e-01 9.872071743011474609e-01 9.404981732368469238e-01 -7.184871435165405273e-01 7.454936504364013672e-01 -9.022234082221984863e-01 9.966782927513122559e-01 -9.754440784454345703e-01 4.549298584461212158e-01 7.497304081916809082e-01 9.973535537719726562e-01 9.518682956695556641e-01 9.914133548736572266e-01 -5.042572617530822754e-01
-9.640646576881408691e-01 9.564987421035766602e-01 -4.165248572826385498e-01 9.872071743011474609e-01 9.404981732368469238e-01 -7.184870839118957520e-01 7.454936504364013672e-01 -9.022233486175537109e-01 9.966782927513122559e-01 -9.754440784454345703e-01 4.549298584461212158e-01 7.497305274009704590e-01 9.973535537719726562e-01 9.518682956695556641e-01 9.914133548736572266e-01 -5.042573213577270508e-01
-9.640646576881408691e-01 9.564987421035766602e-01 -4.165248572826385498e-01 9.872071743011474609e-01 9.404981732368469238e-01 -7.184870839118957520e-01 7.454936504364013672e-01 -9.022233486175537109e-01 9.966782927513122559e-01 -9.754440784454345703e-01 4.549298584461212158e-01 7.497305274009704590e-01 9.973535537719726562e-01 9.518682956695556641e-01 9.914133548736572266e-01 -5.042573213577270508e-01
-9.640646576881408691e-01 9.564987421035766602e-01 -4.165248572826385498e-01 9.872071743011474609e-01 9.404981732368469238e-01 -7.184870839118957520e-01 7.454936504364013672e-01 -9.022233486175537109e-01 9.966782927513122559e-01 -9.754440784454345703e-01 4.549298584461212158e-01 7.497305274009704590e-01 9.973535537719726562e-01 9.518682956695556641e-01 9.914133548736572266e-01 -5.042573213577270508e-01
-9.640646576881408691e-01 9.564987421035766602e-01 -4.165249466896057129e-01 9.872071743011474609e-01 9.404981732368469238e-01 -7.184871435165405273e-01 7.454936504364013672e-01 -9.022233486175537109e-01 9.966782927513122559e-01 -9.754440784454345703e-01 4.549298584461212158e-01 7.497305274009704590e-01 9.973535537719726562e-01 9.518682956695556641e-01 9.914133548736572266e-01 -5.042573213577270508e-01
-9.640646576881408691e-01 9.564987421035766602e-01 -4.165249466896057129e-01 9.872071743011474609e-01 9.404981732368469238e-01 -7.184871435165405273e-01 7.454936504364013672e-01 -9.022233486175537109e-01 9.966782927513122559e-01 -9.754440784454345703e-01 4.549298584461212158e-01 7.497305274009704590e-01 9.973535537719726562e-01 9.518682956695556641e-01 9.914133548736572266e-01 -5.042573213577270508e-01
-9.640646576881408691e-01 9.564987421035766602e-01 -4.165249466896057129e-01 9.872071743011474609e-01 9.404981732368469238e-01 -7.184871435165405273e-01 7.454936504364013672e-01 -9.022233486175537109e-01 9.966782927513122559e-01 -9.754440784454345703e-01 4.549298584461212158e-01 7.497305274009704590e-01 9.973535537719726562e-01 9.518682956695556641e-01 9.914133548736572266e-01 -5.042573213577270508e-01
-9.640646576881408691e-01 9.564987421035766602e-01 -4.165249466896057129e-01 9.872071743011474609e-01 9.404981732368469238e-01 -7.184871435165405273e-01 7.454936504364013672e-01 -9.022233486175537109e-01 9.966782927513122559e-01 -9.754440784454345703e-01 4.549298584461212158e-01 7.497305274009704590e-01 9.973535537719726562e-01 9.518682956695556641e-01 9.914133548736572266e-01 -5.042573213577270508e-01
-9.640646576881408691e-01 9.564987421035766602e-01 -4.165249466896057129e-01 9.872071743011474609e-01 9.404981732368469238e-01 -7.184871435165405273e-01 7.454936504364013672e-01 -9.022233486175537109e-01 9.966782927513122559e-01 -9.754440784454345703e-01 4.549298584461212158e-01 7.497305274009704590e-01 9.973535537719726562e-01 9.518682956695556641e-01 9.914133548736572266e-01 -5.042573213577270508e-01
-9.640646576881408691e-01 9.564987421035766602e-01 -4.165249466896057129e-01 9.872071743011474609e-01 9.404981732368469238e-01 -7.184871435165405273e-01 7.454936504364013672e-01 -9.022233486175537109e-01 9.966782927513122559e-01 -9.754440784454345703e-01 4.549298584461212158e-01 7.497305274009704590e-01 9.973535537719726562e-01 9.518682956695556641e-01 9.914133548736572266e-01 -5.042573213577270508e-01
-9.640646576881408691e-01 9.564987421035766602e-01 -4.165249466896057129e-01 9.872071743011474609e-01 9.404981732368469238e-01 -7.184871435165405273e-01 7.454936504364013672e-01 -9.022233486175537109e-01 9.966782927513122559e-01 -9.754440784454345703e-01 4.549298584461212158e-01 7.497305274009704590e-01 9.973535537719726562e-01 9.518682956695556641e-01 9.914133548736572266e-01 -5.042573213577270508e-01
-9.640646576881408691e-01 9.564987421035766602e-01 -4.165249466896057129e-01 9.872071743011474609e-01 9.404981732368469238e-01 -7.184871435165405273e-01 7.454936504364013672e-01 -9.022233486175537109e-01 9.966782927513122559e-01 -9.754440784454345703e-01 4.549298584461212158e-01 7.497305274009704590e-01 9.973535537719726562e-01 9.518682956695556641e-01 9.914133548736572266e-01 -5.042573213577270508e-01
-9.640646576881408691e-01 9.564987421035766602e-01 -4.165249466896057129e-01 9.872071743011474609e-01 9.404981732368469238e-01 -7.184871435165405273e-01 7.454936504364013672e-01 -9.022233486175537109e-01 9.966782927513122559e-01 -9.754440784454345703e-01 4.549298584461212158e-01 7.497305274009704590e-01 9.973535537719726562e-01 9.518682956695556641e-01 9.914133548736572266e-01 -5.042573213577270508e-01
-9.640646576881408691e-01 9.564987421035766602e-01 -4.165249466896057129e-01 9.872071743011474609e-01 9.404981732368469238e-01 -7.184871435165405273e-01 7.454936504364013672e-01 -9.022233486175537109e-01 9.966782927513122559e-01 -9.754440784454345703e-01 4.549298584461212158e-01 7.497305274009704590e-01 9.973535537719726562e-01 9.518682956695556641e-01 9.914133548736572266e-01 -5.042573213577270508e-01
-9.640646576881408691e-01 9.564987421035766602e-01 -4.165249466896057129e-01 9.872071743011474609e-01 9.404981732368469238e-01 -7.184871435165405273e-01 7.454936504364013672e-01 -9.022233486175537109e-01 9.966782927513122559e-01 -9.754440784454345703e-01 4.549298584461212158e-01 7.497305274009704590e-01 9.973535537719726562e-01 9.518682956695556641e-01 9.914133548736572266e-01 -5.042573213577270508e-01
-9.640646576881408691e-01 9.564987421035766602e-01 -4.165249466896057129e-01 9.872071743011474609e-01 9.404981732368469238e-01 -7.184871435165405273e-01 7.454936504364013672e-01 -9.022233486175537109e-01 9.966782927513122559e-01 -9.754440784454345703e-01 4.549298584461212158e-01 7.497305274009704590e-01 9.973535537719726562e-01 9.518682956695556641e-01 9.914133548736572266e-01 -5.042573213577270508e-01
-9.640646576881408691e-01 9.564988017082214355e-01 -4.165248572826385498e-01 9.872071743011474609e-01 9.404981732368469238e-01 -7.184871435165405273e-01 7.454936504364013672e-01 -9.022234082221984863e-01 9.966782927513122559e-01 -9.754441976547241211e-01 4.549296796321868896e-01 7.497305274009704590e-01 9.973535537719726562e-01 9.518682956695556641e-01 9.914133548736572266e-01 -5.042573809623718262e-01
-9.640646576881408691e-01 9.564988017082214355e-01 -4.165248572826385498e-01 9.872071743011474609e-01 9.404981732368469238e-01 -7.184871435165405273e-01 7.454936504364013672e-01 -9.022234082221984863e-01 9.966782927513122559e-01 -9.754441976547241211e-01 4.549296796321868896e-01 7.497305274009704590e-01 9.973535537719726562e-01 9.518682956695556641e-01 9.914133548736572266e-01 -5.042573809623718262e-01
-9.640646576881408691e-01 9.564987421035766602e-01 -4.165249466896057129e-01 9.872071743011474609e-01 9.404981732368469238e-01 -7.184871435165405273e-01 7.454936504364013672e-01 -9.022233486175537109e-01 9.966782927513122559e-01 -9.754440784454345703e-01 4.549298584461212158e-01 7.497305274009704590e-01 9.973535537719726562e-01 9.518682956695556641e-01 9.914133548736572266e-01 -5.042573213577270508e-01
-9.640646576881408691e-01 9.564987421035766602e-01 -4.165249466896057129e-01 9.872071743011474609e-01 9.404981732368469238e-01 -7.184871435165405273e-01 7.454936504364013672e-01 -9.022233486175537109e-01 9.966782927513122559e-01 -9.754440784454345703e-01 4.549298584461212158e-01 7.497305274009704590e-01 9.973535537719726562e-01 9.518682956695556641e-01 9.914133548736572266e-01 -5.042573213577270508e-01
-9.640646576881408691e-01 9.564987421035766602e-01 -4.165249466896057129e-01 9.872071743011474609e-01 9.404981732368469238e-01 -7.184871435165405273e-01 7.454936504364013672e-01 -9.022233486175537109e-01 9.966782927513122559e-01 -9.754440784454345703e-01 4.549298584461212158e-01 7.497305274009704590e-01 9.973535537719726562e-01 9.518682956695556641e-01 9.914133548736572266e-01 -5.042573213577270508e-01
-9.640646576881408691e-01 9.564987421035766602e-01 -4.165249466896057129e-01 9.872071743011474609e-01 9.404981732368469238e-01 -7.184871435165405273e-01 7.454936504364013672e-01 -9.022233486175537109e-01 9.966782927513122559e-01 -9.754440784454345703e-01 4.549298584461212158e-01 7.497305274009704590e-01 9.973535537719726562e-01 9.518682956695556641e-01 9.914133548736572266e-01 -5.042573213577270508e-01
-9.640646576881408691e-01 9.564987421035766602e-01 -4.165249466896057129e-01 9.872071743011474609e-01 9.404981732368469238e-01 -7.184871435165405273e-01 7.454936504364013672e-01 -9.022233486175537109e-01 9.966782927513122559e-01 -9.754440784454345703e-01 4.549298584461212158e-01 7.497305274009704590e-01 9.973535537719726562e-01 9.518682956695556641e-01 9.914133548736572266e-01 -5.042573213577270508e-01
-9.640646576881408691e-01 9.564987421035766602e-01 -4.165249466896057129e-01 9.872071743011474609e-01 9.404981732368469238e-01 -7.184871435165405273e-01 7.454936504364013672e-01 -9.022233486175537109e-01 9.966782927513122559e-01 -9.754440784454345703e-01 4.549298584461212158e-01 7.497305274009704590e-01 9.973535537719726562e-01 9.518682956695556641e-01 9.914133548736572266e-01 -5.042573213577270508e-01
-9.640646576881408691e-01 9.564987421035766602e-01 -4.165249466896057129e-01 9.872071743011474609e-01 9.404981732368469238e-01 -7.184871435165405273e-01 7.454936504364013672e-01 -9.022233486175537109e-01 9.966782927513122559e-01 -9.754440784454345703e-01 4.549298584461212158e-01 7.497305274009704590e-01 9.973535537719726562e-01 9.518682956695556641e-01 9.914133548736572266e-01 -5.042573213577270508e-01
-9.640646576881408691e-01 9.564987421035766602e-01 -4.165249466896057129e-01 9.872071743011474609e-01 9.404981732368469238e-01 -7.184871435165405273e-01 7.454936504364013672e-01 -9.022233486175537109e-01 9.966782927513122559e-01 -9.754440784454345703e-01 4.549298584461212158e-01 7.497305274009704590e-01 9.973535537719726562e-01 9.518682956695556641e-01 9.914133548736572266e-01 -5.042573213577270508e-01
-9.640646576881408691e-01 9.564987421035766602e-01 -4.165249466896057129e-01 9.872071743011474609e-01 9.404981732368469238e-01 -7.184871435165405273e-01 7.454936504364013672e-01 -9.022233486175537109e-01 9.966782927513122559e-01 -9.754440784454345703e-01 4.549298584461212158e-01 7.497305274009704590e-01 9.973535537719726562e-01 9.518682956695556641e-01 9.914133548736572266e-01 -5.042573213577270508e-01
-9.640646576881408691e-01 9.564987421035766602e-01 -4.165249466896057129e-01 9.872071743011474609e-01 9.404981732368469238e-01 -7.184871435165405273e-01 7.454936504364013672e-01 -9.022233486175537109e-01 9.966782927513122559e-01 -9.754440784454345703e-01 4.549298584461212158e-01 7.497305274009704590e-01 9.973535537719726562e-01 9.518682956695556641e-01 9.914133548736572266e-01 -5.042573213577270508e-01
-9.640646576881408691e-01 9.564987421035766602e-01 -4.165249466896057129e-01 9.872071743011474609e-01 9.404981732368469238e-01 -7.184871435165405273e-01 7.454936504364013672e-01 -9.022233486175537109e-01 9.966782927513122559e-01 -9.754440784454345703e-01 4.549298584461212158e-01 7.497305274009704590e-01 9.973535537719726562e-01 9.518682956695556641e-01 9.914133548736572266e-01 -5.042573213577270508e-01
-9.640646576881408691e-01 9.564987421035766602e-01 -4.165249466896057129e-01 9.872071743011474609e-01 9.404981732368469238e-01 -7.184871435165405273e-01 7.454936504364013672e-01 -9.022233486175537109e-01 9.966782927513122559e-01 -9.754440784454345703e-01 4.549298584461212158e-01 7.497305274009704590e-01 9.973535537719726562e-01 9.518682956695556641e-01 9.914133548736572266e-01 -5.042573213577270508e-01
-9.640646576881408691e-01 9.564987421035766602e-01 -4.165249466896057129e-01 9.872071743011474609e-01 9.404981732368469238e-01 -7.184871435165405273e-01 7.454936504364013672e-01 -9.022233486175537109e-01 9.966782927513122559e-01 -9.754440784454345703e-01 4.549298584461212158e-01 7.497305274009704590e-01 9.973535537719726562e-01 9.518682956695556641e-01 9.914133548736572266e-01 -5.042573213577270508e-01
-9.640646576881408691e-01 9.564987421035766602e-01 -4.165249466896057129e-01 9.872071743011474609e-01 9.404981732368469238e-01 -7.184871435165405273e-01 7.454936504364013672e-01 -9.022233486175537109e-01 9.966782927513122559e-01 -9.754440784454345703e-01 4.549298584461212158e-01 7.497305274009704590e-01 9.973535537719726562e-01 9.518682956695556641e-01 9.914133548736572266e-01 -5.042573213577270508e-01
-9.640646576881408691e-01 9.564987421035766602e-01 -4.165249466896057129e-01 9.872071743011474609e-01 9.404981732368469238e-01 -7.184871435165405273e-01 7.454936504364013672e-01 -9.022233486175537109e-01 9.966782927513122559e-01 -9.754440784454345703e-01 4.549298584461212158e-01 7.497305274009704590e-01 9.973535537719726562e-01 9.518682956695556641e-01 9.914133548736572266e-01 -5.042573213577270508e-01
-9.640646576881408691e-01 9.564987421035766602e-01 -4.165249466896057129e-01 9.872071743011474609e-01 9.404981732368469238e-01 -7.184871435165405273e-01 7.454936504364013672e-01 -9.022233486175537109e-01 9.966782927513122559e-01 -9.754440784454345703e-01 4.549298584461212158e-01 7.497305274009704590e-01 9.973535537719726562e-01 9.518682956695556641e-01 9.914133548736572266e-01 -5.042573213577270508e-01
-9.640646576881408691e-01 9.564987421035766602e-01 -4.165249466896057129e-01 9.872071743011474609e-01 9.404981732368469238e-01 -7.184871435165405273e-01 7.454936504364013672e-01 -9.022233486175537109e-01 9.966782927513122559e-01 -9.754440784454345703e-01 4.549298584461212158e-01 7.497305274009704590e-01 9.973535537719726562e-01 9.518682956695556641e-01 9.914133548736572266e-01 -5.042573213577270508e-01
-9.640646576881408691e-01 9.564987421035766602e-01 -4.165249466896057129e-01 9.872071743011474609e-01 9.404981732368469238e-01 -7.184871435165405273e-01 7.454936504364013672e-01 -9.022233486175537109e-01 9.966782927513122559e-01 -9.754440784454345703e-01 4.549298584461212158e-01 7.497305274009704590e-01 9.973535537719726562e-01 9.518682956695556641e-01 9.914133548736572266e-01 -5.042573213577270508e-01
-9.640646576881408691e-01 9.564987421035766602e-01 -4.165249466896057129e-01 9.872071743011474609e-01 9.404981732368469238e-01 -7.184871435165405273e-01 7.454936504364013672e-01 -9.022233486175537109e-01 9.966782927513122559e-01 -9.754440784454345703e-01 4.549298584461212158e-01 7.497305274009704590e-01 9.973535537719726562e-01 9.518682956695556641e-01 9.914133548736572266e-01 -5.042573213577270508e-01
-9.640646576881408691e-01 9.564987421035766602e-01 -4.165249466896057129e-01 9.872071743011474609e-01 9.404981732368469238e-01 -7.184871435165405273e-01 7.454936504364013672e-01 -9.022233486175537109e-01 9.966782927513122559e-01 -9.754440784454345703e-01 4.549298584461212158e-01 7.497305274009704590e-01 9.973535537719726562e-01 9.518682956695556641e-01 9.914133548736572266e-01 -5.042573213577270508e-01
-9.640646576881408691e-01 9.564987421035766602e-01 -4.165249466896057129e-01 9.872071743011474609e-01 9.404981732368469238e-01 -7.184871435165405273e-01 7.454936504364013672e-01 -9.022233486175537109e-01 9.966782927513122559e-01 -9.754440784454345703e-01 4.549298584461212158e-01 7.497305274009704590e-01 9.973535537719726562e-01 9.518682956695556641e-01 9.914133548736572266e-01 -5.042573213577270508e-01
-9.640646576881408691e-01 9.564987421035766602e-01 -4.165249466896057129e-01 9.872071743011474609e-01 9.404981732368469238e-01 -7.184871435165405273e-01 7.454936504364013672e-01 -9.022233486175537109e-01 9.966782927513122559e-01 -9.754440784454345703e-01 4.549298584461212158e-01 7.497305274009704590e-01 9.973535537719726562e-01 9.518682956695556641e-01 9.914133548736572266e-01 -5.042573213577270508e-01
-9.640646576881408691e-01 9.564987421035766602e-01 -4.165249466896057129e-01 9.872071743011474609e-01 9.404981732368469238e-01 -7.184871435165405273e-01 7.454936504364013672e-01 -9.022233486175537109e-01 9.966782927513122559e-01 -9.754440784454345703e-01 4.549298584461212158e-01 7.497305274009704590e-01 9.973535537719726562e-01 9.518682956695556641e-01 9.914133548736572266e-01 -5.042573213577270508e-01
-9.640646576881408691e-01 9.564987421035766602e-01 -4.165249466896057129e-01 9.872071743011474609e-01 9.404981732368469238e-01 -7.184871435165405273e-01 7.454936504364013672e-01 -9.022233486175537109e-01 9.966782927513122559e-01 -9.754440784454345703e-01 4.549298584461212158e-01 7.497305274009704590e-01 9.973535537719726562e-01 9.518682956695556641e-01 9.914133548736572266e-01 -5.042573213577270508e-01
-9.640646576881408691e-01 9.564987421035766602e-01 -4.165249466896057129e-01 9.872071743011474609e-01 9.404981732368469238e-01 -7.184871435165405273e-01 7.454936504364013672e-01 -9.022233486175537109e-01 9.966782927513122559e-01 -9.754440784454345703e-01 4.549298584461212158e-01 7.497305274009704590e-01 9.973535537719726562e-01 9.518682956695556641e-01 9.914133548736572266e-01 -5.042573213577270508e-01
-9.640646576881408691e-01 9.564987421035766602e-01 -4.165249466896057129e-01 9.872071743011474609e-01 9.404981732368469238e-01 -7.184871435165405273e-01 7.454936504364013672e-01 -9.022233486175537109e-01 9.966782927513122559e-01 -9.754440784454345703e-01 4.549298584461212158e-01 7.497305274009704590e-01 9.973535537719726562e-01 9.518682956695556641e-01 9.914133548736572266e-01 -5.042573213577270508e-01
-9.640646576881408691e-01 9.564987421035766602e-01 -4.165249466896057129e-01 9.872071743011474609e-01 9.404981732368469238e-01 -7.184871435165405273e-01 7.454936504364013672e-01 -9.022233486175537109e-01 9.966782927513122559e-01 -9.754440784454345703e-01 4.549298584461212158e-01 7.497305274009704590e-01 9.973535537719726562e-01 9.518682956695556641e-01 9.914133548736572266e-01 -5.042573213577270508e-01
-9.640646576881408691e-01 9.564987421035766602e-01 -4.165249466896057129e-01 9.872071743011474609e-01 9.404981732368469238e-01 -7.184871435165405273e-01 7.454936504364013672e-01 -9.022233486175537109e-01 9.966782927513122559e-01 -9.754440784454345703e-01 4.549298584461212158e-01 7.497305274009704590e-01 9.973535537719726562e-01 9.518682956695556641e-01 9.914133548736572266e-01 -5.042573213577270508e-01
-9.640646576881408691e-01 9.564987421035766602e-01 -4.165249466896057129e-01 9.872071743011474609e-01 9.404981732368469238e-01 -7.184871435165405273e-01 7.454936504364013672e-01 -9.022233486175537109e-01 9.966782927513122559e-01 -9.754440784454345703e-01 4.549298584461212158e-01 7.497305274009704590e-01 9.973535537719726562e-01 9.518682956695556641e-01 9.914133548736572266e-01 -5.042573213577270508e-01
-9.640646576881408691e-01 9.564987421035766602e-01 -4.165249466896057129e-01 9.872071743011474609e-01 9.404981732368469238e-01 -7.184871435165405273e-01 7.454936504364013672e-01 -9.022233486175537109e-01 9.966782927513122559e-01 -9.754440784454345703e-01 4.549298584461212158e-01 7.497305274009704590e-01 9.973535537719726562e-01 9.518682956695556641e-01 9.914133548736572266e-01 -5.042573213577270508e-01
-9.640646576881408691e-01 9.564988017082214355e-01 -4.165248572826385498e-01 9.872071743011474609e-01 9.404981732368469238e-01 -7.184871435165405273e-01 7.454936504364013672e-01 -9.022234082221984863e-01 9.966782927513122559e-01 -9.754441976547241211e-01 4.549296796321868896e-01 7.497305274009704590e-01 9.973535537719726562e-01 9.518682956695556641e-01 9.914133548736572266e-01 -5.042573809623718262e-01
-9.640646576881408691e-01 9.564988017082214355e-01 -4.165248572826385498e-01 9.872071743011474609e-01 9.404981732368469238e-01 -7.184871435165405273e-01 7.454936504364013672e-01 -9.022234082221984863e-01 9.966782927513122559e-01 -9.754441976547241211e-01 4.549296796321868896e-01 7.497305274009704590e-01 9.973535537719726562e-01 9.518682956695556641e-01 9.914133548736572266e-01 -5.042573809623718262e-01
-9.640646576881408691e-01 9.564987421035766602e-01 -4.165249466896057129e-01 9.872071743011474609e-01 9.404981732368469238e-01 -7.184871435165405273e-01 7.454936504364013672e-01 -9.022233486175537109e-01 9.966782927513122559e-01 -9.754440784454345703e-01 4.549298584461212158e-01 7.497305274009704590e-01 9.973535537719726562e-01 9.518682956695556641e-01 9.914133548736572266e-01 -5.042573213577270508e-01
-9.640646576881408691e-01 9.564987421035766602e-01 -4.165249466896057129e-01 9.872071743011474609e-01 9.404981732368469238e-01 -7.184871435165405273e-01 7.454936504364013672e-01 -9.022233486175537109e-01 9.966782927513122559e-01 -9.754440784454345703e-01 4.549298584461212158e-01 7.497305274009704590e-01 9.973535537719726562e-01 9.518682956695556641e-01 9.914133548736572266e-01 -5.042573213577270508e-01
-9.640646576881408691e-01 9.564987421035766602e-01 -4.165249466896057129e-01 9.872071743011474609e-01 9.404981732368469238e-01 -7.184871435165405273e-01 7.454936504364013672e-01 -9.022233486175537109e-01 9.966782927513122559e-01 -9.754440784454345703e-01 4.549298584461212158e-01 7.497305274009704590e-01 9.973535537719726562e-01 9.518682956695556641e-01 9.914133548736572266e-01 -5.042573213577270508e-01
-9.640646576881408691e-01 9.564987421035766602e-01 -4.165249466896057129e-01 9.872071743011474609e-01 9.404981732368469238e-01 -7.184871435165405273e-01 7.454936504364013672e-01 -9.022233486175537109e-01 9.966782927513122559e-01 -9.754440784454345703e-01 4.549298584461212158e-01 7.497305274009704590e-01 9.973535537719726562e-01 9.518682956695556641e-01 9.914133548736572266e-01 -5.042573213577270508e-01
