0.663615
0.651758
0.634142
0.714865
0.732272
0.672085
0.678288
0.689120
0.732328
0.788025
0.732158
0.744523
0.737541
0.777296
0.758037
0.781707
0.794020
0.717106
0.743906
0.746487
0.761786
0.774681
0.767600
0.767752
0.744367
0.758838
0.779218
0.736738
0.799469
0.806122
0.525570
0.538368
0.469498
0.479860
0.495511
0.487996
0.500577
0.488045
0.510651
0.474963
0.531384
0.433189
0.510483
0.479860
0.510313
0.500444
0.473301
0.479860
0.494176
0.498894
0.639355
0.622896
0.601774
0.628630
0.607609
0.612170
0.632967
0.608037
0.629945
0.632781
0.824013
0.829672
0.785308
0.810626
0.781464
0.796192
0.762286
0.808277
0.831421
0.797661
0.808233
0.791278
0.752601
0.766697
0.788380
0.776883
0.798063
0.778526
0.823292
0.797580
0.784348
0.788380
0.784464
0.846261
0.787393
0.830951
0.798063
0.808198
0.821423
0.776733
0.801324
0.796092
0.819438
0.813383
0.796607
0.810587
0.803508
0.798761
0.798739
0.796358
0.722890
0.717956
0.767915
0.736686
0.726156
0.720193
0.743129
0.771901
0.765875
0.743129
0.613572
0.597782
0.592300
0.639113
0.638481
0.614979
0.614979
0.678803
0.623716
0.615986
0.680143
0.680143
0.700914
0.659687
0.680143
0.686183
0.714054
0.720161
0.707477
0.680143
0.532894
0.565875
0.580986
0.532966
0.565875
0.598628
0.517952
0.557092
0.592671
0.565875
0.544636
0.581557
0.511876
0.505798
0.538638
0.511599
0.544775
0.565576
0.542315
0.517519
0.632115
0.607633
0.635160
0.631724
0.632302
0.619260
0.581783
0.607633
0.618049
0.623248
0.565568
0.601659
0.581016
0.553192
0.577287
0.551705
0.620314
0.624849
0.629009
0.555058
0.677370
0.686096
0.677370
0.722939
0.689045
0.678406
0.655295
0.709445
0.680656
0.624362
0.685959
0.670075
0.707269
0.697566
0.727007
0.698790
0.711286
0.700035
0.709128
0.698790
0.680286
0.690325
0.694857
0.714761
0.726856
0.688492
0.719313
0.678861
0.698947
0.676229
0.707040
0.694158
0.699305
0.773524
0.739769
0.719850
0.743506
0.728492
0.720969
0.726195
0.708747
0.742417
0.708747
0.705822
0.708132
0.708747
0.713976
0.708747
0.699035
0.708747
0.724891
0.665785
0.730995
0.725864
0.723865
0.742079
0.720363
0.669986
0.751541
0.695582
0.709571
0.709571
0.710166
0.761684
0.672761
0.719130
0.709571
0.703819
0.709571
0.709571
0.696501
0.688597
0.724912
0.714278
0.700739
0.695210
0.754659
0.702526
0.673629
0.692671
0.653877
0.665750
0.640513
0.653877
0.640291
0.629392
0.639627
0.633253
0.640249
0.709124
0.600939
0.654123
0.640235
0.664327
0.705977
0.653763
0.660370
0.636816
0.640094
0.664365
0.668190
0.652681
0.705312
0.719281
0.677009
0.713117
0.709496
0.693299
0.666534
0.696707
0.668794
0.668065
0.675133
0.667921
0.622677
0.621894
0.681461
0.675240
0.638690
0.699602
0.659584
0.668851
0.683303
0.650147
0.625040
0.614778
0.605048
0.687648
0.659624
0.630525
0.657788
0.631057
0.580212
0.628636
0.652224
0.648066
0.630300
0.658099
0.666589
0.620099
0.678591
0.670141
0.680115
0.678591
0.671735
0.691690
0.671870
0.678591
0.677744
0.671301
0.777666
0.763677
0.721132
0.775211
0.755210
0.776122
0.756445
0.763677
0.734100
0.743254
0.777018
0.774807
0.744210
0.781440
0.781627
0.774782
0.802915
0.802509
0.784261
0.760540
0.795114
0.782691
0.820491
0.784261
0.762708
0.782548
0.793584
0.791880
0.814099
0.797357
0.784261
0.770599
0.749182
0.775412
0.785666
0.774532
0.781674
0.793056
0.784261
0.731382
0.787897
0.775248
0.795652
0.786133
0.803136
0.786133
0.779033
0.786133
0.786133
0.773521
0.664521
0.736399
0.722765
0.717346
0.753659
0.743373
0.736541
0.763981
0.736541
0.765003
0.738683
0.745838
0.715212
0.714935
0.749014
0.751998
0.704451
0.738490
0.715009
0.738002
0.644733
0.642588
0.617356
0.647324
0.633538
0.637728
0.646273
0.647187
0.636853
0.647477
0.628603
0.588240
0.609578
0.599890
0.577595
0.586844
0.643744
0.609578
0.641674
0.600043
0.597418
0.609858
0.583638
0.566790
0.597357
0.613309
0.585057
0.585639
0.592176
0.593877
0.552569
0.559953
0.533731
0.561186
0.536727
0.585508
0.578205
0.552579
0.636123
0.567448
0.617900
0.571805
0.586186
0.587581
0.573703
0.582364
0.586776
0.571818
0.571805
0.571805
0.621102
0.672529
0.674306
0.674319
0.636562
0.636586
0.677980
0.640476
0.605252
0.646381
0.644861
0.703311
0.698166
0.613845
0.656780
0.659578
0.657848
0.654427
0.654392
0.625318
0.749244
0.745085
0.717668
0.737345
0.740437
0.733960
0.727441
0.750822
0.749244
0.713879
0.759434
0.712246
0.752647
0.736943
0.730354
0.748069
0.745331
0.751690
0.766981
0.743673
0.758305
0.739214
0.729155
0.738281
0.757991
0.766041
0.747145
0.713974
0.744844
0.744363
0.744922
0.736248
0.706539
0.735510
0.729533
0.735943
0.736248
0.728388
0.771497
0.720684
0.742053
0.737510
0.680319
0.693456
0.737747
0.737348
0.691530
0.720172
0.720300
0.711442
0.649865
0.655244
0.684290
0.653434
0.668968
0.645659
0.670682
0.637335
0.700801
0.666786
0.536632
0.515815
0.536632
0.524816
0.646868
0.560254
0.593651
0.546956
0.531701
0.537912
0.555371
0.548763
0.522160
0.523085
0.532932
0.515143
0.568450
0.550424
0.541577
0.572794
0.593777
0.536579
0.504952
0.557599
0.591211
0.591639
0.558593
0.562740
0.557609
0.590820
0.577069
0.577069
0.578999
0.585473
0.580892
0.587386
0.603574
0.603127
0.573576
0.604877
0.647398
0.626871
0.655243
0.621861
0.629000
0.645160
0.597316
0.618001
0.658435
0.626871
0.551830
0.600306
0.583012
0.641837
0.583012
0.583012
0.617421
0.562923
0.583012
0.580075
0.823810
0.816387
0.823074
0.799397
0.825559
0.823810
0.813563
0.790283
0.843028
0.790940
0.756607
0.772455
0.769237
0.762776
0.769012
0.763639
0.763623
0.801182
0.753950
0.745171
0.809673
0.794307
0.763974
0.785499
0.819167
0.758183
0.806378
0.821370
0.786403
0.797273
0.776951
0.780345
0.731316
0.761591
0.774118
0.764112
0.800531
0.737019
0.722535
0.708710
0.723097
0.710319
0.722629
0.728799
0.720479
0.722262
0.706520
0.698636
0.660550
0.717446
0.639637
0.649582
0.639077
0.664792
0.671162
0.664792
0.617752
0.660107
0.652582
0.669941
0.569699
0.543753
0.540983
0.566935
0.562720
0.553963
0.556226
0.579022
0.566855
0.557481
0.565565
0.534074
0.572465
0.588818
0.572720
0.567361
0.584816
0.585328
0.559673
0.584648
0.519940
0.522638
0.532026
0.526509
0.481468
0.524913
0.507105
0.532429
0.529893
0.517834
0.569373
0.533081
0.594971
0.574760
0.544148
0.573954
0.525286
0.535618
0.573184
0.565586
0.568224
0.631377
0.638888
0.578462
0.595781
0.560208
0.595781
0.595781
0.595749
0.584787
0.727911
0.720593
0.671731
0.684557
0.701015
0.685082
0.639283
0.694289
0.660322
0.697565
0.710813
0.717018
0.727124
0.717018
0.717018
0.739835
0.709078
0.717018
0.699422
0.716349
0.768048
0.746848
0.720309
0.728318
0.737821
0.710720
0.693881
0.701751
0.737774
0.728934
0.719325
0.714613
0.723843
0.679816
0.721235
0.719325
0.717459
0.765237
0.717546
0.749759
0.749209
0.732858
0.745009
0.738319
0.719994
0.735126
0.738189
0.739806
0.728810
0.735254
0.691332
0.695954
0.682000
0.672621
0.678901
0.692531
0.749002
0.662197
0.680932
0.676259
0.689506
0.719996
0.719996
0.719996
0.719859
0.719996
0.719996
0.689050
0.719060
0.771036
0.671667
0.704942
0.706213
0.653733
0.662112
0.676343
0.714206
0.679586
0.629201
0.676028
0.652603
0.667781
0.669157
0.691513
0.633104
0.652784
0.654072
0.671758
0.638322
0.654072
0.656067
0.653657
0.585567
0.615911
0.601056
0.637909
0.626830
0.649701
0.596522
0.639979
0.672737
0.658473
0.695016
0.675040
0.648136
0.648136
0.655844
0.625683
0.648136
0.648136
0.693726
0.723688
0.720406
0.694935
0.673156
0.735974
0.715461
0.701525
0.715461
0.726379
0.751037
0.690499
0.758910
0.725827
0.768458
0.751037
0.765533
0.758095
0.744047
0.733086
0.773609
0.796488
0.774231
0.779629
0.786710
0.774294
0.780693
0.773609
0.715900
0.782035
0.773232
0.774375
0.789860
0.785728
0.799427
0.800752
0.796675
0.773752
0.801422
0.780441
0.795233
0.770022
0.769830
0.757889
0.801391
0.785774
0.815995
0.765141
0.765200
0.808723
0.795233
0.823020
0.824137
0.761099
0.844180
0.786932
0.794400
0.801881
0.795738
0.800345
0.807931
0.807931
0.814113
0.819898
0.803096
0.807931
0.807931
0.832401
0.779855
0.799953
0.731197
0.703168
0.731197
0.731197
0.729683
0.729817
0.740336
0.756900
0.704074
0.724211
0.698803
0.720462
0.652236
0.708990
0.713968
0.687586
0.687343
0.659446
0.688661
0.695671
0.643337
0.641486
0.701282
0.634433
0.674366
0.689130
0.684768
0.673429
0.674582
0.663155
0.622473
0.598004
0.599502
0.589647
0.588221
0.578745
0.600292
0.608065
0.599502
0.620287
0.629484
0.607799
0.675073
0.663241
0.614500
0.659311
0.658287
0.627986
0.634022
0.629484
0.760173
0.760173
0.752894
0.748253
0.749123
0.751339
0.753403
0.769121
0.752907
0.743478
0.791092
0.784481
0.801582
0.798494
0.819911
0.802526
0.801684
0.802526
0.803373
0.771124
0.753940
0.743081
0.760277
0.747325
0.759333
0.760277
0.756481
0.760277
0.725320
0.760277
0.714528
0.782076
0.753743
0.756146
0.746094
0.772261
0.755329
0.755717
0.785052
0.764253
0.793753
0.803251
0.775421
0.798333
0.793753
0.790048
0.792895
0.793753
0.794226
0.794644
0.769607
0.765194
0.788609
0.794947
0.781034
0.798541
0.775940
0.788609
0.793299
0.827584
0.733264
0.699753
0.725968
0.717480
0.741401
0.742827
0.717375
0.733264
0.748704
0.733264
0.741009
0.722034
0.742602
0.687432
0.730039
0.781737
0.715149
0.767665
0.734363
0.731398
0.701119
0.701119
0.701119
0.701119
0.695194
0.701119
0.680524
0.701119
0.690819
0.712045
0.665239
0.677437
0.663641
0.678979
0.663967
0.666621
0.679091
0.684544
0.657503
0.709710
0.721437
0.686432
0.705447
0.683181
0.700326
0.700326
0.696862
0.707398
0.635305
0.680019
0.784874
0.787781
0.759938
0.770552
0.805716
0.758820
0.792422
0.784761
0.774828
0.773447
0.828750
0.849592
0.866214
0.848313
0.851405
0.849592
0.843050
0.830363
0.862349
0.837218
0.788953
0.816432
0.798673
0.803938
0.808995
0.774491
0.777198
0.812241
0.825718
0.798673
0.855582
0.835826
0.799698
0.800895
0.808781
0.795464
0.787466
0.801430
0.815533
0.808781
0.812443
0.807558
0.814753
0.796205
0.808781
0.810899
0.816412
0.798856
0.798607
0.808781
0.836982
0.820423
0.840886
0.840810
0.823032
0.840333
0.840333
0.861181
0.836023
0.841383
0.806679
0.820077
0.820633
0.841411
0.830143
0.820633
0.786900
0.815102
0.804565
0.827773
0.760781
0.737093
0.747408
0.749048
0.783574
0.749048
0.720871
0.756140
0.768744
0.758133
0.726802
0.746832
0.747831
0.737497
0.761493
0.753866
0.760956
0.761326
0.753866
0.757254
0.753866
0.768506
0.765994
0.753866
0.771833
0.770600
0.745648
0.756965
0.753866
0.740134
0.856607
0.829232
0.841246
0.864773
0.849757
0.828650
0.856980
0.854562
0.845883
0.831449
0.838443
0.792122
0.827391
0.834281
0.817881
0.822203
0.814939
0.831097
0.789590
0.824663
0.882402
0.866691
0.863334
0.868167
0.866561
0.872224
0.868231
0.872672
0.877302
0.879870
0.876580
0.876900
0.843235
0.867811
0.861683
0.879843
0.872862
0.868788
0.879081
0.863823
0.884981
0.891629
0.871742
0.882065
0.886080
0.873730
0.873880
0.878109
0.873651
0.882065
0.830430
0.830378
0.825856
0.812320
0.813772
0.836887
0.841517
0.817370
0.810502
0.827350
0.857830
0.884742
0.873288
0.866132
0.879051
0.857791
0.872834
0.876007
0.864532
0.873161
0.854717
0.862595
0.877060
0.852544
0.878184
0.873447
0.847466
0.879010
0.870345
0.881386
0.790970
0.810657
0.782682
0.796433
0.777904
0.792660
0.781274
0.791898
0.787868
0.800519
0.789190
0.802299
0.787117
0.789190
0.785417
0.757697
0.802496
0.785845
0.761648
0.770588
0.784944
0.795360
0.767943
0.798819
0.795282
0.792538
0.798554
0.781644
0.786860
0.756191
0.821413
0.821413
0.811840
0.820418
0.827371
0.834868
0.821413
0.831677
0.822582
0.827419
0.838589
0.836364
0.847844
0.836364
0.834265
0.836364
0.854250
0.840202
0.836364
0.854540
0.842664
0.860499
0.855979
0.832290
0.854103
0.855940
0.859629
0.848332
0.854103
0.864990
0.869100
0.854954
0.861837
0.861787
0.847399
0.868460
0.864486
0.836962
0.839689
0.857705
0.838804
0.849942
0.840949
0.848290
0.868802
0.857734
0.859783
0.840016
0.847255
0.853071
0.869510
0.856605
0.851231
0.854812
0.856231
0.862280
0.859675
0.867456
0.863363
0.856231
0.878196
0.849883
0.850460
0.863308
0.869140
0.867514
0.875755
0.875232
0.844619
0.874475
0.873134
0.871408
0.879127
0.888215
0.888844
0.878397
0.867439
0.882500
0.886508
0.867439
0.882432
0.839735
0.839060
0.837216
0.862022
0.844470
0.856795
0.862099
0.858826
0.866055
0.857686
0.871786
0.857158
0.870815
0.861150
0.848579
0.847889
0.862967
0.853590
0.858905
0.895434
0.868861
0.873194
0.877006
0.885921
0.878172
0.881526
0.868332
0.876386
0.879213
0.858290
0.855569
0.864608
0.861791
0.855569
0.877109
0.855569
0.868490
0.855569
0.881304
0.857368
0.884550
0.861071
0.870570
0.857368
0.869920
0.870182
0.867964
0.846012
0.864945
0.854236
0.859084
0.854319
0.870181
0.856822
0.849254
0.857101
0.857713
0.879177
0.857254
0.813300
0.823872
0.830901
0.835194
0.839421
0.830481
0.833147
0.840650
0.826466
0.847573
0.822640
0.829296
0.816865
0.823038
0.820859
0.828169
0.822914
0.840147
0.827150
0.856785
0.848226
0.845972
0.837267
0.821070
0.842019
0.827094
0.836429
0.842219
0.845637
0.821094
0.854542
0.873725
0.867448
0.853169
0.854393
0.872108
0.855005
0.860762
0.864450
0.873300
0.884492
0.865715
0.902854
0.877270
0.894539
0.883027
0.865289
0.875825
0.882627
0.883107
0.884328
0.897069
0.885575
0.883591
0.885128
0.887311
0.849758
0.902364
0.882467
0.886392
0.895211
0.884888
0.884888
0.884888
0.896837
0.878496
0.892143
0.885032
0.886411
0.872363
0.886552
0.885032
0.890170
0.863532
0.884751
0.887373
0.884888
0.884489
0.879354
0.880429
0.882058
0.861708
0.863183
0.875082
0.885328
0.863183
0.863101
0.859719
0.886845
0.863183
0.886302
0.901946
0.882134
0.883978
0.883950
0.905230
0.902735
0.894846
0.891681
0.882539
0.899535
0.895524
0.901830
0.895351
0.904697
0.927244
0.923915
0.900765
0.895351
0.893834
0.895025
0.905392
0.894909
0.905392
0.904472
0.901032
0.905392
0.893410
0.890399
0.906806
0.918974
0.852010
0.920426
0.923552
0.927399
0.913830
0.909678
0.931462
0.913290
0.924073
0.926827
0.924997
0.931807
0.929376
0.926827
0.923033
0.920551
0.916259
0.912125
0.908539
0.924558
0.929816
0.923056
0.931726
0.933085
0.921716
0.934263
0.928153
0.920265
0.928010
0.881822
0.889622
0.886483
0.892527
0.873745
0.883791
0.879204
0.889976
0.889355
0.890076
0.877540
0.866981
0.883477
0.874592
0.881621
0.891011
0.866876
0.873410
0.867645
0.863158
0.892435
0.889892
0.892387
0.884603
0.902043
0.889674
0.866261
0.879184
0.892540
0.881539
0.871750
0.886502
0.889043
0.870171
0.888618
0.862661
0.888694
0.881222
0.898307
0.888618
0.886030
0.884350
0.882097
0.884346
0.893532
0.893599
0.893599
0.889058
0.891611
0.877357
0.872634
0.870821
0.863235
0.872634
0.878045
0.875467
0.895454
0.863539
0.871590
0.849578
0.891934
0.914132
0.898075
0.896794
0.897956
0.879922
0.905686
0.900562
0.900948
0.897452
0.899024
0.903680
0.901995
0.906828
0.916118
0.885006
0.881967
0.911250
0.901995
0.897421
0.905155
0.917524
0.894541
0.904444
0.904582
0.924171
0.903726
0.903095
0.897638
0.917161
0.863607
0.850878
0.871534
0.863482
0.861996
0.866003
0.863607
0.858637
0.862885
0.858583
0.870968
0.840948
0.852978
0.863607
0.872638
0.863384
0.845245
0.841105
0.878572
0.863557
0.863951
0.863607
0.863281
0.836463
0.835387
0.864458
0.859471
0.866128
0.874531
0.845900
0.898527
0.909997
0.901099
0.914902
0.888734
0.895885
0.898340
0.910995
0.908670
0.870443
0.889344
0.896658
0.901721
0.898745
0.900034
0.893464
0.895551
0.893407
0.888805
0.898224
0.893440
0.898563
0.915528
0.894250
0.913187
0.895789
0.889121
0.902131
0.900683
0.889530
0.899078
0.899214
0.896658
0.898138
0.911083
0.893927
0.891357
0.898027
0.899214
0.893458
0.887502
0.889537
0.910370
0.889619
0.897114
0.898089
0.881492
0.898089
0.898089
0.893053
0.898038
0.893016
0.894437
0.890882
0.890534
0.896667
0.897623
0.870888
0.888368
0.897623
0.928717
0.916623
0.911720
0.902958
0.913991
0.918579
0.911836
0.907691
0.908454
0.911364
0.910950
0.915163
0.910950
0.919357
0.914359
0.898481
0.915170
0.924611
0.921133
0.909331
0.896708
0.921363
0.899075
0.899710
0.883741
0.896550
0.896550
0.919755
0.910990
0.890723
0.888749
0.878929
0.894766
0.887916
0.887945
0.871559
0.872985
0.893973
0.887926
0.887990
0.871625
0.879814
0.873875
0.880292
0.879184
0.884155
0.876034
0.878984
0.879764
0.892392
0.887964
0.883616
0.879139
0.865084
0.894231
0.894160
0.877771
0.895654
0.883981
0.879764
0.893421
0.892143
0.893421
0.902345
0.873707
0.902142
0.893421
0.875864
0.906947
0.909803
0.897802
0.890028
0.893390
0.892047
0.896546
0.892206
0.901726
0.883555
0.883188
0.909989
0.881848
0.897789
0.896842
0.906378
0.882327
0.891206
0.895819
0.874172
0.881848
0.892492
0.900946
0.894103
0.901254
0.901452
0.901582
0.902499
0.902394
0.887447
0.902676
0.901972
0.866279
0.905162
0.907092
0.893021
0.900288
0.893109
0.883785
0.891513
0.906984
0.895315
0.884655
0.899895
0.899365
0.907754
0.887158
0.891028
0.893056
0.883674
0.891965
0.891048
0.890112
0.878619
0.889117
0.899575
0.889209
0.890061
0.881208
0.914062
0.902430
0.891683
0.901254
0.900943
0.917088
0.903451
0.890589
0.894378
0.895385
0.889153
0.874191
0.901798
0.906440
0.898817
0.902533
0.902791
0.879595
0.891651
0.890063
0.892024
0.893161
0.880210
0.907541
0.888825
0.894257
0.895760
0.895239
0.907175
0.896038
0.894615
0.886453
0.895975
0.895246
0.897199
0.896318
0.895239
0.895040
0.895591
0.894319
0.908784
0.894980
0.906489
0.894981
0.896484
0.905580
0.895004
0.897516
0.896940
0.896916
0.920733
0.895978
0.896813
0.860143
0.870400
0.874011
0.871439
0.877238
0.870613
0.858819
0.861084
0.870462
0.869891
0.857943
0.859562
0.856523
0.883229
0.839801
0.873107
0.860143
0.875752
0.860143
0.857286
0.886491
0.870579
0.858853
0.874278
0.863303
0.871783
0.877219
0.860143
0.862201
0.858018
0.913504
0.916792
0.908700
0.896553
0.909866
0.917063
0.903092
0.908700
0.904840
0.908700
0.912387
0.913071
0.908239
0.907654
0.918683
0.916403
0.917451
0.912121
0.918805
0.920192
0.905512
0.914748
0.909001
0.904435
0.909455
0.909001
0.907171
0.913867
0.909843
0.913985
0.881493
0.882053
0.873944
0.884159
0.880116
0.882543
0.881778
0.882626
0.882582
0.880661
0.896100
0.887127
0.883901
0.890678
0.890598
0.888014
0.882626
0.868377
0.895615
0.887243
0.885217
0.885004
0.889001
0.887576
0.892968
0.864118
0.886282
0.881191
0.887602
0.892197
0.902892
0.894321
0.902892
0.905647
0.902892
0.899005
0.895498
0.912739
0.911480
0.897279
0.915354
0.912976
0.895415
0.904158
0.893398
0.914967
0.914366
0.899401
0.903184
0.917276
0.902183
0.904350
0.898399
0.914839
0.911578
0.900906
0.898982
0.902632
0.907026
0.899486
0.881545
0.886690
0.890689
0.891023
0.893537
0.886741
0.886595
0.888196
0.893810
0.888045
0.886986
0.886530
0.884532
0.884565
0.880583
0.890202
0.877467
0.889252
0.886530
0.875262
0.897424
0.890840
0.883639
0.887538
0.886530
0.890286
0.888510
0.883612
0.880334
0.886530
0.884616
0.884347
0.880459
0.871756
0.880322
0.881963
0.890792
0.881963
0.884616
0.877305
0.881176
0.884998
0.897045
0.877452
0.881062
0.881963
0.892369
0.881963
0.868539
0.892707
0.884271
0.876014
0.877810
0.894189
0.878052
0.881963
0.872404
0.881963
0.868849
0.869061
0.898067
0.901367
0.883384
0.900327
0.901988
0.899038
0.911222
0.879436
0.883020
0.901013
0.900517
0.885028
0.894879
0.893430
0.897707
0.898067
0.898067
0.888689
0.897716
0.901948
0.897958
0.898067
0.877665
0.911608
0.896136
0.895136
0.896003
0.898917
0.893907
0.910204
0.909813
0.908812
0.907472
0.905319
0.910128
0.908044
0.909813
0.912447
0.903633
0.908497
0.908766
0.896239
0.911074
0.908077
0.909263
0.907565
0.910894
0.906563
0.911325
0.909735
0.907536
0.909811
0.909286
0.909743
0.909813
0.913625
0.905458
0.909679
0.902906
0.909813
0.912079
0.919984
0.928448
0.921831
0.907456
0.921998
0.901452
0.924575
0.926696
0.922352
0.925667
0.924575
0.916252
0.925473
0.922717
0.920645
0.923769
0.924575
0.923896
0.922389
0.922192
0.924062
0.923308
0.917166
0.924575
0.925734
0.921472
0.926327
0.923547
0.924575
0.896838
0.890797
0.899287
0.899784
0.900192
0.887766
0.895824
0.897180
0.898119
0.894251
0.893214
0.897814
0.854925
0.896147
0.899777
0.899784
0.890140
0.895424
0.902270
0.880938
0.896029
0.899948
0.889320
0.899650
0.900673
0.896238
0.899656
0.894977
0.895333
0.876939
0.941839
0.926374
0.941359
0.938494
0.932546
0.943122
0.938469
0.937400
0.936064
0.942569
0.942634
0.925655
0.939519
0.942565
0.930589
0.931841
0.922908
0.938729
0.940759
0.933137
0.937638
0.940767
0.941323
0.943959
0.937686
0.935232
0.937114
0.940767
0.939919
0.936289
0.917280
0.917004
0.921407
0.926739
0.929509
0.913340
0.928510
0.922776
0.921295
0.921228
0.912445
0.926739
0.929662
0.925789
0.925645
0.921363
0.926739
0.921736
0.918803
0.916538
0.925135
0.925135
0.924939
0.925532
0.925884
0.918102
0.929549
0.925692
0.927759
0.922297
0.897712
0.905013
0.900927
0.907159
0.908519
0.903457
0.906058
0.897838
0.903874
0.901244
0.904183
0.890012
0.897867
0.899933
0.897077
0.902258
0.892732
0.908344
0.904879
0.902780
0.900781
0.901410
0.897775
0.908558
0.903966
0.892237
0.889029
0.905357
0.901809
0.894084
0.927450
0.931150
0.915357
0.919711
0.932415
0.930779
0.918703
0.932024
0.930529
0.934987
0.930882
0.917529
0.928992
0.927866
0.930797
0.920302
0.931655
0.931920
0.930106
0.933721
0.935911
0.930917
0.928396
0.929433
0.929993
0.930941
0.934862
0.931920
0.925765
0.929188
0.912073
0.906349
0.907316
0.911052
0.911818
0.907506
0.907675
0.912073
0.907370
0.889358
0.912073
0.912547
0.885938
0.906349
0.906942
0.911779
0.913622
0.913456
0.915405
0.910405
0.910084
0.910629
0.913602
0.912055
0.901539
0.910002
0.917232
0.901171
0.912073
0.911722
0.911024
0.912763
0.914149
0.915197
0.896910
0.908966
0.915666
0.909650
0.910885
0.913856
0.913184
0.915855
0.903398
0.913768
0.915179
0.915249
0.911208
0.911133
0.915255
0.909820
0.918011
0.913184
0.913184
0.912229
0.911500
0.913184
0.909921
0.903239
0.915197
0.914849
0.906223
0.910739
0.914134
0.907188
0.911140
0.907021
0.900151
0.911738
0.913027
0.915861
0.906284
0.907228
0.912859
0.912665
0.912513
0.902755
0.901213
0.916965
0.909148
0.907639
0.913027
0.894774
0.913027
0.915937
0.911984
0.914957
0.914957
0.908117
0.915880
0.908063
0.901381
0.907875
0.920363
0.915737
0.908694
0.916316
0.916358
0.910346
0.917810
0.915000
0.908982
0.907422
0.915315
0.914421
0.904434
0.911556
0.908673
0.917778
0.912105
0.915423
0.916150
0.914736
0.911599
0.905856
0.918945
0.915897
0.908061
0.911632
0.915737
0.908675
0.921172
0.920412
0.911832
0.920691
0.924683
0.923731
0.918971
0.920601
0.925018
0.925238
0.918964
0.910565
0.916485
0.914743
0.908440
0.907213
0.924640
0.924839
0.923160
0.920185
0.922255
0.914997
0.925079
0.924172
0.920437
0.917092
0.907920
0.914347
0.916945
0.918428
0.879544
0.893802
0.887936
0.889127
0.893494
0.873005
0.888061
0.884430
0.890551
0.890551
0.891092
0.878180
0.881884
0.885891
0.891580
0.891805
0.885838
0.890551
0.891205
0.879212
0.891216
0.892539
0.891786
0.890551
0.889403
0.885779
0.890589
0.871921
0.883644
0.891805
0.909446
0.912846
0.919155
0.901606
0.909059
0.909755
0.910965
0.903615
0.912564
0.901420
0.918108
0.905660
0.914145
0.913698
0.916751
0.900019
0.913698
0.900286
0.913698
0.901776
0.913698
0.900230
0.915047
0.913770
0.917858
0.903334
0.911802
0.907099
0.908193
0.916836
0.909582
0.918428
0.912632
0.915102
0.906541
0.917683
0.914288
0.915852
0.913369
0.917683
0.915247
0.907487
0.913830
0.914362
0.918443
0.898755
0.910687
0.914763
0.905414
0.918180
0.915080
0.915073
0.913617
0.904404
0.906592
0.908853
0.913439
0.909064
0.917755
0.912670
0.912015
0.910238
0.916827
0.920191
0.916827
0.912416
0.920239
0.919331
0.916827
0.916827
0.915703
0.920187
0.895939
0.921822
0.920340
0.916526
0.916827
0.918228
0.917801
0.910238
0.922263
0.917991
0.916485
0.914034
0.917759
0.917647
0.920558
0.913036
0.912655
0.918056
0.887624
0.878160
0.890312
0.883920
0.882077
0.890807
0.890877
0.891724
0.890788
0.881847
0.879535
0.890574
0.890510
0.889741
0.882669
0.890333
0.890252
0.886231
0.889400
0.890574
0.879631
0.889576
0.874117
0.886900
0.888125
0.889400
0.883223
0.884699
0.874851
0.880234
0.910613
0.908107
0.910912
0.895433
0.904055
0.904916
0.896646
0.914183
0.911091
0.907501
0.897919
0.903033
0.903379
0.905242
0.913241
0.915871
0.911526
0.899468
0.911471
0.912080
0.899458
0.911654
0.910394
0.914042
0.911528
0.913935
0.911930
0.905289
0.911526
0.911612
0.901715
0.896322
0.904203
0.898910
0.901967
0.898214
0.900176
0.895277
0.898297
0.904666
0.904203
0.896205
0.904203
0.902029
0.888186
0.903339
0.904203
0.904608
0.895277
0.905920
0.907456
0.895506
0.889379
0.890936
0.905822
0.891979
0.904441
0.902878
0.898971
0.904203
0.911436
0.912338
0.910671
0.906277
0.910974
0.909650
0.904916
0.909723
0.905453
0.911676
0.911676
0.907112
0.899323
0.899831
0.910196
0.906473
0.909952
0.910007
0.911676
0.910826
0.905233
0.909268
0.914311
0.910703
0.910196
0.905453
0.911676
0.911641
0.901887
0.905246
0.901387
0.909728
0.917195
0.912164
0.894155
0.917195
0.916384
0.908610
0.917197
0.917195
0.914383
0.917740
0.917195
0.916406
0.911133
0.917197
0.911271
0.915392
0.912389
0.905739
0.903348
0.917195
0.894924
0.915113
0.915985
0.918075
0.917090
0.912611
0.917195
0.920131
0.920398
0.917571
0.920545
0.895725
0.920398
0.915113
0.919508
0.921079
0.920398
0.919104
0.922188
0.915881
0.914284
0.915677
0.923566
0.923602
0.890918
0.921080
0.912929
0.915200
0.915529
0.922963
0.917614
0.913700
0.915166
0.917729
0.894765
0.920398
0.911287
0.915171
0.877475
0.883218
0.884080
0.883218
0.871088
0.883218
0.880752
0.855864
0.877812
0.877393
0.875341
0.882191
0.881845
0.886170
0.884921
0.868589
0.872463
0.886259
0.878739
0.859787
0.884921
0.878619
0.881272
0.881750
0.884921
0.886194
0.877481
0.874549
0.884921
0.884921
0.886262
0.885967
0.884827
0.881559
0.885399
0.873643
0.886908
0.886740
0.886740
0.883111
0.874679
0.886740
0.887922
0.886740
0.886740
0.887883
0.887319
0.868142
0.887088
0.885440
0.883311
0.885997
0.877438
0.875495
0.881880
0.887900
0.875347
0.887958
0.882944
0.884315
0.920937
0.916367
0.926873
0.922081
0.924794
0.921929
0.922858
0.924738
0.924738
0.900357
0.912517
0.920594
0.924980
0.926267
0.924980
0.920784
0.924980
0.924736
0.920673
0.924656
0.916803
0.915729
0.919286
0.919286
0.919286
0.920881
0.915498
0.915382
0.919286
0.926794
0.884528
0.887453
0.882621
0.885623
0.885901
0.884695
0.884449
0.878083
0.882241
0.873521
0.884399
0.882949
0.851087
0.873720
0.883064
0.882458
0.878147
0.883490
0.870866
0.880170
0.883251
0.887422
0.881613
0.885853
0.887600
0.883376
0.879478
0.878173
0.880975
0.884528
0.927102
0.915501
0.916975
0.920365
0.925690
0.910093
0.901363
0.924612
0.916629
0.925190
0.921393
0.920722
0.926780
0.923951
0.921735
0.915096
0.918439
0.931885
0.907847
0.922154
0.913917
0.922154
0.910597
0.921523
0.925759
0.919566
0.916901
0.922154
0.927587
0.922154
0.899141
0.894487
0.893431
0.891548
0.894900
0.889483
0.890048
0.887503
0.891442
0.895531
0.886640
0.886365
0.881437
0.893045
0.890633
0.887075
0.875395
0.889546
0.886879
0.892729
0.891142
0.867181
0.891548
0.883204
0.889491
0.894526
0.880303
0.885817
0.891548
0.889906
0.879084
0.899386
0.901529
0.889172
0.899404
0.894853
0.895394
0.896178
0.896152
0.888865
0.895605
0.899950
0.899386
0.898577
0.900905
0.899386
0.869086
0.886360
0.888733
0.897169
0.900390
0.900533
0.898963
0.898713
0.881121
0.896296
0.891025
0.888019
0.899192
0.896422
0.944479
0.943814
0.944790
0.945241
0.943214
0.941920
0.933586
0.945919
0.943460
0.939174
0.942273
0.947827
0.943417
0.942772
0.945324
0.920462
0.945726
0.942266
0.944839
0.942611
0.943850
0.940671
0.945195
0.938248
0.939678
0.947131
0.945105
0.946194
0.945812
0.926118
0.918663
0.911951
0.917933
0.909698
0.921150
0.921785
0.921178
0.920750
0.920789
0.903922
0.917194
0.921260
0.920657
0.910644
0.920760
0.917996
0.921178
0.920469
0.921178
0.910379
0.911033
0.917583
0.918334
0.921178
0.913918
0.921524
0.921178
0.919794
0.923754
0.919425
0.935802
0.937792
0.937307
0.935537
0.936364
0.936079
0.926918
0.937824
0.930624
0.918826
0.936181
0.936736
0.935379
0.931922
0.937894
0.937712
0.936409
0.939540
0.935702
0.935035
0.920085
0.937034
0.929475
0.938351
0.938485
0.928100
0.933087
0.938888
0.929440
0.937684
0.934526
0.931804
0.933395
0.919746
0.922262
0.931804
0.921898
0.929866
0.927781
0.928529
0.931804
0.930982
0.917957
0.922555
0.930868
0.931182
0.921980
0.919421
0.930483
0.930693
0.929075
0.926407
0.931804
0.927834
0.931804
0.931804
0.934378
0.933361
0.935021
0.927956
0.947449
0.948882
0.947273
0.948451
0.952211
0.945751
0.953775
0.948882
0.947016
0.949191
0.946231
0.943019
0.950616
0.948882
0.939679
0.941123
0.948267
0.940881
0.945794
0.949140
0.945005
0.947512
0.947449
0.952329
0.951047
0.944240
0.939226
0.951461
0.952133
0.949191
0.902294
0.905201
0.902234
0.897843
0.903823
0.903452
0.902470
0.899221
0.903452
0.899009
0.895550
0.899221
0.903452
0.905802
0.902874
0.906165
0.890175
0.901211
0.905807
0.903452
0.903452
0.899249
0.902101
0.901319
0.895950
0.907497
0.876776
0.905811
0.904211
0.900097
0.884021
0.883210
0.874857
0.890735
0.877457
0.888779
0.888277
0.880072
0.888817
0.889249
0.888817
0.881127
0.892380
0.890766
0.888282
0.883210
0.888817
0.888720
0.881403
0.883967
0.888817
0.875842
0.888817
0.886948
0.889277
0.890601
0.890707
0.886360
0.881205
0.888148
0.927913
0.922002
0.927913
0.924861
0.919574
0.929969
0.917726
0.924613
0.909098
0.927913
0.925738
0.922515
0.911318
0.922837
0.916631
0.920871
0.923005
0.929799
0.921423
0.926906
0.927913
0.919409
0.926097
0.923088
0.928013
0.918553
0.927781
0.926164
0.929093
0.923233
0.939327
0.936687
0.938820
0.935447
0.933774
0.939282
0.935750
0.934843
0.932700
0.928944
0.939181
0.939171
0.922002
0.940124
0.931006
0.942139
0.935945
0.936842
0.937904
0.937904
0.935447
0.937904
0.931158
0.936391
0.937904
0.938660
0.937904
0.938595
0.939149
0.937904
0.929807
0.925989
0.923373
0.929633
0.929633
0.930104
0.925989
0.933100
0.907922
0.917202
0.924838
0.932563
0.932948
0.926677
0.928374
0.914103
0.932293
0.927130
0.925989
0.928791
0.927622
0.931258
0.929411
0.930578
0.922860
0.929633
0.918255
0.928669
0.929450
0.927897
0.935037
0.931218
0.933336
0.933367
0.929625
0.926220
0.930058
0.920439
0.923625
0.929795
0.934757
0.932396
0.932195
0.935913
0.935435
0.932396
0.932784
0.932396
0.932396
0.932396
0.932396
0.917664
0.917698
0.932396
0.928546
0.932949
0.929131
0.932396
0.931250
0.918286
0.910998
0.905621
0.909699
0.916365
0.919176
0.917753
0.915491
0.914917
0.912501
0.914788
0.918152
0.911300
0.918855
0.908812
0.914657
0.919578
0.915479
0.912561
0.916902
0.915445
0.917686
0.916740
0.916518
0.912501
0.917638
0.917638
0.915491
0.910209
0.917638
0.917638
0.918205
0.918952
0.921096
0.916863
0.921493
0.899055
0.900547
0.922504
0.896173
0.905542
0.906843
0.908539
0.921096
0.920011
0.921319
0.919974
0.922135
0.917353
0.911538
0.901033
0.921096
0.921096
0.916947
0.919751
0.920592
0.919994
0.907231
0.916690
0.920494
0.913845
0.929423
0.931499
0.921400
0.922493
0.921634
0.919039
0.931462
0.923241
0.929423
0.929423
0.927850
0.927078
0.929423
0.911638
0.921421
0.921670
0.929423
0.909954
0.932119
0.914024
0.933928
0.921618
0.923159
0.928709
0.929423
0.926776
0.930392
0.929746
0.929423
0.929423
0.838391
0.843399
0.851676
0.836121
0.855226
0.839345
0.841177
0.843339
0.839422
0.842218
0.849291
0.846469
0.831420
0.844162
0.839536
0.844162
0.851141
0.844162
0.839110
0.849291
0.837411
0.842873
0.844704
0.824292
0.850266
0.846113
0.846248
0.839761
0.842010
0.823485
0.906560
0.918599
0.906882
0.922702
0.921445
0.916225
0.924371
0.924394
0.922334
0.918324
0.920758
0.920919
0.920919
0.924565
0.917827
0.921315
0.919422
0.917055
0.920919
0.915781
0.908770
0.916370
0.915437
0.914904
0.927683
0.920919
0.923502
0.916319
0.914705
0.905821
0.895801
0.894595
0.887937
0.890704
0.890074
0.896681
0.889506
0.867312
0.890074
0.895590
0.890074
0.895574
0.890074
0.890074
0.895736
0.890074
0.888547
0.890074
0.891311
0.888945
0.890074
0.895472
0.889944
0.890074
0.890074
0.893606
0.888091
0.891311
0.891959
0.895459
0.873787
0.875407
0.875407
0.877346
0.873812
0.875625
0.875407
0.875553
0.874255
0.872795
0.871549
0.875430
0.875407
0.860036
0.875430
0.872996
0.875407
0.840861
0.875391
0.875625
0.875407
0.875407
0.877537
0.872929
0.869597
0.870674
0.873354
0.869184
0.875625
0.875407
0.885541
0.876419
0.879374
0.882516
0.889066
0.889485
0.882516
0.883561
0.882812
0.885541
0.885541
0.889718
0.879839
0.882407
0.878357
0.880959
0.885541
0.885541
0.885541
0.885541
0.879148
0.885541
0.876899
0.885541
0.882533
0.882861
0.883438
0.885541
0.882908
0.885541
0.927793
0.925186
0.927793
0.927793
0.914961
0.927793
0.919634
0.925234
0.927793
0.931080
0.936374
0.920173
0.936374
0.927793
0.927793
0.927793
0.927793
0.922548
0.927793
0.927793
0.922280
0.932670
0.898225
0.927793
0.923398
0.925478
0.925926
0.927793
0.925408
0.927793
0.816278
0.816275
0.821439
0.821439
0.821439
0.821439
0.802883
0.818681
0.821439
0.818921
0.821439
0.809884
0.816587
0.821647
0.821425
0.821252
0.822003
0.826754
0.826754
0.816564
0.823553
0.821439
0.826754
0.821439
0.821439
0.818627
0.821425
0.802848
0.815440
0.821439
0.900922
0.892905
0.906914
0.906634
0.897046
0.903329
0.886612
0.905624
0.904482
0.895841
0.897695
0.898264
0.900403
0.905000
0.903414
0.906394
0.903025
0.909715
0.901039
0.891856
0.894847
0.889751
0.904482
0.906871
0.898753
0.898008
0.906871
0.907703
0.896688
0.904482
0.897094
0.904608
0.896864
0.898262
0.899693
0.896441
0.896540
0.897593
0.896496
0.897200
0.885801
0.888911
0.890882
0.897502
0.899693
0.888056
0.904573
0.893246
0.899095
0.899682
0.899906
0.904594
0.900478
0.881267
0.897526
0.900071
0.888131
0.892882
0.893352
0.899153
0.920838
0.925935
0.921029
0.920225
0.920838
0.918983
0.921435
0.918931
0.920362
0.921029
0.918978
0.921029
0.923703
0.921005
0.920689
0.925427
0.921029
0.919228
0.920473
0.918360
0.901387
0.918430
0.896753
0.921674
0.918708
0.921687
0.920761
0.923161
0.915255
0.904905
0.901746
0.902812
0.899346
0.901746
0.872758
0.902452
0.901941
0.899413
0.901273
0.909174
0.899212
0.903706
0.901746
0.899232
0.890612
0.903447
0.892327
0.901363
0.905498
0.901746
0.896991
0.901742
0.905191
0.900041
0.904220
0.901746
0.894060
0.904391
0.905510
0.901235
0.904288
0.909164
0.905326
0.904515
0.904512
0.894846
0.903773
0.903471
0.904273
0.904288
0.905221
0.902372
0.905123
0.903648
0.908671
0.906559
0.907674
0.905398
0.892826
0.905221
0.905718
0.903659
0.905071
0.905591
0.905558
0.905591
0.904125
0.897779
0.905591
0.905591
0.901896
0.906292
0.905224
0.910421
0.905293
0.905229
0.905318
0.907149
0.901872
0.907242
0.906355
0.898469
0.906147
0.905404
0.906355
0.906355
0.905293
0.908528
0.900809
0.907564
0.897044
0.901875
0.904606
0.898066
0.907572
0.906491
0.901687
0.905713
0.902846
0.906282
0.938283
0.928682
0.937726
0.936028
0.937473
0.938707
0.932952
0.936149
0.910004
0.938492
0.935898
0.930730
0.937730
0.936133
0.937748
0.939354
0.929812
0.917033
0.936488
0.937871
0.936476
0.924495
0.934321
0.938826
0.937653
0.935371
0.937151
0.936790
0.936476
0.919643
0.935654
0.938580
0.938507
0.941122
0.923995
0.935668
0.939110
0.935654
0.934139
0.942797
0.932991
0.937125
0.938512
0.933778
0.924112
0.925842
0.937175
0.933599
0.927660
0.905265
0.937036
0.933599
0.933599
0.937171
0.923255
0.933599
0.937740
0.934139
0.933764
0.934036
0.928174
0.927152
0.926085
0.929169
0.928838
0.933346
0.929122
0.925993
0.923901
0.929146
0.914551
0.925762
0.928918
0.928227
0.928918
0.927464
0.921773
0.931612
0.928918
0.930530
0.932088
0.928014
0.922513
0.921625
0.928214
0.933223
0.922091
0.926204
0.929552
0.922072
0.928188
0.926900
0.931982
0.933791
0.934283
0.924361
0.933144
0.933791
0.932273
0.933040
0.933040
0.921353
0.932630
0.926931
0.926583
0.935240
0.936018
0.932645
0.935792
0.935904
0.925979
0.934749
0.934483
0.930240
0.933762
0.934001
0.921937
0.935700
0.935195
0.931346
0.895909
0.897598
0.889508
0.897340
0.897560
0.898353
0.897598
0.875252
0.897598
0.897598
0.897303
0.897337
0.863414
0.897598
0.894489
0.895997
0.897598
0.888598
0.898998
0.902451
0.877290
0.897598
0.890714
0.892098
0.897145
0.897598
0.892587
0.893790
0.897943
0.897922
0.930571
0.932420
0.932420
0.912847
0.931756
0.930993
0.932535
0.923912
0.921136
0.932486
0.932420
0.933373
0.930993
0.931573
0.920578
0.932491
0.934251
0.929153
0.922325
0.933331
0.932656
0.928686
0.927510
0.923393
0.922474
0.930660
0.931724
0.929824
0.933507
0.926072
0.894094
0.895005
0.886550
0.875749
0.892012
0.890922
0.896854
0.894180
0.879565
0.895121
0.864793
0.887710
0.896931
0.891215
0.886697
0.892136
0.884352
0.891215
0.896854
0.891068
0.895421
0.885801
0.885645
0.873723
0.891215
0.895608
0.884377
0.891784
0.890397
0.891215
0.925211
0.938237
0.936155
0.936223
0.934613
0.934516
0.937369
0.942316
0.936223
0.936223
0.923932
0.935464
0.920188
0.935927
0.936196
0.930823
0.936598
0.933198
0.934260
0.940029
0.935256
0.928048
0.939194
0.927578
0.936223
0.915151
0.931140
0.936035
0.938185
0.915898
0.908336
0.904901
0.904080
0.900417
0.907618
0.902917
0.899511
0.901920
0.905889
0.899415
0.899071
0.900636
0.882823
0.904081
0.898860
0.904529
0.905293
0.906725
0.908493
0.905765
0.908399
0.904901
0.905646
0.904901
0.905334
0.897135
0.898029
0.901354
0.906586
0.904901
0.898500
0.903848
0.898975
0.902237
0.901536
0.901462
0.906666
0.905593
0.902653
0.896406
0.895893
0.898651
0.899904
0.900523
0.902938
0.899922
0.898522
0.904154
0.903364
0.905786
0.902653
0.899641
0.901095
0.902111
0.905067
0.905066
0.901652
0.900962
0.903505
0.902653
0.923991
0.922369
0.922892
0.917855
0.923006
0.914889
0.916746
0.915643
0.921467
0.918012
0.926867
0.921952
0.923597
0.926867
0.924828
0.919530
0.928173
0.923597
0.923597
0.923597
0.921975
0.923597
0.920110
0.925402
0.915521
0.923074
0.923847
0.926131
0.915037
0.923597
0.905354
0.917356
0.923250
0.920232
0.894471
0.919360
0.903100
0.913332
0.918415
0.919233
0.919362
0.909208
0.914556
0.919505
0.916091
0.913354
0.920259
0.909596
0.917571
0.910048
0.915472
0.912408
0.916320
0.918195
0.920350
0.914142
0.918217
0.897191
0.911078
0.918055
0.907275
0.906252
0.907301
0.910499
0.908186
0.844306
0.910544
0.906472
0.899281
0.898612
0.907275
0.910664
0.897425
0.902205
0.906590
0.907275
0.901212
0.907450
0.898659
0.906441
0.907017
0.905387
0.888850
0.907275
0.892490
0.911661
0.895644
0.908345
0.908126
0.894835
0.892338
0.893393
0.892438
0.889782
0.895578
0.889455
0.886840
0.882006
0.895487
0.893393
0.886018
0.883153
0.857741
0.892811
0.892390
0.894593
0.882534
0.887380
0.891564
0.898830
0.893300
0.891160
0.889744
0.890882
0.895466
0.896734
0.893393
0.884190
0.894730
0.895807
0.903638
0.900789
0.886375
0.898326
0.900480
0.886752
0.898263
0.895399
0.899168
0.898199
0.898256
0.903000
0.888089
0.886906
0.890904
0.900995
0.901114
0.899232
0.902537
0.901066
0.899168
0.898081
0.896129
0.903684
0.899168
0.898256
0.901047
0.899168
0.886746
0.898263
0.889858
0.895964
0.900401
0.878328
0.895195
0.892833
0.892532
0.898186
0.900477
0.882725
0.892094
0.894849
0.895098
0.892833
0.890938
0.895098
0.890804
0.895098
0.892905
0.888609
0.901921
0.893371
0.881028
0.895244
0.896029
0.895098
0.898808
0.885166
0.900339
0.889406
0.900629
0.904203
0.897877
0.906961
0.903448
0.904004
0.904844
0.901528
0.907496
0.907213
0.903649
0.904203
0.903241
0.900230
0.903352
0.904566
0.904203
0.904203
0.904512
0.903584
0.904484
0.891931
0.898485
0.900103
0.904318
0.898752
0.900055
0.904838
0.894850
0.897136
0.932199
0.916120
0.913497
0.924756
0.928647
0.925665
0.921478
0.920637
0.920713
0.927611
0.924409
0.913051
0.917767
0.928659
0.926527
0.915049
0.923522
0.923953
0.923522
0.927847
0.925016
0.920893
0.920893
0.921277
0.912010
0.924812
0.923522
0.922976
0.931718
0.919248
0.897518
0.903877
0.904899
0.897018
0.895621
0.902677
0.896780
0.888170
0.897966
0.896013
0.898888
0.898888
0.903864
0.901450
0.889993
0.902412
0.902398
0.896013
0.899761
0.898888
0.897397
0.898888
0.901569
0.898076
0.893800
0.901017
0.895661
0.894392
0.898526
0.874432
0.908361
0.893811
0.908882
0.891698
0.895051
0.908590
0.899703
0.894604
0.896387
0.905918
0.908569
0.907410
0.910242
0.909074
0.908687
0.909044
0.906742
0.903421
0.913373
0.906062
0.906742
0.906742
0.874585
0.906067
0.896470
0.906742
0.896136
0.903536
0.908029
0.906822
0.891995
0.897196
0.885409
0.887927
0.900978
0.887847
0.897196
0.879322
0.886353
0.882447
0.898477
0.897379
0.901956
0.886722
0.900121
0.885213
0.897196
0.870020
0.900450
0.883926
0.897091
0.901893
0.896085
0.900842
0.890351
0.902258
0.897029
0.898509
0.900450
0.891252
0.911682
0.907824
0.922158
0.905756
0.921263
0.921263
0.914745
0.927511
0.922244
0.919291
0.910231
0.924301
0.890957
0.924886
0.924258
0.920136
0.921263
0.923751
0.910082
0.922758
0.924857
0.921988
0.921263
0.918922
0.926421
0.918026
0.894345
0.912392
0.920668
0.918167
0.915206
0.918835
0.921847
0.909552
0.908173
0.890956
0.919126
0.909450
0.917570
0.919049
0.920953
0.914623
0.920953
0.919845
0.916757
0.915239
0.910871
0.906044
0.925616
0.919977
0.920953
0.920428
0.920235
0.920586
0.919919
0.920953
0.920574
0.908178
0.920577
0.920953
0.901036
0.886170
0.900338
0.902521
0.900768
0.885718
0.900338
0.902291
0.904945
0.898245
0.897966
0.900824
0.902080
0.904945
0.903253
0.899873
0.900338
0.899745
0.899745
0.900338
0.900338
0.899721
0.903261
0.899797
0.897596
0.900221
0.900405
0.905183
0.898711
0.899109
0.908170
0.916028
0.909401
0.891418
0.906210
0.906783
0.909401
0.911271
0.906884
0.910311
0.897037
0.909066
0.901927
0.917824
0.908162
0.909401
0.909401
0.909401
0.899048
0.910811
0.906955
0.909401
0.906839
0.908786
0.908871
0.900678
0.908871
0.897037
0.909722
0.904214
0.904640
0.912102
0.912085
0.921771
0.899513
0.912094
0.912016
0.915563
0.915515
0.914018
0.902908
0.921876
0.917219
0.914602
0.914798
0.914387
0.904740
0.913777
0.914739
0.915519
0.914167
0.912129
0.914811
0.914720
0.914404
0.914811
0.913536
0.914526
0.914583
0.912102
0.891773
0.894586
0.894852
0.885120
0.894838
0.892834
0.892532
0.891801
0.892427
0.893693
0.885865
0.890458
0.894977
0.892916
0.892368
0.892111
0.891677
0.893674
0.893245
0.892916
0.881766
0.889197
0.888728
0.893793
0.892540
0.893525
0.892916
0.892916
0.894432
0.894905
0.904557
0.904008
0.906042
0.904118
0.909628
0.908412
0.901394
0.907664
0.903570
0.907664
0.902140
0.906653
0.899946
0.907664
0.907664
0.907664
0.902494
0.900015
0.901498
0.907664
0.889969
0.904336
0.890056
0.905796
0.899693
0.864660
0.902601
0.906766
0.907625
0.898345
0.920474
0.917097
0.921032
0.912469
0.912536
0.916050
0.920474
0.917278
0.921300
0.915282
0.904398
0.915336
0.914973
0.917819
0.917489
0.919569
0.920785
0.920785
0.915962
0.917489
0.917489
0.911246
0.917114
0.919156
0.921451
0.915604
0.917807
0.916871
0.916445
0.917489
0.875380
0.896787
0.896892
0.896787
0.891394
0.893755
0.895527
0.894228
0.897524
0.896787
0.891040
0.896787
0.898725
0.879089
0.895770
0.894269
0.887503
0.895839
0.896787
0.897858
0.890492
0.897475
0.879871
0.901460
0.896787
0.893434
0.888539
0.894186
0.888651
0.896787
0.882403
0.897147
0.893457
0.897057
0.881681
0.884243
0.891925
0.878834
0.892139
0.893546
0.888697
0.892139
0.890531
0.897333
0.892051
0.889802
0.871772
0.892663
0.894898
0.890584
0.871761
0.886672
0.884395
0.890442
0.896556
0.892139
0.892195
0.889033
0.891850
0.895161
0.900633
0.906945
0.904652
0.901879
0.900491
0.901582
0.901055
0.906808
0.907003
0.906045
0.884999
0.906945
0.905601
0.906050
0.906945
0.906273
0.903344
0.906293
0.903702
0.910740
0.906442
0.898679
0.899828
0.903450
0.906910
0.906369
0.906945
0.905138
0.910644
0.897541
0.896091
0.883513
0.896765
0.889127
0.896001
0.892856
0.897213
0.896765
0.901013
0.893473
0.893260
0.896765
0.881994
0.876167
0.881882
0.878677
0.888053
0.895870
0.896817
0.901543
0.896765
0.888961
0.892698
0.896765
0.893767
0.881485
0.896058
0.893784
0.896765
0.893416
0.885196
0.880767
0.880623
0.879054
0.885247
0.885222
0.885148
0.883159
0.878349
0.884102
0.880263
0.884854
0.886488
0.876243
0.880562
0.880893
0.870862
0.870322
0.884560
0.875283
0.867235
0.877194
0.880562
0.872570
0.874427
0.879372
0.880049
0.880033
0.878306
0.880562
0.907409
0.906064
0.899239
0.909674
0.907606
0.907517
0.913665
0.904042
0.910437
0.905705
0.907704
0.912878
0.908601
0.908601
0.906227
0.908601
0.907686
0.903281
0.906598
0.898987
0.906554
0.907741
0.908601
0.908749
0.898620
0.900238
0.906436
0.907357
0.901231
0.905540
0.917518
0.929031
0.932500
0.922413
0.929050
0.924742
0.929050
0.926842
0.927448
0.927366
0.929549
0.926989
0.935811
0.927172
0.934766
0.927391
0.927391
0.933680
0.919861
0.920908
0.926284
0.916859
0.923476
0.929050
0.920175
0.929050
0.928734
0.929705
0.916507
0.932531
0.914970
0.917519
0.916353
0.920425
0.913161
0.921981
0.916353
0.905509
0.917766
0.906479
0.917741
0.911366
0.912022
0.916353
0.914007
0.912962
0.921905
0.918982
0.914240
0.909946
0.920424
0.909198
0.914916
0.912707
0.921981
0.921260
0.915537
0.921992
0.914916
0.921329
0.907283
0.918615
0.924660
0.929352
0.915359
0.913049
0.920328
0.914037
0.889769
0.915125
0.920328
0.909186
0.918615
0.923045
0.905597
0.909420
0.921232
0.920328
0.904232
0.921726
0.913485
0.916319
0.918692
0.908812
0.920328
0.897130
0.894049
0.913775
0.927672
0.916149
0.911995
0.901199
0.910836
0.914035
0.915911
0.910402
0.913269
0.910201
0.911125
0.911558
0.905953
0.912472
0.910032
0.909862
0.908867
0.916311
0.908880
0.911972
0.911558
0.910821
0.911184
0.900157
0.902131
0.915040
0.910471
0.911169
0.908265
0.900452
0.916435
0.909159
0.901803
0.903402
0.900500
0.902022
0.899752
0.898193
0.895166
0.899098
0.903140
0.900490
0.896750
0.899001
0.900815
0.906826
0.891782
0.903609
0.899752
0.895727
0.900755
0.906251
0.899752
0.896282
0.896975
0.899752
0.901247
0.891755
0.895143
0.902091
0.883832
0.908558
0.923579
0.926164
0.932628
0.926183
0.913408
0.911949
0.916585
0.925240
0.932350
0.917830
0.930921
0.921097
0.923368
0.923952
0.925779
0.916305
0.930472
0.926143
0.923010
0.927561
0.920802
0.920962
0.926098
0.930462
0.926143
0.924462
0.926183
0.907488
0.908969
0.919683
0.907246
0.913996
0.895537
0.911813
0.913812
0.910391
0.907134
0.905431
0.911793
0.911801
0.910886
0.911801
0.913334
0.908534
0.913732
0.912862
0.904538
0.910885
0.911077
0.911801
0.911262
0.891927
0.913156
0.914163
0.908497
0.902852
0.888724
0.909806
0.912057
0.911801
0.905842
