8.707476854324340820e-01 -9.405639767646789551e-01 -2.474899142980575562e-01 -4.933634698390960693e-01 9.565140008926391602e-01 7.337392121553421021e-02 -5.484627485275268555e-01 1.305669397115707397e-01 -9.913154244422912598e-01 -9.961229562759399414e-01 -9.255013465881347656e-01 6.113374233245849609e-01 -2.089155763387680054e-01 -8.224149346351623535e-01 -9.524343013763427734e-01 -4.826606512069702148e-01
8.768315315246582031e-01 -9.341703057289123535e-01 -2.473359107971191406e-01 -2.366225272417068481e-01 9.720550775527954102e-01 -1.320943795144557953e-02 -4.977531433105468750e-01 1.221924200654029846e-01 -9.909970164299011230e-01 -9.945749044418334961e-01 -9.291898012161254883e-01 3.052229583263397217e-01 -4.193075001239776611e-01 -7.931219339370727539e-01 -9.563271403312683105e-01 -1.813269406557083130e-01
8.348248600959777832e-01 -9.348856210708618164e-01 -3.358376622200012207e-01 -2.995662391185760498e-01 9.588926434516906738e-01 -1.347182691097259521e-01 -5.281391143798828125e-01 2.514088759198784828e-03 -9.876369237899780273e-01 -9.948763251304626465e-01 -9.098072648048400879e-01 4.405343830585479736e-01 -1.707652807235717773e-01 -8.625991940498352051e-01 -9.463126063346862793e-01 -1.686997413635253906e-01
8.482605218887329102e-01 -9.408391714096069336e-01 -3.718948662281036377e-01 -2.107844501733779907e-01 9.588884115219116211e-01 -3.484973683953285217e-02 -5.741083621978759766e-01 -5.718616023659706116e-02 -9.867926239967346191e-01 -9.950999021530151367e-01 -8.944893479347229004e-01 4.253525733947753906e-01 -2.569877803325653076e-01 -7.702613472938537598e-01 -9.469051361083984375e-01 -2.444831430912017822e-01
8.523776531219482422e-01 -9.419944286346435547e-01 -3.514681756496429443e-01 -2.940266430377960205e-01 9.568145871162414551e-01 -2.947474643588066101e-02 -5.590794086456298828e-01 -7.565453648567199707e-02 -9.875154495239257812e-01 -9.951762557029724121e-01 -9.145302176475524902e-01 3.806769251823425293e-01 -2.492887079715728760e-01 -7.968111634254455566e-01 -9.320360422134399414e-01 -2.389790415763854980e-01
8.501329421997070312e-01 -9.387654066085815430e-01 -3.366218507289886475e-01 -3.055012226104736328e-01 9.543219208717346191e-01 -2.463068813085556030e-02 -5.724173784255981445e-01 -2.253939956426620483e-02 -9.874561429023742676e-01 -9.953448772430419922e-01 -9.116581082344055176e-01 3.825474381446838379e-01 -2.523447275161743164e-01 -7.888181805610656738e-01 -9.389011859893798828e-01 -2.019511461257934570e-01
8.466886281967163086e-01 -9.378242492675781250e-01 -3.222964406013488770e-01 -3.073930740356445312e-01 9.573950767517089844e-01 -5.127842351794242859e-02 -5.759129524230957031e-01 -2.272300980985164642e-02 -9.870006442070007324e-01 -9.952853918075561523e-01 -9.122025966644287109e-01 4.057649075984954834e-01 -2.522123754024505615e-01 -7.954239845275878906e-01 -9.424253106117248535e-01 -2.118900418281555176e-01
8.471492528915405273e-01 -9.368409514427185059e-01 -3.298006653785705566e-01 -2.855465710163116455e-01 9.577952027320861816e-01 -5.154683813452720642e-02 -5.765960216522216797e-01 -3.060481324791908264e-02 -9.874592423439025879e-01 -9.952467679977416992e-01 -9.095744490623474121e-01 4.016681015491485596e-01 -2.649782896041870117e-01 -7.928593754768371582e-01 -9.422762989997863770e-01 -2.141025066375732422e-01
8.462002873420715332e-01 -9.377158284187316895e-01 -3.343849182128906250e-01 -2.868074476718902588e-01 9.570484757423400879e-01 -5.093454197049140930e-02 -5.748662352561950684e-01 -3.926292806863784790e-02 -9.874926805496215820e-01 -9.952449798583984375e-01 -9.098014235496520996e-01 3.977085053920745850e-01 -2.553917765617370605e-01 -7.963600158691406250e-01 -9.400916099548339844e-01 -2.158102691173553467e-01
8.469654321670532227e-01 -9.380576014518737793e-01 -3.361530900001525879e-01 -2.889615893363952637e-01 9.566909670829772949e-01 -4.556673392653465271e-02 -5.756557583808898926e-01 -3.723073750734329224e-02 -9.874108433723449707e-01 -9.952708482742309570e-01 -9.093540310859680176e-01 3.967346251010894775e-01 -2.547334134578704834e-01 -7.927664518356323242e-01 -9.398456811904907227e-01 -2.145191878080368042e-01
8.470612168312072754e-01 -9.380645751953125000e-01 -3.335259854793548584e-01 -2.929903566837310791e-01 9.568421840667724609e-01 -4.620371013879776001e-02 -5.756965279579162598e-01 -3.597782924771308899e-02 -9.873446226119995117e-01 -9.952709078788757324e-01 -9.101958274841308594e-01 3.974443078041076660e-01 -2.556241452693939209e-01 -7.931351065635681152e-01 -9.400737285614013672e-01 -2.153042554855346680e-01
8.963055014610290527e-01 -9.224439263343811035e-01 -3.527120649814605713e-01 -4.677566289901733398e-01 9.471182227134704590e-01 1.338011920452117920e-01 -6.040115952491760254e-01 1.097004860639572144e-01 -9.847877621650695801e-01 -9.965376257896423340e-01 -9.383283257484436035e-01 5.571996569633483887e-01 -1.083429530262947083e-01 -8.099240064620971680e-01 -9.372658133506774902e-01 -2.220859974622726440e-01
9.058243632316589355e-01 -9.278565049171447754e-01 -2.238758951425552368e-01 -4.728980064392089844e-01 9.642626047134399414e-01 2.006101906299591064e-01 -5.696209073066711426e-01 1.981048882007598877e-01 -9.845023751258850098e-01 -9.965276122093200684e-01 -9.536772370338439941e-01 5.821291804313659668e-01 -2.138036787509918213e-01 -7.831305861473083496e-01 -9.572240114212036133e-01 -2.529578506946563721e-01
9.107409715652465820e-01 -9.190536141395568848e-01 -1.893402040004730225e-01 -4.683375656604766846e-01 9.672073125839233398e-01 1.529069691896438599e-01 -5.220186114311218262e-01 2.282159030437469482e-01 -9.860677123069763184e-01 -9.962382912635803223e-01 -9.579026699066162109e-01 6.008384227752685547e-01 -2.313843518495559692e-01 -8.288782238960266113e-01 -9.604017138481140137e-01 -1.914497762918472290e-01
9.080849885940551758e-01 -9.188811182975769043e-01 -2.009636163711547852e-01 -4.092215895652770996e-01 9.661381244659423828e-01 1.476862132549285889e-01 -5.141352415084838867e-01 2.131582200527191162e-01 -9.858006834983825684e-01 -9.960900545120239258e-01 -9.533851742744445801e-01 6.247872114181518555e-01 -2.077013701200485229e-01 -8.354821801185607910e-01 -9.637358188629150391e-01 -1.901450604200363159e-01
9.109165072441101074e-01 -9.227908253669738770e-01 -2.207743078470230103e-01 -3.941065669059753418e-01 9.662826061248779297e-01 1.693294048309326172e-01 -5.011480450630187988e-01 1.824607998132705688e-01 -9.856122136116027832e-01 -9.960442781448364258e-01 -9.527704715728759766e-01 6.301171183586120605e-01 -1.963858306407928467e-01 -8.319893479347229004e-01 -9.609133005142211914e-01 -2.027896195650100708e-01
9.137626290321350098e-01 -9.250984191894531250e-01 -2.228368520736694336e-01 -4.012107849121093750e-01 9.650965929031372070e-01 1.906730979681015015e-01 -4.929987490177154541e-01 1.771227866411209106e-01 -9.855194687843322754e-01 -9.960566759109497070e-01 -9.544271230697631836e-01 6.251200437545776367e-01 -1.948417723178863525e-01 -8.285059928894042969e-01 -9.595739841461181641e-01 -2.013338059186935425e-01
9.149489998817443848e-01 -9.252186417579650879e-01 -2.148149460554122925e-01 -4.101504683494567871e-01 9.647008776664733887e-01 1.953880190849304199e-01 -4.896605610847473145e-01 1.840184181928634644e-01 -9.853357672691345215e-01 -9.960638284683227539e-01 -9.556841850280761719e-01 6.266767978668212891e-01 -1.936787664890289307e-01 -8.288518786430358887e-01 -9.601004123687744141e-01 -1.950517445802688599e-01
9.152328968048095703e-01 -9.245144724845886230e-01 -2.096398472785949707e-01 -4.090091586112976074e-01 9.649420380592346191e-01 1.937413215637207031e-01 -4.885682761669158936e-01 1.880077868700027466e-01 -9.852538108825683594e-01 -9.960513710975646973e-01 -9.558249115943908691e-01 6.307564377784729004e-01 -1.958275139331817627e-01 -8.294693231582641602e-01 -9.609770178794860840e-01 -1.922922134399414062e-01
9.152234792709350586e-01 -9.242507219314575195e-01 -2.092304229736328125e-01 -4.050298631191253662e-01 9.650857448577880859e-01 1.926450133323669434e-01 -4.872812926769256592e-01 1.864514499902725220e-01 -9.852781891822814941e-01 -9.960343837738037109e-01 -9.557071924209594727e-01 6.326470971107482910e-01 -1.962595432996749878e-01 -8.304346799850463867e-01 -9.611147642135620117e-01 -1.921639442443847656e-01
9.153317213058471680e-01 -9.244084954261779785e-01 -2.105972170829772949e-01 -4.029110670089721680e-01 9.650009274482727051e-01 1.939785182476043701e-01 -4.862013757228851318e-01 1.842810660600662231e-01 -9.852920770645141602e-01 -9.960287213325500488e-01 -9.556180834770202637e-01 6.328881382942199707e-01 -1.952441334724426270e-01 -8.305445313453674316e-01 -9.609187245368957520e-01 -1.922231167554855347e-01
9.155111908912658691e-01 -9.246234297752380371e-01 -2.110111564397811890e-01 -4.031204581260681152e-01 9.649088382720947266e-01 1.956059485673904419e-01 -4.855178296566009521e-01 1.834104657173156738e-01 -9.852690100669860840e-01 -9.960290789604187012e-01 -9.556858539581298828e-01 6.329197287559509277e-01 -1.944654583930969238e-01 -8.303058147430419922e-01 -9.607918858528137207e-01 -1.921980679035186768e-01
9.156542420387268066e-01 -9.246712327003479004e-01 -2.105585485696792603e-01 -4.036884009838104248e-01 9.648759365081787109e-01 1.963900476694107056e-01 -4.851742982864379883e-01 1.836430430412292480e-01 -9.852514863014221191e-01 -9.960297942161560059e-01 -9.557814002037048340e-01 6.330446004867553711e-01 -1.945226490497589111e-01 -8.301529288291931152e-01 -9.608047604560852051e-01 -1.918839961290359497e-01
9.156993031501770020e-01 -9.246307611465454102e-01 -2.100604921579360962e-01 -4.037878215312957764e-01 9.648793339729309082e-01 1.964091211557388306e-01 -4.849994182586669922e-01 1.839451342821121216e-01 -9.852456450462341309e-01 -9.960289001464843750e-01 -9.558264613151550293e-01 6.332790851593017578e-01 -1.946712285280227661e-01 -8.302281498908996582e-01 -9.608568549156188965e-01 -1.915875673294067383e-01
9.157058596611022949e-01 -9.245995283126831055e-01 -2.099286019802093506e-01 -4.035196304321289062e-01 9.648867249488830566e-01 1.963337212800979614e-01 -4.848909378051757812e-01 1.839464008808135986e-01 -9.852454066276550293e-01 -9.960276484489440918e-01 -9.558212757110595703e-01 6.334738731384277344e-01 -1.946995556354522705e-01 -8.303027749061584473e-01 -9.608809351921081543e-01 -1.914686560630798340e-01
9.157133698463439941e-01 -9.246050715446472168e-01 -2.099910378456115723e-01 -4.033136069774627686e-01 9.648855328559875488e-01 1.964004337787628174e-01 -4.847961068153381348e-01 1.837778836488723755e-01 -9.852454066276550293e-01 -9.960268735885620117e-01 -9.558136463165283203e-01 6.335542201995849609e-01 -1.946358978748321533e-01 -8.303241133689880371e-01 -9.608733057975769043e-01 -1.914747953414916992e-01
9.157288670539855957e-01 -9.246205091476440430e-01 -2.100388109683990479e-01 -4.032746851444244385e-01 9.648785591125488281e-01 1.965359151363372803e-01 -4.847258925437927246e-01 1.836763024330139160e-01 -9.852444529533386230e-01 -9.960267543792724609e-01 -9.558167457580566406e-01 6.335634589195251465e-01 -1.945842355489730835e-01 -8.303093910217285156e-01 -9.608617424964904785e-01 -1.914732754230499268e-01
9.157414436340332031e-01 -9.246276617050170898e-01 -2.100162655115127563e-01 -4.033116698265075684e-01 9.648740887641906738e-01 1.966181099414825439e-01 -4.846861064434051514e-01 1.836701631546020508e-01 -9.852428436279296875e-01 -9.960268735885620117e-01 -9.558245539665222168e-01 6.335724592208862305e-01 -1.945671141147613525e-01 -8.302994370460510254e-01 -9.608595371246337891e-01 -1.914477497339248657e-01
9.157474040985107422e-01 -9.246262907981872559e-01 -2.099768519401550293e-01 -4.033261835575103760e-01 9.648733735084533691e-01 1.966387033462524414e-01 -4.846665561199188232e-01 1.836923956871032715e-01 -9.852420091629028320e-01 -9.960268139839172363e-01 -9.558289647102355957e-01 6.335927248001098633e-01 -1.945747733116149902e-01 -8.303000330924987793e-01 -9.608631134033203125e-01 -1.914210766553878784e-01
9.157494306564331055e-01 -9.246239066123962402e-01 -2.099579870700836182e-01 -4.033112823963165283e-01 9.648739695549011230e-01 1.966368407011032104e-01 -4.846546649932861328e-01 1.836965233087539673e-01 -9.852418899536132812e-01 -9.960266947746276855e-01 -9.558299183845520020e-01 6.336108446121215820e-01 -1.945796757936477661e-01 -8.303059339523315430e-01 -9.608654975891113281e-01 -1.914084255695343018e-01
9.157502055168151855e-01 -9.246236085891723633e-01 -2.099585086107254028e-01 -4.032929539680480957e-01 9.648738503456115723e-01 1.966412812471389771e-01 -4.846453666687011719e-01 1.836860179901123047e-01 -9.852419495582580566e-01 -9.960265755653381348e-01 -9.558294415473937988e-01 6.336199045181274414e-01 -1.945765018463134766e-01 -8.303087353706359863e-01 -9.608655571937561035e-01 -1.914053708314895630e-01
9.157513976097106934e-01 -9.246246218681335449e-01 -2.099619805812835693e-01 -4.032862186431884766e-01 9.648734331130981445e-01 1.966515481472015381e-01 -4.846383631229400635e-01 1.836763322353363037e-01 -9.852417707443237305e-01 -9.960267543792724609e-01 -9.558295607566833496e-01 6.336227655410766602e-01 -1.945714503526687622e-01 -8.303085565567016602e-01 -9.608647227287292480e-01 -1.914046704769134521e-01
9.157525300979614258e-01 -9.246253371238708496e-01 -2.099613845348358154e-01 -4.032872617244720459e-01 9.648730754852294922e-01 1.966596543788909912e-01 -4.846341609954833984e-01 1.836737692356109619e-01 -9.852417111396789551e-01 -9.960265755653381348e-01 -9.558300375938415527e-01 6.336239576339721680e-01 -1.945694535970687866e-01 -8.303076028823852539e-01 -9.608643651008605957e-01 -1.914027333259582520e-01
9.157532453536987305e-01 -9.246254563331604004e-01 -2.099583595991134644e-01 -4.032885432243347168e-01 9.648728966712951660e-01 1.966627836227416992e-01 -4.846318960189819336e-01 1.836747378110885620e-01 -9.852415919303894043e-01 -9.960264563560485840e-01 -9.558305144309997559e-01 6.336256861686706543e-01 -1.945693939924240112e-01 -8.303074240684509277e-01 -9.608644843101501465e-01 -1.914006322622299194e-01
9.157535433769226074e-01 -9.246252179145812988e-01 -2.099563628435134888e-01 -4.032879471778869629e-01 9.648728966712951660e-01 1.966634094715118408e-01 -4.846305549144744873e-01 1.836752742528915405e-01 -9.852414727210998535e-01 -9.960266351699829102e-01 -9.558306932449340820e-01 6.336272954940795898e-01 -1.945699602365493774e-01 -8.303077816963195801e-01 -9.608647823333740234e-01 -1.913991123437881470e-01
9.157536029815673828e-01 -9.246252775192260742e-01 -2.099560350179672241e-01 -4.032862484455108643e-01 9.648728966712951660e-01 1.966638416051864624e-01 -4.846296012401580811e-01 1.836747378110885620e-01 -9.852415919303894043e-01 -9.960265755653381348e-01 -9.558306336402893066e-01 6.336281895637512207e-01 -1.945696771144866943e-01 -8.303080797195434570e-01 -9.608647227287292480e-01 -1.913985311985015869e-01
9.157536625862121582e-01 -9.246252179145812988e-01 -2.099560350179672241e-01 -4.032857418060302734e-01 9.648728370666503906e-01 1.966645419597625732e-01 -4.846289157867431641e-01 1.836738884449005127e-01 -9.852415919303894043e-01 -9.960264563560485840e-01 -9.558306336402893066e-01 6.336286664009094238e-01 -1.945693343877792358e-01 -8.303081393241882324e-01 -9.608647823333740234e-01 -1.913984119892120361e-01
9.157538414001464844e-01 -9.246253967285156250e-01 -2.099560648202896118e-01 -4.032855331897735596e-01 9.648727178573608398e-01 1.966652572154998779e-01 -4.846284389495849609e-01 1.836734861135482788e-01 -9.852415919303894043e-01 -9.960264563560485840e-01 -9.558308124542236328e-01 6.336287260055541992e-01 -1.945692300796508789e-01 -8.303080797195434570e-01 -9.608647227287292480e-01 -1.913981139659881592e-01
9.157539606094360352e-01 -9.246253967285156250e-01 -2.099560350179672241e-01 -4.032857120037078857e-01 9.648727178573608398e-01 1.966657787561416626e-01 -4.846282005310058594e-01 1.836733072996139526e-01 -9.852414727210998535e-01 -9.960265755653381348e-01 -9.558307528495788574e-01 6.336290240287780762e-01 -1.945691704750061035e-01 -8.303081393241882324e-01 -9.608647227287292480e-01 -1.913980245590209961e-01
9.157539606094360352e-01 -9.246253967285156250e-01 -2.099557369947433472e-01 -4.032855629920959473e-01 9.648727178573608398e-01 1.966659426689147949e-01 -4.846282005310058594e-01 1.836735755205154419e-01 -9.852414727210998535e-01 -9.960265755653381348e-01 -9.558308720588684082e-01 6.336291432380676270e-01 -1.945692300796508789e-01 -8.303080797195434570e-01 -9.608646631240844727e-01 -1.913979649543762207e-01
9.157539606094360352e-01 -9.246253371238708496e-01 -2.099556326866149902e-01 -4.032854735851287842e-01 9.648727178573608398e-01 1.966659575700759888e-01 -4.846280515193939209e-01 1.836735159158706665e-01 -9.852414727210998535e-01 -9.960265755653381348e-01 -9.558308124542236328e-01 6.336292624473571777e-01 -1.945691108703613281e-01 -8.303081393241882324e-01 -9.608647823333740234e-01 -1.913978010416030884e-01
9.157539606094360352e-01 -9.246253371238708496e-01 -2.099556922912597656e-01 -4.032852947711944580e-01 9.648727774620056152e-01 1.966661065816879272e-01 -4.846279025077819824e-01 1.836734861135482788e-01 -9.852414727210998535e-01 -9.960265755653381348e-01 -9.558308720588684082e-01 6.336293220520019531e-01 -1.945692300796508789e-01 -8.303080201148986816e-01 -9.608646631240844727e-01 -1.913978010416030884e-01
9.157539606094360352e-01 -9.246253371238708496e-01 -2.099557071924209595e-01 -4.032853543758392334e-01 9.648727774620056152e-01 1.966660767793655396e-01 -4.846278429031372070e-01 1.836733072996139526e-01 -9.852414727210998535e-01 -9.960265755653381348e-01 -9.558308720588684082e-01 6.336293220520019531e-01 -1.945688724517822266e-01 -8.303081393241882324e-01 -9.608646631240844727e-01 -1.913978010416030884e-01
9.157540202140808105e-01 -9.246253371238708496e-01 -2.099556624889373779e-01 -4.032852947711944580e-01 9.648727774620056152e-01 1.966661512851715088e-01 -4.846278429031372070e-01 1.836733967065811157e-01 -9.852414727210998535e-01 -9.960266351699829102e-01 -9.558308124542236328e-01 6.336293220520019531e-01 -1.945689916610717773e-01 -8.303080201148986816e-01 -9.608646631240844727e-01 -1.913977414369583130e-01
9.157540202140808105e-01 -9.246253371238708496e-01 -2.099556177854537964e-01 -4.032852947711944580e-01 9.648727774620056152e-01 1.966661512851715088e-01 -4.846278429031372070e-01 1.836733967065811157e-01 -9.852414727210998535e-01 -9.960265755653381348e-01 -9.558308720588684082e-01 6.336293816566467285e-01 -1.945689916610717773e-01 -8.303081393241882324e-01 -9.608646631240844727e-01 -1.913977563381195068e-01
9.157540202140808105e-01 -9.246253371238708496e-01 -2.099556922912597656e-01 -4.032852947711944580e-01 9.648727774620056152e-01 1.966661959886550903e-01 -4.846278429031372070e-01 1.836733967065811157e-01 -9.852414727210998535e-01 -9.960265755653381348e-01 -9.558308720588684082e-01 6.336293816566467285e-01 -1.945689916610717773e-01 -8.303080201148986816e-01 -9.608646631240844727e-01 -1.913977861404418945e-01
9.157540202140808105e-01 -9.246253371238708496e-01 -2.099556624889373779e-01 -4.032852053642272949e-01 9.648727774620056152e-01 1.966661959886550903e-01 -4.846278429031372070e-01 1.836733669042587280e-01 -9.852414727210998535e-01 -9.960265755653381348e-01 -9.558308720588684082e-01 6.336293816566467285e-01 -1.945689916610717773e-01 -8.303080201148986816e-01 -9.608646631240844727e-01 -1.913977265357971191e-01
9.157540202140808105e-01 -9.246253371238708496e-01 -2.099556326866149902e-01 -4.032852947711944580e-01 9.648727774620056152e-01 1.966662704944610596e-01 -4.846278131008148193e-01 1.836732476949691772e-01 -9.852414727210998535e-01 -9.960266351699829102e-01 -9.558308720588684082e-01 6.336293816566467285e-01 -1.945690512657165527e-01 -8.303081393241882324e-01 -9.608646631240844727e-01 -1.913977861404418945e-01
9.157540202140808105e-01 -9.246253371238708496e-01 -2.099556326866149902e-01 -4.032852649688720703e-01 9.648727774620056152e-01 1.966661959886550903e-01 -4.846278131008148193e-01 1.836733967065811157e-01 -9.852414727210998535e-01 -9.960265755653381348e-01 -9.558308720588684082e-01 6.336293816566467285e-01 -1.945689916610717773e-01 -8.303081393241882324e-01 -9.608646631240844727e-01 -1.913977414369583130e-01
9.157540202140808105e-01 -9.246253371238708496e-01 -2.099556326866149902e-01 -4.032852053642272949e-01 9.648727774620056152e-01 1.966662704944610596e-01 -4.846278131008148193e-01 1.836733967065811157e-01 -9.852414727210998535e-01 -9.960265755653381348e-01 -9.558308720588684082e-01 6.336293816566467285e-01 -1.945689916610717773e-01 -8.303080201148986816e-01 -9.608646631240844727e-01 -1.913977563381195068e-01
9.157540202140808105e-01 -9.246253371238708496e-01 -2.099556326866149902e-01 -4.032852649688720703e-01 9.648727774620056152e-01 1.966661959886550903e-01 -4.846278131008148193e-01 1.836733967065811157e-01 -9.852414727210998535e-01 -9.960265755653381348e-01 -9.558308720588684082e-01 6.336293816566467285e-01 -1.945689916610717773e-01 -8.303081393241882324e-01 -9.608646631240844727e-01 -1.913977414369583130e-01
9.157540202140808105e-01 -9.246253371238708496e-01 -2.099556326866149902e-01 -4.032852649688720703e-01 9.648727774620056152e-01 1.966661959886550903e-01 -4.846278131008148193e-01 1.836733967065811157e-01 -9.852414727210998535e-01 -9.960265755653381348e-01 -9.558308720588684082e-01 6.336293816566467285e-01 -1.945689916610717773e-01 -8.303081393241882324e-01 -9.608646631240844727e-01 -1.913977414369583130e-01
9.157540202140808105e-01 -9.246253371238708496e-01 -2.099556326866149902e-01 -4.032852649688720703e-01 9.648727774620056152e-01 1.966661959886550903e-01 -4.846278131008148193e-01 1.836733967065811157e-01 -9.852414727210998535e-01 -9.960265755653381348e-01 -9.558308720588684082e-01 6.336293816566467285e-01 -1.945689916610717773e-01 -8.303081393241882324e-01 -9.608646631240844727e-01 -1.913977414369583130e-01
9.157540202140808105e-01 -9.246253371238708496e-01 -2.099556326866149902e-01 -4.032852649688720703e-01 9.648727774620056152e-01 1.966661959886550903e-01 -4.846278131008148193e-01 1.836733967065811157e-01 -9.852414727210998535e-01 -9.960265755653381348e-01 -9.558308720588684082e-01 6.336293816566467285e-01 -1.945689916610717773e-01 -8.303081393241882324e-01 -9.608646631240844727e-01 -1.913977414369583130e-01
9.157540202140808105e-01 -9.246253371238708496e-01 -2.099556326866149902e-01 -4.032852649688720703e-01 9.648727774620056152e-01 1.966661959886550903e-01 -4.846278131008148193e-01 1.836733967065811157e-01 -9.852414727210998535e-01 -9.960265755653381348e-01 -9.558308720588684082e-01 6.336293816566467285e-01 -1.945689916610717773e-01 -8.303081393241882324e-01 -9.608646631240844727e-01 -1.913977414369583130e-01
9.157540202140808105e-01 -9.246253371238708496e-01 -2.099556326866149902e-01 -4.032852649688720703e-01 9.648727774620056152e-01 1.966661959886550903e-01 -4.846278131008148193e-01 1.836733967065811157e-01 -9.852414727210998535e-01 -9.960265755653381348e-01 -9.558308720588684082e-01 6.336293816566467285e-01 -1.945689916610717773e-01 -8.303081393241882324e-01 -9.608646631240844727e-01 -1.913977414369583130e-01
9.157540202140808105e-01 -9.246253371238708496e-01 -2.099556326866149902e-01 -4.032852649688720703e-01 9.648727774620056152e-01 1.966661959886550903e-01 -4.846278131008148193e-01 1.836733967065811157e-01 -9.852414727210998535e-01 -9.960265755653381348e-01 -9.558308720588684082e-01 6.336293816566467285e-01 -1.945689916610717773e-01 -8.303081393241882324e-01 -9.608646631240844727e-01 -1.913977414369583130e-01
9.157540202140808105e-01 -9.246253371238708496e-01 -2.099556326866149902e-01 -4.032852649688720703e-01 9.648727774620056152e-01 1.966661959886550903e-01 -4.846278131008148193e-01 1.836733967065811157e-01 -9.852414727210998535e-01 -9.960265755653381348e-01 -9.558308720588684082e-01 6.336293816566467285e-01 -1.945689916610717773e-01 -8.303081393241882324e-01 -9.608646631240844727e-01 -1.913977414369583130e-01
9.157540202140808105e-01 -9.246253371238708496e-01 -2.099556326866149902e-01 -4.032852649688720703e-01 9.648727774620056152e-01 1.966661959886550903e-01 -4.846278131008148193e-01 1.836733967065811157e-01 -9.852414727210998535e-01 -9.960265755653381348e-01 -9.558308720588684082e-01 6.336293816566467285e-01 -1.945689916610717773e-01 -8.303081393241882324e-01 -9.608646631240844727e-01 -1.913977414369583130e-01
9.157540202140808105e-01 -9.246253371238708496e-01 -2.099556326866149902e-01 -4.032852649688720703e-01 9.648727774620056152e-01 1.966661959886550903e-01 -4.846278131008148193e-01 1.836733967065811157e-01 -9.852414727210998535e-01 -9.960265755653381348e-01 -9.558308720588684082e-01 6.336293816566467285e-01 -1.945689916610717773e-01 -8.303081393241882324e-01 -9.608646631240844727e-01 -1.913977414369583130e-01
9.157540202140808105e-01 -9.246253371238708496e-01 -2.099556326866149902e-01 -4.032852649688720703e-01 9.648727774620056152e-01 1.966661959886550903e-01 -4.846278131008148193e-01 1.836733967065811157e-01 -9.852414727210998535e-01 -9.960265755653381348e-01 -9.558308720588684082e-01 6.336293816566467285e-01 -1.945689916610717773e-01 -8.303081393241882324e-01 -9.608646631240844727e-01 -1.913977414369583130e-01
9.157540202140808105e-01 -9.246253371238708496e-01 -2.099556326866149902e-01 -4.032852649688720703e-01 9.648727774620056152e-01 1.966661959886550903e-01 -4.846278131008148193e-01 1.836733967065811157e-01 -9.852414727210998535e-01 -9.960265755653381348e-01 -9.558308720588684082e-01 6.336293816566467285e-01 -1.945689916610717773e-01 -8.303081393241882324e-01 -9.608646631240844727e-01 -1.913977414369583130e-01
9.157540202140808105e-01 -9.246253371238708496e-01 -2.099557518959045410e-01 -4.032853543758392334e-01 9.648727178573608398e-01 1.966661959886550903e-01 -4.846277236938476562e-01 1.836733967065811157e-01 -9.852414727210998535e-01 -9.960264563560485840e-01 -9.558308720588684082e-01 6.336293816566467285e-01 -1.945691704750061035e-01 -8.303080201148986816e-01 -9.608646631240844727e-01 -1.913977265357971191e-01
9.157540202140808105e-01 -9.246253371238708496e-01 -2.099557518959045410e-01 -4.032853543758392334e-01 9.648727178573608398e-01 1.966661959886550903e-01 -4.846277236938476562e-01 1.836733967065811157e-01 -9.852414727210998535e-01 -9.960264563560485840e-01 -9.558308720588684082e-01 6.336293816566467285e-01 -1.945691704750061035e-01 -8.303080201148986816e-01 -9.608646631240844727e-01 -1.913977265357971191e-01
9.157540202140808105e-01 -9.246253371238708496e-01 -2.099556326866149902e-01 -4.032852649688720703e-01 9.648727774620056152e-01 1.966661959886550903e-01 -4.846278131008148193e-01 1.836733967065811157e-01 -9.852414727210998535e-01 -9.960265755653381348e-01 -9.558308720588684082e-01 6.336293816566467285e-01 -1.945689916610717773e-01 -8.303081393241882324e-01 -9.608646631240844727e-01 -1.913977414369583130e-01
9.157540202140808105e-01 -9.246253371238708496e-01 -2.099556326866149902e-01 -4.032852649688720703e-01 9.648727774620056152e-01 1.966661959886550903e-01 -4.846278131008148193e-01 1.836733967065811157e-01 -9.852414727210998535e-01 -9.960265755653381348e-01 -9.558308720588684082e-01 6.336293816566467285e-01 -1.945689916610717773e-01 -8.303081393241882324e-01 -9.608646631240844727e-01 -1.913977414369583130e-01
9.157540202140808105e-01 -9.246253371238708496e-01 -2.099556326866149902e-01 -4.032852649688720703e-01 9.648727774620056152e-01 1.966661959886550903e-01 -4.846278131008148193e-01 1.836733967065811157e-01 -9.852414727210998535e-01 -9.960265755653381348e-01 -9.558308720588684082e-01 6.336293816566467285e-01 -1.945689916610717773e-01 -8.303081393241882324e-01 -9.608646631240844727e-01 -1.913977414369583130e-01
9.157540202140808105e-01 -9.246253371238708496e-01 -2.099556326866149902e-01 -4.032852649688720703e-01 9.648727774620056152e-01 1.966661959886550903e-01 -4.846278131008148193e-01 1.836733967065811157e-01 -9.852414727210998535e-01 -9.960265755653381348e-01 -9.558308720588684082e-01 6.336293816566467285e-01 -1.945689916610717773e-01 -8.303081393241882324e-01 -9.608646631240844727e-01 -1.913977414369583130e-01
9.157540202140808105e-01 -9.246253371238708496e-01 -2.099556326866149902e-01 -4.032852649688720703e-01 9.648727774620056152e-01 1.966661959886550903e-01 -4.846278131008148193e-01 1.836733967065811157e-01 -9.852414727210998535e-01 -9.960265755653381348e-01 -9.558308720588684082e-01 6.336293816566467285e-01 -1.945689916610717773e-01 -8.303081393241882324e-01 -9.608646631240844727e-01 -1.913977414369583130e-01
9.157540202140808105e-01 -9.246253371238708496e-01 -2.099556326866149902e-01 -4.032852649688720703e-01 9.648727774620056152e-01 1.966661959886550903e-01 -4.846278131008148193e-01 1.836733967065811157e-01 -9.852414727210998535e-01 -9.960265755653381348e-01 -9.558308720588684082e-01 6.336293816566467285e-01 -1.945689916610717773e-01 -8.303081393241882324e-01 -9.608646631240844727e-01 -1.913977414369583130e-01
9.157540202140808105e-01 -9.246253371238708496e-01 -2.099556326866149902e-01 -4.032852649688720703e-01 9.648727774620056152e-01 1.966661959886550903e-01 -4.846278131008148193e-01 1.836733967065811157e-01 -9.852414727210998535e-01 -9.960265755653381348e-01 -9.558308720588684082e-01 6.336293816566467285e-01 -1.945689916610717773e-01 -8.303081393241882324e-01 -9.608646631240844727e-01 -1.913977414369583130e-01
9.157540202140808105e-01 -9.246253371238708496e-01 -2.099556326866149902e-01 -4.032852649688720703e-01 9.648727774620056152e-01 1.966661959886550903e-01 -4.846278131008148193e-01 1.836733967065811157e-01 -9.852414727210998535e-01 -9.960265755653381348e-01 -9.558308720588684082e-01 6.336293816566467285e-01 -1.945689916610717773e-01 -8.303081393241882324e-01 -9.608646631240844727e-01 -1.913977414369583130e-01
9.157540202140808105e-01 -9.246253371238708496e-01 -2.099556326866149902e-01 -4.032852649688720703e-01 9.648727774620056152e-01 1.966661959886550903e-01 -4.846278131008148193e-01 1.836733967065811157e-01 -9.852414727210998535e-01 -9.960265755653381348e-01 -9.558308720588684082e-01 6.336293816566467285e-01 -1.945689916610717773e-01 -8.303081393241882324e-01 -9.608646631240844727e-01 -1.913977414369583130e-01
9.157540202140808105e-01 -9.246253371238708496e-01 -2.099556326866149902e-01 -4.032852649688720703e-01 9.648727774620056152e-01 1.966661959886550903e-01 -4.846278131008148193e-01 1.836733967065811157e-01 -9.852414727210998535e-01 -9.960265755653381348e-01 -9.558308720588684082e-01 6.336293816566467285e-01 -1.945689916610717773e-01 -8.303081393241882324e-01 -9.608646631240844727e-01 -1.913977414369583130e-01
9.157540202140808105e-01 -9.246253371238708496e-01 -2.099556326866149902e-01 -4.032852649688720703e-01 9.648727774620056152e-01 1.966661959886550903e-01 -4.846278131008148193e-01 1.836733967065811157e-01 -9.852414727210998535e-01 -9.960265755653381348e-01 -9.558308720588684082e-01 6.336293816566467285e-01 -1.945689916610717773e-01 -8.303081393241882324e-01 -9.608646631240844727e-01 -1.913977414369583130e-01
9.157540202140808105e-01 -9.246253371238708496e-01 -2.099556326866149902e-01 -4.032852649688720703e-01 9.648727774620056152e-01 1.966661959886550903e-01 -4.846278131008148193e-01 1.836733967065811157e-01 -9.852414727210998535e-01 -9.960265755653381348e-01 -9.558308720588684082e-01 6.336293816566467285e-01 -1.945689916610717773e-01 -8.303081393241882324e-01 -9.608646631240844727e-01 -1.913977414369583130e-01
9.157540202140808105e-01 -9.246253371238708496e-01 -2.099556326866149902e-01 -4.032852649688720703e-01 9.648727774620056152e-01 1.966661959886550903e-01 -4.846278131008148193e-01 1.836733967065811157e-01 -9.852414727210998535e-01 -9.960265755653381348e-01 -9.558308720588684082e-01 6.336293816566467285e-01 -1.945689916610717773e-01 -8.303081393241882324e-01 -9.608646631240844727e-01 -1.913977414369583130e-01
9.157540202140808105e-01 -9.246253371238708496e-01 -2.099556326866149902e-01 -4.032852649688720703e-01 9.648727774620056152e-01 1.966661959886550903e-01 -4.846278131008148193e-01 1.836733967065811157e-01 -9.852414727210998535e-01 -9.960265755653381348e-01 -9.558308720588684082e-01 6.336293816566467285e-01 -1.945689916610717773e-01 -8.303081393241882324e-01 -9.608646631240844727e-01 -1.913977414369583130e-01
9.157540202140808105e-01 -9.246253371238708496e-01 -2.099556326866149902e-01 -4.032852649688720703e-01 9.648727774620056152e-01 1.966661959886550903e-01 -4.846278131008148193e-01 1.836733967065811157e-01 -9.852414727210998535e-01 -9.960265755653381348e-01 -9.558308720588684082e-01 6.336293816566467285e-01 -1.945689916610717773e-01 -8.303081393241882324e-01 -9.608646631240844727e-01 -1.913977414369583130e-01
9.157540202140808105e-01 -9.246253371238708496e-01 -2.099556326866149902e-01 -4.032852649688720703e-01 9.648727774620056152e-01 1.966661959886550903e-01 -4.846278131008148193e-01 1.836733967065811157e-01 -9.852414727210998535e-01 -9.960265755653381348e-01 -9.558308720588684082e-01 6.336293816566467285e-01 -1.945689916610717773e-01 -8.303081393241882324e-01 -9.608646631240844727e-01 -1.913977414369583130e-01
9.157540202140808105e-01 -9.246253371238708496e-01 -2.099556326866149902e-01 -4.032852649688720703e-01 9.648727774620056152e-01 1.966661959886550903e-01 -4.846278131008148193e-01 1.836733967065811157e-01 -9.852414727210998535e-01 -9.960265755653381348e-01 -9.558308720588684082e-01 6.336293816566467285e-01 -1.945689916610717773e-01 -8.303081393241882324e-01 -9.608646631240844727e-01 -1.913977414369583130e-01
9.157540202140808105e-01 -9.246253371238708496e-01 -2.099556326866149902e-01 -4.032852649688720703e-01 9.648727774620056152e-01 1.966661959886550903e-01 -4.846278131008148193e-01 1.836733967065811157e-01 -9.852414727210998535e-01 -9.960265755653381348e-01 -9.558308720588684082e-01 6.336293816566467285e-01 -1.945689916610717773e-01 -8.303081393241882324e-01 -9.608646631240844727e-01 -1.913977414369583130e-01
9.157540202140808105e-01 -9.246253371238708496e-01 -2.099556326866149902e-01 -4.032852649688720703e-01 9.648727774620056152e-01 1.966661959886550903e-01 -4.846278131008148193e-01 1.836733967065811157e-01 -9.852414727210998535e-01 -9.960265755653381348e-01 -9.558308720588684082e-01 6.336293816566467285e-01 -1.945689916610717773e-01 -8.303081393241882324e-01 -9.608646631240844727e-01 -1.913977414369583130e-01
9.157540202140808105e-01 -9.246253371238708496e-01 -2.099556326866149902e-01 -4.032852649688720703e-01 9.648727774620056152e-01 1.966661959886550903e-01 -4.846278131008148193e-01 1.836733967065811157e-01 -9.852414727210998535e-01 -9.960265755653381348e-01 -9.558308720588684082e-01 6.336293816566467285e-01 -1.945689916610717773e-01 -8.303081393241882324e-01 -9.608646631240844727e-01 -1.913977414369583130e-01
9.157540202140808105e-01 -9.246253371238708496e-01 -2.099556326866149902e-01 -4.032852649688720703e-01 9.648727774620056152e-01 1.966661959886550903e-01 -4.846278131008148193e-01 1.836733967065811157e-01 -9.852414727210998535e-01 -9.960265755653381348e-01 -9.558308720588684082e-01 6.336293816566467285e-01 -1.945689916610717773e-01 -8.303081393241882324e-01 -9.608646631240844727e-01 -1.913977414369583130e-01
9.157540202140808105e-01 -9.246253371238708496e-01 -2.099556326866149902e-01 -4.032852649688720703e-01 9.648727774620056152e-01 1.966661959886550903e-01 -4.846278131008148193e-01 1.836733967065811157e-01 -9.852414727210998535e-01 -9.960265755653381348e-01 -9.558308720588684082e-01 6.336293816566467285e-01 -1.945689916610717773e-01 -8.303081393241882324e-01 -9.608646631240844727e-01 -1.913977414369583130e-01
9.157540202140808105e-01 -9.246253371238708496e-01 -2.099556326866149902e-01 -4.032852649688720703e-01 9.648727774620056152e-01 1.966661959886550903e-01 -4.846278131008148193e-01 1.836733967065811157e-01 -9.852414727210998535e-01 -9.960265755653381348e-01 -9.558308720588684082e-01 6.336293816566467285e-01 -1.945689916610717773e-01 -8.303081393241882324e-01 -9.608646631240844727e-01 -1.913977414369583130e-01
9.157540202140808105e-01 -9.246253371238708496e-01 -2.099556326866149902e-01 -4.032852649688720703e-01 9.648727774620056152e-01 1.966661959886550903e-01 -4.846278131008148193e-01 1.836733967065811157e-01 -9.852414727210998535e-01 -9.960265755653381348e-01 -9.558308720588684082e-01 6.336293816566467285e-01 -1.945689916610717773e-01 -8.303081393241882324e-01 -9.608646631240844727e-01 -1.913977414369583130e-01
9.157540202140808105e-01 -9.246253371238708496e-01 -2.099556326866149902e-01 -4.032852649688720703e-01 9.648727774620056152e-01 1.966661959886550903e-01 -4.846278131008148193e-01 1.836733967065811157e-01 -9.852414727210998535e-01 -9.960265755653381348e-01 -9.558308720588684082e-01 6.336293816566467285e-01 -1.945689916610717773e-01 -8.303081393241882324e-01 -9.608646631240844727e-01 -1.913977414369583130e-01
9.157540202140808105e-01 -9.246253371238708496e-01 -2.099556326866149902e-01 -4.032852649688720703e-01 9.648727774620056152e-01 1.966661959886550903e-01 -4.846278131008148193e-01 1.836733967065811157e-01 -9.852414727210998535e-01 -9.960265755653381348e-01 -9.558308720588684082e-01 6.336293816566467285e-01 -1.945689916610717773e-01 -8.303081393241882324e-01 -9.608646631240844727e-01 -1.913977414369583130e-01
9.157540202140808105e-01 -9.246253371238708496e-01 -2.099556326866149902e-01 -4.032852649688720703e-01 9.648727774620056152e-01 1.966661959886550903e-01 -4.846278131008148193e-01 1.836733967065811157e-01 -9.852414727210998535e-01 -9.960265755653381348e-01 -9.558308720588684082e-01 6.336293816566467285e-01 -1.945689916610717773e-01 -8.303081393241882324e-01 -9.608646631240844727e-01 -1.913977414369583130e-01
9.157540202140808105e-01 -9.246253371238708496e-01 -2.099556326866149902e-01 -4.032852649688720703e-01 9.648727774620056152e-01 1.966661959886550903e-01 -4.846278131008148193e-01 1.836733967065811157e-01 -9.852414727210998535e-01 -9.960265755653381348e-01 -9.558308720588684082e-01 6.336293816566467285e-01 -1.945689916610717773e-01 -8.303081393241882324e-01 -9.608646631240844727e-01 -1.913977414369583130e-01
9.157540202140808105e-01 -9.246253371238708496e-01 -2.099556326866149902e-01 -4.032852649688720703e-01 9.648727774620056152e-01 1.966661959886550903e-01 -4.846278131008148193e-01 1.836733967065811157e-01 -9.852414727210998535e-01 -9.960265755653381348e-01 -9.558308720588684082e-01 6.336293816566467285e-01 -1.945689916610717773e-01 -8.303081393241882324e-01 -9.608646631240844727e-01 -1.913977414369583130e-01
9.157540202140808105e-01 -9.246253371238708496e-01 -2.099556326866149902e-01 -4.032852649688720703e-01 9.648727774620056152e-01 1.966661959886550903e-01 -4.846278131008148193e-01 1.836733967065811157e-01 -9.852414727210998535e-01 -9.960265755653381348e-01 -9.558308720588684082e-01 6.336293816566467285e-01 -1.945689916610717773e-01 -8.303081393241882324e-01 -9.608646631240844727e-01 -1.913977414369583130e-01
9.157540202140808105e-01 -9.246253371238708496e-01 -2.099557518959045410e-01 -4.032853543758392334e-01 9.648727178573608398e-01 1.966661959886550903e-01 -4.846277236938476562e-01 1.836733967065811157e-01 -9.852414727210998535e-01 -9.960264563560485840e-01 -9.558308720588684082e-01 6.336293816566467285e-01 -1.945691704750061035e-01 -8.303080201148986816e-01 -9.608646631240844727e-01 -1.913977265357971191e-01
9.157540202140808105e-01 -9.246253371238708496e-01 -2.099557518959045410e-01 -4.032853543758392334e-01 9.648727178573608398e-01 1.966661959886550903e-01 -4.846277236938476562e-01 1.836733967065811157e-01 -9.852414727210998535e-01 -9.960264563560485840e-01 -9.558308720588684082e-01 6.336293816566467285e-01 -1.945691704750061035e-01 -8.303080201148986816e-01 -9.608646631240844727e-01 -1.913977265357971191e-01
9.157540202140808105e-01 -9.246253371238708496e-01 -2.099556326866149902e-01 -4.032852649688720703e-01 9.648727774620056152e-01 1.966661959886550903e-01 -4.846278131008148193e-01 1.836733967065811157e-01 -9.852414727210998535e-01 -9.960265755653381348e-01 -9.558308720588684082e-01 6.336293816566467285e-01 -1.945689916610717773e-01 -8.303081393241882324e-01 -9.608646631240844727e-01 -1.913977414369583130e-01
9.157540202140808105e-01 -9.246253371238708496e-01 -2.099556326866149902e-01 -4.032852649688720703e-01 9.648727774620056152e-01 1.966661959886550903e-01 -4.846278131008148193e-01 1.836733967065811157e-01 -9.852414727210998535e-01 -9.960265755653381348e-01 -9.558308720588684082e-01 6.336293816566467285e-01 -1.945689916610717773e-01 -8.303081393241882324e-01 -9.608646631240844727e-01 -1.913977414369583130e-01
9.157540202140808105e-01 -9.246253371238708496e-01 -2.099556326866149902e-01 -4.032852649688720703e-01 9.648727774620056152e-01 1.966661959886550903e-01 -4.846278131008148193e-01 1.836733967065811157e-01 -9.852414727210998535e-01 -9.960265755653381348e-01 -9.558308720588684082e-01 6.336293816566467285e-01 -1.945689916610717773e-01 -8.303081393241882324e-01 -9.608646631240844727e-01 -1.913977414369583130e-01
9.157540202140808105e-01 -9.246253371238708496e-01 -2.099556326866149902e-01 -4.032852649688720703e-01 9.648727774620056152e-01 1.966661959886550903e-01 -4.846278131008148193e-01 1.836733967065811157e-01 -9.852414727210998535e-01 -9.960265755653381348e-01 -9.558308720588684082e-01 6.336293816566467285e-01 -1.945689916610717773e-01 -8.303081393241882324e-01 -9.608646631240844727e-01 -1.913977414369583130e-01
