9.999842643737792969e-01 9.999228119850158691e-01 -1.000000000000000000e+00 -1.000000000000000000e+00 9.999791979789733887e-01 -1.000000000000000000e+00 1.000000000000000000e+00 -1.000000000000000000e+00 -1.000000000000000000e+00 1.000000000000000000e+00 -1.000000000000000000e+00 -1.000000000000000000e+00 -9.999684095382690430e-01 1.000000000000000000e+00 9.725089073181152344e-01 1.000000000000000000e+00
7.891119122505187988e-01 1.000000000000000000e+00 -9.843211174011230469e-01 -1.000000000000000000e+00 9.999530315399169922e-01 -1.000000000000000000e+00 8.298972249031066895e-01 -1.000000000000000000e+00 -1.000000000000000000e+00 1.000000000000000000e+00 -9.086803197860717773e-01 -1.000000000000000000e+00 9.106212854385375977e-01 1.000000000000000000e+00 9.999966621398925781e-01 9.991132020950317383e-01
8.756363987922668457e-01 1.000000000000000000e+00 -9.769961833953857422e-01 -9.999997019767761230e-01 9.998559951782226562e-01 -1.000000000000000000e+00 9.647749662399291992e-01 -1.000000000000000000e+00 -1.000000000000000000e+00 1.000000000000000000e+00 -9.679511785507202148e-01 -1.000000000000000000e+00 9.297472834587097168e-01 1.000000000000000000e+00 9.999935030937194824e-01 9.990869760513305664e-01
8.877867460250854492e-01 1.000000000000000000e+00 -9.771161079406738281e-01 -9.999998211860656738e-01 9.998618364334106445e-01 -1.000000000000000000e+00 9.634699821472167969e-01 -1.000000000000000000e+00 -1.000000000000000000e+00 1.000000000000000000e+00 -9.670643210411071777e-01 -1.000000000000000000e+00 9.244846701622009277e-01 1.000000000000000000e+00 9.999932050704956055e-01 9.990406632423400879e-01
8.868296146392822266e-01 1.000000000000000000e+00 -9.772062897682189941e-01 -9.999997019767761230e-01 9.998624920845031738e-01 -1.000000000000000000e+00 9.633305072784423828e-01 -1.000000000000000000e+00 -1.000000000000000000e+00 1.000000000000000000e+00 -9.669655561447143555e-01 -1.000000000000000000e+00 9.241264462471008301e-01 1.000000000000000000e+00 9.999931454658508301e-01 9.990312457084655762e-01
8.868474364280700684e-01 1.000000000000000000e+00 -9.772031307220458984e-01 -9.999997019767761230e-01 9.998623728752136230e-01 -1.000000000000000000e+00 9.633234143257141113e-01 -1.000000000000000000e+00 -1.000000000000000000e+00 1.000000000000000000e+00 -9.669615030288696289e-01 -1.000000000000000000e+00 9.241603016853332520e-01 1.000000000000000000e+00 9.999932050704956055e-01 9.990320205688476562e-01
8.868471980094909668e-01 1.000000000000000000e+00 -9.772031903266906738e-01 -9.999996423721313477e-01 9.998624324798583984e-01 -1.000000000000000000e+00 9.633244276046752930e-01 -1.000000000000000000e+00 -1.000000000000000000e+00 1.000000000000000000e+00 -9.669620990753173828e-01 -1.000000000000000000e+00 9.241598248481750488e-01 1.000000000000000000e+00 9.999932050704956055e-01 9.990320205688476562e-01
8.868472576141357422e-01 1.000000000000000000e+00 -9.772031307220458984e-01 -9.999996423721313477e-01 9.998624324798583984e-01 -1.000000000000000000e+00 9.633243680000305176e-01 -1.000000000000000000e+00 -1.000000000000000000e+00 1.000000000000000000e+00 -9.669620990753173828e-01 -1.000000000000000000e+00 9.241598248481750488e-01 1.000000000000000000e+00 9.999932050704956055e-01 9.990320205688476562e-01
8.868472576141357422e-01 1.000000000000000000e+00 -9.772031307220458984e-01 -9.999997019767761230e-01 9.998624324798583984e-01 -1.000000000000000000e+00 9.633243680000305176e-01 -1.000000000000000000e+00 -1.000000000000000000e+00 1.000000000000000000e+00 -9.669620990753173828e-01 -1.000000000000000000e+00 9.241598248481750488e-01 1.000000000000000000e+00 9.999932050704956055e-01 9.990320205688476562e-01
8.868472576141357422e-01 1.000000000000000000e+00 -9.772031903266906738e-01 -9.999996423721313477e-01 9.998624324798583984e-01 -1.000000000000000000e+00 9.633244276046752930e-01 -1.000000000000000000e+00 -1.000000000000000000e+00 1.000000000000000000e+00 -9.669620990753173828e-01 -1.000000000000000000e+00 9.241598248481750488e-01 1.000000000000000000e+00 9.999932050704956055e-01 9.990320205688476562e-01
8.868472576141357422e-01 1.000000000000000000e+00 -9.772031307220458984e-01 -9.999997019767761230e-01 9.998624324798583984e-01 -1.000000000000000000e+00 9.633243680000305176e-01 -1.000000000000000000e+00 -1.000000000000000000e+00 1.000000000000000000e+00 -9.669620990753173828e-01 -1.000000000000000000e+00 9.241598248481750488e-01 1.000000000000000000e+00 9.999932050704956055e-01 9.990320205688476562e-01
8.868472576141357422e-01 1.000000000000000000e+00 -9.772031903266906738e-01 -9.999996423721313477e-01 9.998624324798583984e-01 -1.000000000000000000e+00 9.633244276046752930e-01 -1.000000000000000000e+00 -1.000000000000000000e+00 1.000000000000000000e+00 -9.669620990753173828e-01 -1.000000000000000000e+00 9.241598248481750488e-01 1.000000000000000000e+00 9.999932050704956055e-01 9.990320205688476562e-01
8.868472576141357422e-01 1.000000000000000000e+00 -9.772031307220458984e-01 -9.999997019767761230e-01 9.998624324798583984e-01 -1.000000000000000000e+00 9.633243680000305176e-01 -1.000000000000000000e+00 -1.000000000000000000e+00 1.000000000000000000e+00 -9.669620990753173828e-01 -1.000000000000000000e+00 9.241598248481750488e-01 1.000000000000000000e+00 9.999932050704956055e-01 9.990320205688476562e-01
8.868472576141357422e-01 1.000000000000000000e+00 -9.772031903266906738e-01 -9.999996423721313477e-01 9.998624324798583984e-01 -1.000000000000000000e+00 9.633244276046752930e-01 -1.000000000000000000e+00 -1.000000000000000000e+00 1.000000000000000000e+00 -9.669620990753173828e-01 -1.000000000000000000e+00 9.241598248481750488e-01 1.000000000000000000e+00 9.999932050704956055e-01 9.990320205688476562e-01
8.868472576141357422e-01 1.000000000000000000e+00 -9.772031307220458984e-01 -9.999997019767761230e-01 9.998624324798583984e-01 -1.000000000000000000e+00 9.633243680000305176e-01 -1.000000000000000000e+00 -1.000000000000000000e+00 1.000000000000000000e+00 -9.669620990753173828e-01 -1.000000000000000000e+00 9.241598248481750488e-01 1.000000000000000000e+00 9.999932050704956055e-01 9.990320205688476562e-01
8.868472576141357422e-01 1.000000000000000000e+00 -9.772031903266906738e-01 -9.999996423721313477e-01 9.998624324798583984e-01 -1.000000000000000000e+00 9.633244276046752930e-01 -1.000000000000000000e+00 -1.000000000000000000e+00 1.000000000000000000e+00 -9.669620990753173828e-01 -1.000000000000000000e+00 9.241598248481750488e-01 1.000000000000000000e+00 9.999932050704956055e-01 9.990320205688476562e-01
8.868472576141357422e-01 1.000000000000000000e+00 -9.772031307220458984e-01 -9.999997019767761230e-01 9.998624324798583984e-01 -1.000000000000000000e+00 9.633243680000305176e-01 -1.000000000000000000e+00 -1.000000000000000000e+00 1.000000000000000000e+00 -9.669620990753173828e-01 -1.000000000000000000e+00 9.241598248481750488e-01 1.000000000000000000e+00 9.999932050704956055e-01 9.990320205688476562e-01
8.868472576141357422e-01 1.000000000000000000e+00 -9.772031903266906738e-01 -9.999996423721313477e-01 9.998624324798583984e-01 -1.000000000000000000e+00 9.633244276046752930e-01 -1.000000000000000000e+00 -1.000000000000000000e+00 1.000000000000000000e+00 -9.669620990753173828e-01 -1.000000000000000000e+00 9.241598248481750488e-01 1.000000000000000000e+00 9.999932050704956055e-01 9.990320205688476562e-01
8.868472576141357422e-01 1.000000000000000000e+00 -9.772031307220458984e-01 -9.999997019767761230e-01 9.998624324798583984e-01 -1.000000000000000000e+00 9.633243680000305176e-01 -1.000000000000000000e+00 -1.000000000000000000e+00 1.000000000000000000e+00 -9.669620990753173828e-01 -1.000000000000000000e+00 9.241598248481750488e-01 1.000000000000000000e+00 9.999932050704956055e-01 9.990320205688476562e-01
8.868472576141357422e-01 1.000000000000000000e+00 -9.772031903266906738e-01 -9.999996423721313477e-01 9.998624324798583984e-01 -1.000000000000000000e+00 9.633244276046752930e-01 -1.000000000000000000e+00 -1.000000000000000000e+00 1.000000000000000000e+00 -9.669620990753173828e-01 -1.000000000000000000e+00 9.241598248481750488e-01 1.000000000000000000e+00 9.999932050704956055e-01 9.990320205688476562e-01
8.868472576141357422e-01 1.000000000000000000e+00 -9.772031307220458984e-01 -9.999997019767761230e-01 9.998624324798583984e-01 -1.000000000000000000e+00 9.633243680000305176e-01 -1.000000000000000000e+00 -1.000000000000000000e+00 1.000000000000000000e+00 -9.669620990753173828e-01 -1.000000000000000000e+00 9.241598248481750488e-01 1.000000000000000000e+00 9.999932050704956055e-01 9.990320205688476562e-01
8.868472576141357422e-01 1.000000000000000000e+00 -9.772031903266906738e-01 -9.999996423721313477e-01 9.998624324798583984e-01 -1.000000000000000000e+00 9.633244276046752930e-01 -1.000000000000000000e+00 -1.000000000000000000e+00 1.000000000000000000e+00 -9.669620990753173828e-01 -1.000000000000000000e+00 9.241598248481750488e-01 1.000000000000000000e+00 9.999932050704956055e-01 9.990320205688476562e-01
8.868472576141357422e-01 1.000000000000000000e+00 -9.772031307220458984e-01 -9.999997019767761230e-01 9.998624324798583984e-01 -1.000000000000000000e+00 9.633243680000305176e-01 -1.000000000000000000e+00 -1.000000000000000000e+00 1.000000000000000000e+00 -9.669620990753173828e-01 -1.000000000000000000e+00 9.241598248481750488e-01 1.000000000000000000e+00 9.999932050704956055e-01 9.990320205688476562e-01
8.868472576141357422e-01 1.000000000000000000e+00 -9.772031903266906738e-01 -9.999996423721313477e-01 9.998624324798583984e-01 -1.000000000000000000e+00 9.633244276046752930e-01 -1.000000000000000000e+00 -1.000000000000000000e+00 1.000000000000000000e+00 -9.669620990753173828e-01 -1.000000000000000000e+00 9.241598248481750488e-01 1.000000000000000000e+00 9.999932050704956055e-01 9.990320205688476562e-01
8.868472576141357422e-01 1.000000000000000000e+00 -9.772031307220458984e-01 -9.999997019767761230e-01 9.998624324798583984e-01 -1.000000000000000000e+00 9.633243680000305176e-01 -1.000000000000000000e+00 -1.000000000000000000e+00 1.000000000000000000e+00 -9.669620990753173828e-01 -1.000000000000000000e+00 9.241598248481750488e-01 1.000000000000000000e+00 9.999932050704956055e-01 9.990320205688476562e-01
8.868472576141357422e-01 1.000000000000000000e+00 -9.772031903266906738e-01 -9.999996423721313477e-01 9.998624324798583984e-01 -1.000000000000000000e+00 9.633244276046752930e-01 -1.000000000000000000e+00 -1.000000000000000000e+00 1.000000000000000000e+00 -9.669620990753173828e-01 -1.000000000000000000e+00 9.241598248481750488e-01 1.000000000000000000e+00 9.999932050704956055e-01 9.990320205688476562e-01
8.868472576141357422e-01 1.000000000000000000e+00 -9.772031307220458984e-01 -9.999997019767761230e-01 9.998624324798583984e-01 -1.000000000000000000e+00 9.633243680000305176e-01 -1.000000000000000000e+00 -1.000000000000000000e+00 1.000000000000000000e+00 -9.669620990753173828e-01 -1.000000000000000000e+00 9.241598248481750488e-01 1.000000000000000000e+00 9.999932050704956055e-01 9.990320205688476562e-01
8.868472576141357422e-01 1.000000000000000000e+00 -9.772031307220458984e-01 -9.999997019767761230e-01 9.998624324798583984e-01 -1.000000000000000000e+00 9.633243680000305176e-01 -1.000000000000000000e+00 -1.000000000000000000e+00 1.000000000000000000e+00 -9.669620990753173828e-01 -1.000000000000000000e+00 9.241598248481750488e-01 1.000000000000000000e+00 9.999932050704956055e-01 9.990320205688476562e-01
8.868472576141357422e-01 1.000000000000000000e+00 -9.772031307220458984e-01 -9.999997019767761230e-01 9.998624324798583984e-01 -1.000000000000000000e+00 9.633243680000305176e-01 -1.000000000000000000e+00 -1.000000000000000000e+00 1.000000000000000000e+00 -9.669620990753173828e-01 -1.000000000000000000e+00 9.241598248481750488e-01 1.000000000000000000e+00 9.999932050704956055e-01 9.990320205688476562e-01
8.868472576141357422e-01 1.000000000000000000e+00 -9.772031307220458984e-01 -9.999997019767761230e-01 9.998624324798583984e-01 -1.000000000000000000e+00 9.633243680000305176e-01 -1.000000000000000000e+00 -1.000000000000000000e+00 1.000000000000000000e+00 -9.669620990753173828e-01 -1.000000000000000000e+00 9.241598248481750488e-01 1.000000000000000000e+00 9.999932050704956055e-01 9.990320205688476562e-01
8.868471980094909668e-01 1.000000000000000000e+00 -9.772031307220458984e-01 -9.999997019767761230e-01 9.998623728752136230e-01 -1.000000000000000000e+00 9.633244872093200684e-01 -1.000000000000000000e+00 -1.000000000000000000e+00 1.000000000000000000e+00 -9.669620990753173828e-01 -1.000000000000000000e+00 9.241597652435302734e-01 1.000000000000000000e+00 9.999932050704956055e-01 9.990320205688476562e-01
6.520715355873107910e-01 1.000000000000000000e+00 -1.523630172014236450e-01 -9.999836683273315430e-01 9.996166229248046875e-01 -1.000000000000000000e+00 5.924092531204223633e-01 -1.000000000000000000e+00 -1.000000000000000000e+00 1.000000000000000000e+00 -2.914901077747344971e-01 -1.000000000000000000e+00 9.923959374427795410e-01 1.000000000000000000e+00 1.000000000000000000e+00 9.784828424453735352e-01
6.727215051651000977e-01 1.000000000000000000e+00 1.525410413742065430e-01 -9.999903440475463867e-01 9.995073080062866211e-01 -1.000000000000000000e+00 6.372411251068115234e-01 -1.000000000000000000e+00 -1.000000000000000000e+00 1.000000000000000000e+00 -6.068800687789916992e-01 -1.000000000000000000e+00 9.933648705482482910e-01 1.000000000000000000e+00 1.000000000000000000e+00 9.728833436965942383e-01
7.011123895645141602e-01 1.000000000000000000e+00 1.584547311067581177e-01 -9.999911785125732422e-01 9.994410872459411621e-01 -1.000000000000000000e+00 5.794966816902160645e-01 -1.000000000000000000e+00 -1.000000000000000000e+00 1.000000000000000000e+00 -6.206754446029663086e-01 -1.000000000000000000e+00 9.913682937622070312e-01 1.000000000000000000e+00 1.000000000000000000e+00 9.741728901863098145e-01
6.809854507446289062e-01 1.000000000000000000e+00 1.464541554450988770e-01 -9.999907016754150391e-01 9.994336366653442383e-01 -1.000000000000000000e+00 5.814555287361145020e-01 -1.000000000000000000e+00 -1.000000000000000000e+00 1.000000000000000000e+00 -6.208322644233703613e-01 -1.000000000000000000e+00 9.912334680557250977e-01 1.000000000000000000e+00 1.000000000000000000e+00 9.736704230308532715e-01
6.830157041549682617e-01 1.000000000000000000e+00 1.463934928178787231e-01 -9.999907016754150391e-01 9.994320869445800781e-01 -1.000000000000000000e+00 5.823320746421813965e-01 -1.000000000000000000e+00 -1.000000000000000000e+00 1.000000000000000000e+00 -6.191926002502441406e-01 -1.000000000000000000e+00 9.913418889045715332e-01 1.000000000000000000e+00 1.000000000000000000e+00 9.741604924201965332e-01
6.831035017967224121e-01 1.000000000000000000e+00 1.466736942529678345e-01 -9.999907016754150391e-01 9.994330406188964844e-01 -1.000000000000000000e+00 5.824506282806396484e-01 -1.000000000000000000e+00 -1.000000000000000000e+00 1.000000000000000000e+00 -6.192188262939453125e-01 -1.000000000000000000e+00 9.913407564163208008e-01 1.000000000000000000e+00 1.000000000000000000e+00 9.740970730781555176e-01
6.831462383270263672e-01 1.000000000000000000e+00 1.467210352420806885e-01 -9.999907612800598145e-01 9.994329810142517090e-01 -1.000000000000000000e+00 5.824154615402221680e-01 -1.000000000000000000e+00 -1.000000000000000000e+00 1.000000000000000000e+00 -6.192710399627685547e-01 -1.000000000000000000e+00 9.913393855094909668e-01 1.000000000000000000e+00 1.000000000000000000e+00 9.740947484970092773e-01
6.831327676773071289e-01 1.000000000000000000e+00 1.467109024524688721e-01 -9.999907612800598145e-01 9.994330406188964844e-01 -1.000000000000000000e+00 5.824084877967834473e-01 -1.000000000000000000e+00 -1.000000000000000000e+00 1.000000000000000000e+00 -6.192734837532043457e-01 -1.000000000000000000e+00 9.913389086723327637e-01 1.000000000000000000e+00 1.000000000000000000e+00 9.740942120552062988e-01
6.831314563751220703e-01 1.000000000000000000e+00 1.467088013887405396e-01 -9.999908804893493652e-01 9.994329810142517090e-01 -1.000000000000000000e+00 5.824095606803894043e-01 -1.000000000000000000e+00 -1.000000000000000000e+00 1.000000000000000000e+00 -6.192720532417297363e-01 -1.000000000000000000e+00 9.913390278816223145e-01 1.000000000000000000e+00 1.000000000000000000e+00 9.740944504737854004e-01
6.831317543983459473e-01 1.000000000000000000e+00 1.467091292142868042e-01 -9.999907016754150391e-01 9.994328618049621582e-01 -1.000000000000000000e+00 5.824097394943237305e-01 -1.000000000000000000e+00 -1.000000000000000000e+00 1.000000000000000000e+00 -6.192718744277954102e-01 -1.000000000000000000e+00 9.913390278816223145e-01 1.000000000000000000e+00 1.000000000000000000e+00 9.740945100784301758e-01
6.831319332122802734e-01 1.000000000000000000e+00 1.467091292142868042e-01 -9.999908804893493652e-01 9.994331598281860352e-01 -1.000000000000000000e+00 5.824097394943237305e-01 -1.000000000000000000e+00 -1.000000000000000000e+00 1.000000000000000000e+00 -6.192718148231506348e-01 -1.000000000000000000e+00 9.913390278816223145e-01 1.000000000000000000e+00 1.000000000000000000e+00 9.740946888923645020e-01
6.831318736076354980e-01 1.000000000000000000e+00 1.467091292142868042e-01 -9.999907016754150391e-01 9.994331598281860352e-01 -1.000000000000000000e+00 5.824098587036132812e-01 -1.000000000000000000e+00 -1.000000000000000000e+00 1.000000000000000000e+00 -6.192718744277954102e-01 -1.000000000000000000e+00 9.913389682769775391e-01 1.000000000000000000e+00 1.000000000000000000e+00 9.740946888923645020e-01
6.831319332122802734e-01 1.000000000000000000e+00 1.467091292142868042e-01 -9.999908804893493652e-01 9.994331598281860352e-01 -1.000000000000000000e+00 5.824098587036132812e-01 -1.000000000000000000e+00 -1.000000000000000000e+00 1.000000000000000000e+00 -6.192717552185058594e-01 -1.000000000000000000e+00 9.913389682769775391e-01 1.000000000000000000e+00 1.000000000000000000e+00 9.740946888923645020e-01
6.831319332122802734e-01 1.000000000000000000e+00 1.467091292142868042e-01 -9.999908804893493652e-01 9.994331598281860352e-01 -1.000000000000000000e+00 5.824098587036132812e-01 -1.000000000000000000e+00 -1.000000000000000000e+00 1.000000000000000000e+00 -6.192718744277954102e-01 -1.000000000000000000e+00 9.913389682769775391e-01 1.000000000000000000e+00 1.000000000000000000e+00 9.740946888923645020e-01
6.831319332122802734e-01 1.000000000000000000e+00 1.467091292142868042e-01 -9.999908804893493652e-01 9.994331598281860352e-01 -1.000000000000000000e+00 5.824098587036132812e-01 -1.000000000000000000e+00 -1.000000000000000000e+00 1.000000000000000000e+00 -6.192718744277954102e-01 -1.000000000000000000e+00 9.913389682769775391e-01 1.000000000000000000e+00 1.000000000000000000e+00 9.740946888923645020e-01
6.831319332122802734e-01 1.000000000000000000e+00 1.467091292142868042e-01 -9.999908804893493652e-01 9.994331598281860352e-01 -1.000000000000000000e+00 5.824098587036132812e-01 -1.000000000000000000e+00 -1.000000000000000000e+00 1.000000000000000000e+00 -6.192718744277954102e-01 -1.000000000000000000e+00 9.913389682769775391e-01 1.000000000000000000e+00 1.000000000000000000e+00 9.740946888923645020e-01
6.831319332122802734e-01 1.000000000000000000e+00 1.467091292142868042e-01 -9.999908804893493652e-01 9.994331598281860352e-01 -1.000000000000000000e+00 5.824098587036132812e-01 -1.000000000000000000e+00 -1.000000000000000000e+00 1.000000000000000000e+00 -6.192718744277954102e-01 -1.000000000000000000e+00 9.913389682769775391e-01 1.000000000000000000e+00 1.000000000000000000e+00 9.740946888923645020e-01
6.831319332122802734e-01 1.000000000000000000e+00 1.467091292142868042e-01 -9.999908804893493652e-01 9.994331598281860352e-01 -1.000000000000000000e+00 5.824098587036132812e-01 -1.000000000000000000e+00 -1.000000000000000000e+00 1.000000000000000000e+00 -6.192718744277954102e-01 -1.000000000000000000e+00 9.913389682769775391e-01 1.000000000000000000e+00 1.000000000000000000e+00 9.740946888923645020e-01
6.831319332122802734e-01 1.000000000000000000e+00 1.467091292142868042e-01 -9.999908804893493652e-01 9.994331598281860352e-01 -1.000000000000000000e+00 5.824098587036132812e-01 -1.000000000000000000e+00 -1.000000000000000000e+00 1.000000000000000000e+00 -6.192718744277954102e-01 -1.000000000000000000e+00 9.913389682769775391e-01 1.000000000000000000e+00 1.000000000000000000e+00 9.740946888923645020e-01
6.831319332122802734e-01 1.000000000000000000e+00 1.467091292142868042e-01 -9.999908804893493652e-01 9.994331598281860352e-01 -1.000000000000000000e+00 5.824098587036132812e-01 -1.000000000000000000e+00 -1.000000000000000000e+00 1.000000000000000000e+00 -6.192718744277954102e-01 -1.000000000000000000e+00 9.913389682769775391e-01 1.000000000000000000e+00 1.000000000000000000e+00 9.740946888923645020e-01
6.831319332122802734e-01 1.000000000000000000e+00 1.467091292142868042e-01 -9.999908804893493652e-01 9.994331598281860352e-01 -1.000000000000000000e+00 5.824098587036132812e-01 -1.000000000000000000e+00 -1.000000000000000000e+00 1.000000000000000000e+00 -6.192718744277954102e-01 -1.000000000000000000e+00 9.913389682769775391e-01 1.000000000000000000e+00 1.000000000000000000e+00 9.740946888923645020e-01
6.831319332122802734e-01 1.000000000000000000e+00 1.467091292142868042e-01 -9.999908804893493652e-01 9.994331598281860352e-01 -1.000000000000000000e+00 5.824098587036132812e-01 -1.000000000000000000e+00 -1.000000000000000000e+00 1.000000000000000000e+00 -6.192718744277954102e-01 -1.000000000000000000e+00 9.913389682769775391e-01 1.000000000000000000e+00 1.000000000000000000e+00 9.740946888923645020e-01
6.831319332122802734e-01 1.000000000000000000e+00 1.467091292142868042e-01 -9.999908804893493652e-01 9.994331598281860352e-01 -1.000000000000000000e+00 5.824098587036132812e-01 -1.000000000000000000e+00 -1.000000000000000000e+00 1.000000000000000000e+00 -6.192718744277954102e-01 -1.000000000000000000e+00 9.913389682769775391e-01 1.000000000000000000e+00 1.000000000000000000e+00 9.740946888923645020e-01
6.831319332122802734e-01 1.000000000000000000e+00 1.467091292142868042e-01 -9.999908804893493652e-01 9.994331598281860352e-01 -1.000000000000000000e+00 5.824098587036132812e-01 -1.000000000000000000e+00 -1.000000000000000000e+00 1.000000000000000000e+00 -6.192718744277954102e-01 -1.000000000000000000e+00 9.913389682769775391e-01 1.000000000000000000e+00 1.000000000000000000e+00 9.740946888923645020e-01
6.831319332122802734e-01 1.000000000000000000e+00 1.467091292142868042e-01 -9.999908804893493652e-01 9.994331598281860352e-01 -1.000000000000000000e+00 5.824098587036132812e-01 -1.000000000000000000e+00 -1.000000000000000000e+00 1.000000000000000000e+00 -6.192718744277954102e-01 -1.000000000000000000e+00 9.913389682769775391e-01 1.000000000000000000e+00 1.000000000000000000e+00 9.740946888923645020e-01
6.831319332122802734e-01 1.000000000000000000e+00 1.467091292142868042e-01 -9.999908804893493652e-01 9.994331598281860352e-01 -1.000000000000000000e+00 5.824098587036132812e-01 -1.000000000000000000e+00 -1.000000000000000000e+00 1.000000000000000000e+00 -6.192718744277954102e-01 -1.000000000000000000e+00 9.913389682769775391e-01 1.000000000000000000e+00 1.000000000000000000e+00 9.740946888923645020e-01
6.831319332122802734e-01 1.000000000000000000e+00 1.467091292142868042e-01 -9.999908804893493652e-01 9.994331598281860352e-01 -1.000000000000000000e+00 5.824098587036132812e-01 -1.000000000000000000e+00 -1.000000000000000000e+00 1.000000000000000000e+00 -6.192718744277954102e-01 -1.000000000000000000e+00 9.913389682769775391e-01 1.000000000000000000e+00 1.000000000000000000e+00 9.740946888923645020e-01
6.831319332122802734e-01 1.000000000000000000e+00 1.467091292142868042e-01 -9.999908804893493652e-01 9.994331598281860352e-01 -1.000000000000000000e+00 5.824098587036132812e-01 -1.000000000000000000e+00 -1.000000000000000000e+00 1.000000000000000000e+00 -6.192718744277954102e-01 -1.000000000000000000e+00 9.913389682769775391e-01 1.000000000000000000e+00 1.000000000000000000e+00 9.740946888923645020e-01
6.831319332122802734e-01 1.000000000000000000e+00 1.467091292142868042e-01 -9.999908804893493652e-01 9.994331598281860352e-01 -1.000000000000000000e+00 5.824098587036132812e-01 -1.000000000000000000e+00 -1.000000000000000000e+00 1.000000000000000000e+00 -6.192718744277954102e-01 -1.000000000000000000e+00 9.913389682769775391e-01 1.000000000000000000e+00 1.000000000000000000e+00 9.740946888923645020e-01
6.831319332122802734e-01 1.000000000000000000e+00 1.467091292142868042e-01 -9.999908804893493652e-01 9.994331598281860352e-01 -1.000000000000000000e+00 5.824098587036132812e-01 -1.000000000000000000e+00 -1.000000000000000000e+00 1.000000000000000000e+00 -6.192718744277954102e-01 -1.000000000000000000e+00 9.913389682769775391e-01 1.000000000000000000e+00 1.000000000000000000e+00 9.740946888923645020e-01
9.941226840019226074e-01 1.000000000000000000e+00 -9.992404580116271973e-01 -1.000000000000000000e+00 9.386144280433654785e-01 -1.000000000000000000e+00 9.925193786621093750e-01 -1.000000000000000000e+00 -1.000000000000000000e+00 9.999983310699462891e-01 9.624295830726623535e-01 -1.000000000000000000e+00 -9.999524354934692383e-01 1.000000000000000000e+00 9.997255206108093262e-01 9.999948143959045410e-01
9.898275732994079590e-01 1.000000000000000000e+00 -9.993691444396972656e-01 -1.000000000000000000e+00 9.903778433799743652e-01 -1.000000000000000000e+00 9.792088270187377930e-01 -1.000000000000000000e+00 -1.000000000000000000e+00 9.999990463256835938e-01 9.880751967430114746e-01 -1.000000000000000000e+00 -9.998900294303894043e-01 1.000000000000000000e+00 9.998075962066650391e-01 9.999914765357971191e-01
9.896060824394226074e-01 1.000000000000000000e+00 -9.993571639060974121e-01 -1.000000000000000000e+00 9.905208945274353027e-01 -1.000000000000000000e+00 9.802728891372680664e-01 -1.000000000000000000e+00 -1.000000000000000000e+00 9.999990463256835938e-01 9.879024624824523926e-01 -1.000000000000000000e+00 -9.998905062675476074e-01 1.000000000000000000e+00 9.998211264610290527e-01 9.999914169311523438e-01
9.896189570426940918e-01 1.000000000000000000e+00 -9.993571043014526367e-01 -1.000000000000000000e+00 9.905233979225158691e-01 -1.000000000000000000e+00 9.802690744400024414e-01 -1.000000000000000000e+00 -1.000000000000000000e+00 9.999990463256835938e-01 9.879042506217956543e-01 -1.000000000000000000e+00 -9.998906254768371582e-01 1.000000000000000000e+00 9.998212456703186035e-01 9.999913573265075684e-01
9.896188974380493164e-01 1.000000000000000000e+00 -9.993571043014526367e-01 -1.000000000000000000e+00 9.905234575271606445e-01 -1.000000000000000000e+00 9.802691936492919922e-01 -1.000000000000000000e+00 -1.000000000000000000e+00 9.999990463256835938e-01 9.879043102264404297e-01 -1.000000000000000000e+00 -9.998906254768371582e-01 1.000000000000000000e+00 9.998211860656738281e-01 9.999914169311523438e-01
9.896189570426940918e-01 1.000000000000000000e+00 -9.993571043014526367e-01 -1.000000000000000000e+00 9.905233383178710938e-01 -1.000000000000000000e+00 9.802691936492919922e-01 -1.000000000000000000e+00 -1.000000000000000000e+00 9.999990463256835938e-01 9.879043102264404297e-01 -1.000000000000000000e+00 -9.998906254768371582e-01 1.000000000000000000e+00 9.998211860656738281e-01 9.999914169311523438e-01
9.896189570426940918e-01 1.000000000000000000e+00 -9.993571043014526367e-01 -1.000000000000000000e+00 9.905233383178710938e-01 -1.000000000000000000e+00 9.802691936492919922e-01 -1.000000000000000000e+00 -1.000000000000000000e+00 9.999990463256835938e-01 9.879043102264404297e-01 -1.000000000000000000e+00 -9.998906254768371582e-01 1.000000000000000000e+00 9.998213052749633789e-01 9.999914169311523438e-01
9.896189570426940918e-01 1.000000000000000000e+00 -9.993571043014526367e-01 -1.000000000000000000e+00 9.905234575271606445e-01 -1.000000000000000000e+00 9.802691936492919922e-01 -1.000000000000000000e+00 -1.000000000000000000e+00 9.999990463256835938e-01 9.879043102264404297e-01 -1.000000000000000000e+00 -9.998906254768371582e-01 1.000000000000000000e+00 9.998213052749633789e-01 9.999914169311523438e-01
9.896189570426940918e-01 1.000000000000000000e+00 -9.993571043014526367e-01 -1.000000000000000000e+00 9.905234575271606445e-01 -1.000000000000000000e+00 9.802691936492919922e-01 -1.000000000000000000e+00 -1.000000000000000000e+00 9.999990463256835938e-01 9.879043102264404297e-01 -1.000000000000000000e+00 -9.998906254768371582e-01 1.000000000000000000e+00 9.998211860656738281e-01 9.999914169311523438e-01
9.896189570426940918e-01 1.000000000000000000e+00 -9.993571043014526367e-01 -1.000000000000000000e+00 9.905233383178710938e-01 -1.000000000000000000e+00 9.802691936492919922e-01 -1.000000000000000000e+00 -1.000000000000000000e+00 9.999990463256835938e-01 9.879043102264404297e-01 -1.000000000000000000e+00 -9.998906254768371582e-01 1.000000000000000000e+00 9.998211860656738281e-01 9.999914169311523438e-01
9.896189570426940918e-01 1.000000000000000000e+00 -9.993571043014526367e-01 -1.000000000000000000e+00 9.905233383178710938e-01 -1.000000000000000000e+00 9.802691936492919922e-01 -1.000000000000000000e+00 -1.000000000000000000e+00 9.999990463256835938e-01 9.879043102264404297e-01 -1.000000000000000000e+00 -9.998906254768371582e-01 1.000000000000000000e+00 9.998213052749633789e-01 9.999914169311523438e-01
9.896189570426940918e-01 1.000000000000000000e+00 -9.993571043014526367e-01 -1.000000000000000000e+00 9.905234575271606445e-01 -1.000000000000000000e+00 9.802691936492919922e-01 -1.000000000000000000e+00 -1.000000000000000000e+00 9.999990463256835938e-01 9.879043102264404297e-01 -1.000000000000000000e+00 -9.998906254768371582e-01 1.000000000000000000e+00 9.998213052749633789e-01 9.999914169311523438e-01
9.896189570426940918e-01 1.000000000000000000e+00 -9.993571043014526367e-01 -1.000000000000000000e+00 9.905234575271606445e-01 -1.000000000000000000e+00 9.802691936492919922e-01 -1.000000000000000000e+00 -1.000000000000000000e+00 9.999990463256835938e-01 9.879043102264404297e-01 -1.000000000000000000e+00 -9.998906254768371582e-01 1.000000000000000000e+00 9.998211860656738281e-01 9.999914169311523438e-01
9.896189570426940918e-01 1.000000000000000000e+00 -9.993571043014526367e-01 -1.000000000000000000e+00 9.905233383178710938e-01 -1.000000000000000000e+00 9.802691936492919922e-01 -1.000000000000000000e+00 -1.000000000000000000e+00 9.999990463256835938e-01 9.879043102264404297e-01 -1.000000000000000000e+00 -9.998906254768371582e-01 1.000000000000000000e+00 9.998211860656738281e-01 9.999914169311523438e-01
9.896189570426940918e-01 1.000000000000000000e+00 -9.993571043014526367e-01 -1.000000000000000000e+00 9.905233383178710938e-01 -1.000000000000000000e+00 9.802691936492919922e-01 -1.000000000000000000e+00 -1.000000000000000000e+00 9.999990463256835938e-01 9.879043102264404297e-01 -1.000000000000000000e+00 -9.998906254768371582e-01 1.000000000000000000e+00 9.998213052749633789e-01 9.999914169311523438e-01
9.896189570426940918e-01 1.000000000000000000e+00 -9.993571043014526367e-01 -1.000000000000000000e+00 9.905234575271606445e-01 -1.000000000000000000e+00 9.802691936492919922e-01 -1.000000000000000000e+00 -1.000000000000000000e+00 9.999990463256835938e-01 9.879043102264404297e-01 -1.000000000000000000e+00 -9.998906254768371582e-01 1.000000000000000000e+00 9.998213052749633789e-01 9.999914169311523438e-01
9.896189570426940918e-01 1.000000000000000000e+00 -9.993571043014526367e-01 -1.000000000000000000e+00 9.905234575271606445e-01 -1.000000000000000000e+00 9.802691936492919922e-01 -1.000000000000000000e+00 -1.000000000000000000e+00 9.999990463256835938e-01 9.879043102264404297e-01 -1.000000000000000000e+00 -9.998906254768371582e-01 1.000000000000000000e+00 9.998211860656738281e-01 9.999914169311523438e-01
9.896189570426940918e-01 1.000000000000000000e+00 -9.993571043014526367e-01 -1.000000000000000000e+00 9.905233383178710938e-01 -1.000000000000000000e+00 9.802691936492919922e-01 -1.000000000000000000e+00 -1.000000000000000000e+00 9.999990463256835938e-01 9.879043102264404297e-01 -1.000000000000000000e+00 -9.998906254768371582e-01 1.000000000000000000e+00 9.998211860656738281e-01 9.999914169311523438e-01
9.896189570426940918e-01 1.000000000000000000e+00 -9.993571043014526367e-01 -1.000000000000000000e+00 9.905233383178710938e-01 -1.000000000000000000e+00 9.802691936492919922e-01 -1.000000000000000000e+00 -1.000000000000000000e+00 9.999990463256835938e-01 9.879043102264404297e-01 -1.000000000000000000e+00 -9.998906254768371582e-01 1.000000000000000000e+00 9.998213052749633789e-01 9.999914169311523438e-01
9.896189570426940918e-01 1.000000000000000000e+00 -9.993571043014526367e-01 -1.000000000000000000e+00 9.905234575271606445e-01 -1.000000000000000000e+00 9.802691936492919922e-01 -1.000000000000000000e+00 -1.000000000000000000e+00 9.999990463256835938e-01 9.879043102264404297e-01 -1.000000000000000000e+00 -9.998906254768371582e-01 1.000000000000000000e+00 9.998213052749633789e-01 9.999914169311523438e-01
9.896189570426940918e-01 1.000000000000000000e+00 -9.993571043014526367e-01 -1.000000000000000000e+00 9.905234575271606445e-01 -1.000000000000000000e+00 9.802691936492919922e-01 -1.000000000000000000e+00 -1.000000000000000000e+00 9.999990463256835938e-01 9.879043102264404297e-01 -1.000000000000000000e+00 -9.998906254768371582e-01 1.000000000000000000e+00 9.998211860656738281e-01 9.999914169311523438e-01
9.896189570426940918e-01 1.000000000000000000e+00 -9.993571043014526367e-01 -1.000000000000000000e+00 9.905233383178710938e-01 -1.000000000000000000e+00 9.802691936492919922e-01 -1.000000000000000000e+00 -1.000000000000000000e+00 9.999990463256835938e-01 9.879043102264404297e-01 -1.000000000000000000e+00 -9.998906254768371582e-01 1.000000000000000000e+00 9.998211860656738281e-01 9.999914169311523438e-01
9.896189570426940918e-01 1.000000000000000000e+00 -9.993571043014526367e-01 -1.000000000000000000e+00 9.905233383178710938e-01 -1.000000000000000000e+00 9.802691936492919922e-01 -1.000000000000000000e+00 -1.000000000000000000e+00 9.999990463256835938e-01 9.879043102264404297e-01 -1.000000000000000000e+00 -9.998906254768371582e-01 1.000000000000000000e+00 9.998213052749633789e-01 9.999914169311523438e-01
9.896189570426940918e-01 1.000000000000000000e+00 -9.993571043014526367e-01 -1.000000000000000000e+00 9.905234575271606445e-01 -1.000000000000000000e+00 9.802691936492919922e-01 -1.000000000000000000e+00 -1.000000000000000000e+00 9.999990463256835938e-01 9.879043102264404297e-01 -1.000000000000000000e+00 -9.998906254768371582e-01 1.000000000000000000e+00 9.998213052749633789e-01 9.999914169311523438e-01
9.896189570426940918e-01 1.000000000000000000e+00 -9.993571043014526367e-01 -1.000000000000000000e+00 9.905234575271606445e-01 -1.000000000000000000e+00 9.802691936492919922e-01 -1.000000000000000000e+00 -1.000000000000000000e+00 9.999990463256835938e-01 9.879043102264404297e-01 -1.000000000000000000e+00 -9.998906254768371582e-01 1.000000000000000000e+00 9.998211860656738281e-01 9.999914169311523438e-01
9.896189570426940918e-01 1.000000000000000000e+00 -9.993571043014526367e-01 -1.000000000000000000e+00 9.905233383178710938e-01 -1.000000000000000000e+00 9.802691936492919922e-01 -1.000000000000000000e+00 -1.000000000000000000e+00 9.999990463256835938e-01 9.879043102264404297e-01 -1.000000000000000000e+00 -9.998906254768371582e-01 1.000000000000000000e+00 9.998211860656738281e-01 9.999914169311523438e-01
9.896189570426940918e-01 1.000000000000000000e+00 -9.993571043014526367e-01 -1.000000000000000000e+00 9.905233383178710938e-01 -1.000000000000000000e+00 9.802691936492919922e-01 -1.000000000000000000e+00 -1.000000000000000000e+00 9.999990463256835938e-01 9.879043102264404297e-01 -1.000000000000000000e+00 -9.998906254768371582e-01 1.000000000000000000e+00 9.998213052749633789e-01 9.999914169311523438e-01
9.896189570426940918e-01 1.000000000000000000e+00 -9.993571043014526367e-01 -1.000000000000000000e+00 9.905234575271606445e-01 -1.000000000000000000e+00 9.802691936492919922e-01 -1.000000000000000000e+00 -1.000000000000000000e+00 9.999990463256835938e-01 9.879043102264404297e-01 -1.000000000000000000e+00 -9.998906254768371582e-01 1.000000000000000000e+00 9.998213052749633789e-01 9.999914169311523438e-01
9.896189570426940918e-01 1.000000000000000000e+00 -9.993571043014526367e-01 -1.000000000000000000e+00 9.905234575271606445e-01 -1.000000000000000000e+00 9.802691936492919922e-01 -1.000000000000000000e+00 -1.000000000000000000e+00 9.999990463256835938e-01 9.879043102264404297e-01 -1.000000000000000000e+00 -9.998906254768371582e-01 1.000000000000000000e+00 9.998211860656738281e-01 9.999914169311523438e-01
9.896189570426940918e-01 1.000000000000000000e+00 -9.993571043014526367e-01 -1.000000000000000000e+00 9.905233383178710938e-01 -1.000000000000000000e+00 9.802691936492919922e-01 -1.000000000000000000e+00 -1.000000000000000000e+00 9.999990463256835938e-01 9.879043102264404297e-01 -1.000000000000000000e+00 -9.998906254768371582e-01 1.000000000000000000e+00 9.998211860656738281e-01 9.999914169311523438e-01
9.430524706840515137e-01 1.000000000000000000e+00 -9.972575306892395020e-01 -1.000000000000000000e+00 9.991143941879272461e-01 -1.000000000000000000e+00 -6.472221016883850098e-01 -1.000000000000000000e+00 -1.000000000000000000e+00 1.000000000000000000e+00 9.998863935470581055e-01 -1.000000000000000000e+00 -8.583177924156188965e-01 1.000000000000000000e+00 9.999995827674865723e-01 9.999677538871765137e-01
7.176568508148193359e-01 1.000000000000000000e+00 -9.981022477149963379e-01 -1.000000000000000000e+00 9.983892440795898438e-01 -1.000000000000000000e+00 -4.728357791900634766e-01 -1.000000000000000000e+00 -1.000000000000000000e+00 1.000000000000000000e+00 9.998531937599182129e-01 -1.000000000000000000e+00 -8.352252244949340820e-01 1.000000000000000000e+00 9.999997019767761230e-01 9.999680519104003906e-01
7.845362424850463867e-01 1.000000000000000000e+00 -9.978938102722167969e-01 -1.000000000000000000e+00 9.983613491058349609e-01 -1.000000000000000000e+00 -4.806073904037475586e-01 -1.000000000000000000e+00 -1.000000000000000000e+00 1.000000000000000000e+00 9.998522996902465820e-01 -1.000000000000000000e+00 -8.223454952239990234e-01 1.000000000000000000e+00 9.999996423721313477e-01 9.999733567237854004e-01
7.774080634117126465e-01 1.000000000000000000e+00 -9.979283809661865234e-01 -1.000000000000000000e+00 9.983754754066467285e-01 -1.000000000000000000e+00 -4.760836958885192871e-01 -1.000000000000000000e+00 -1.000000000000000000e+00 1.000000000000000000e+00 9.998516440391540527e-01 -1.000000000000000000e+00 -8.265855908393859863e-01 1.000000000000000000e+00 9.999995827674865723e-01 9.999718666076660156e-01
7.787922024726867676e-01 1.000000000000000000e+00 -9.979237318038940430e-01 -1.000000000000000000e+00 9.983782172203063965e-01 -1.000000000000000000e+00 -4.778186678886413574e-01 -1.000000000000000000e+00 -1.000000000000000000e+00 1.000000000000000000e+00 9.998520016670227051e-01 -1.000000000000000000e+00 -8.262187242507934570e-01 1.000000000000000000e+00 9.999995827674865723e-01 9.999719858169555664e-01
7.783080935478210449e-01 1.000000000000000000e+00 -9.979252219200134277e-01 -1.000000000000000000e+00 9.983777403831481934e-01 -1.000000000000000000e+00 -4.775485396385192871e-01 -1.000000000000000000e+00 -1.000000000000000000e+00 1.000000000000000000e+00 9.998518824577331543e-01 -1.000000000000000000e+00 -8.262839913368225098e-01 1.000000000000000000e+00 9.999996423721313477e-01 9.999719858169555664e-01
7.784087061882019043e-01 1.000000000000000000e+00 -9.979248642921447754e-01 -1.000000000000000000e+00 9.983777403831481934e-01 -1.000000000000000000e+00 -4.775923192501068115e-01 -1.000000000000000000e+00 -1.000000000000000000e+00 1.000000000000000000e+00 9.998518824577331543e-01 -1.000000000000000000e+00 -8.262559771537780762e-01 1.000000000000000000e+00 9.999996423721313477e-01 9.999719262123107910e-01
7.783913016319274902e-01 1.000000000000000000e+00 -9.979248642921447754e-01 -1.000000000000000000e+00 9.983777403831481934e-01 -1.000000000000000000e+00 -4.775798320770263672e-01 -1.000000000000000000e+00 -1.000000000000000000e+00 1.000000000000000000e+00 9.998518824577331543e-01 -1.000000000000000000e+00 -8.262618184089660645e-01 1.000000000000000000e+00 9.999996423721313477e-01 9.999719262123107910e-01
7.783954143524169922e-01 1.000000000000000000e+00 -9.979248642921447754e-01 -1.000000000000000000e+00 9.983777403831481934e-01 -1.000000000000000000e+00 -4.775827825069427490e-01 -1.000000000000000000e+00 -1.000000000000000000e+00 1.000000000000000000e+00 9.998520016670227051e-01 -1.000000000000000000e+00 -8.262609243392944336e-01 1.000000000000000000e+00 9.999995827674865723e-01 9.999721646308898926e-01
