8.590907454490661621e-01 1.000000000000000000e+00 -1.000000000000000000e+00 -9.860950112342834473e-01 -8.041726350784301758e-01 9.995924830436706543e-01 -1.000000000000000000e+00 9.808474779129028320e-01 -9.768455624580383301e-01 -1.000000000000000000e+00 8.858738541603088379e-01 -9.987537860870361328e-01 1.000000000000000000e+00 1.000000000000000000e+00 -9.998827576637268066e-01 9.734296202659606934e-01
-9.998465776443481445e-01 1.000000000000000000e+00 -2.759997844696044922e-01 -7.311789393424987793e-01 -9.999810457229614258e-01 -9.908932447433471680e-01 -6.748662590980529785e-01 5.640476346015930176e-01 -9.996055364608764648e-01 -1.000000000000000000e+00 9.956953525543212891e-01 -1.117871403694152832e-01 1.000000000000000000e+00 1.000000000000000000e+00 8.746637701988220215e-01 -9.862675070762634277e-01
-9.998345375061035156e-01 1.000000000000000000e+00 -8.865053057670593262e-01 -9.835312366485595703e-01 -9.997925758361816406e-01 -9.927940368652343750e-01 -1.782395392656326294e-01 -2.273008972406387329e-01 -9.992299675941467285e-01 -1.000000000000000000e+00 9.944521188735961914e-01 -7.564054429531097412e-02 1.000000000000000000e+00 1.000000000000000000e+00 8.126072287559509277e-01 -9.227674603462219238e-01
-9.997188448905944824e-01 1.000000000000000000e+00 -9.396131634712219238e-01 -9.658756256103515625e-01 -9.997931122779846191e-01 -9.944204688072204590e-01 1.417656242847442627e-01 8.607823401689529419e-02 -9.994611740112304688e-01 -1.000000000000000000e+00 9.973506331443786621e-01 -2.840109169483184814e-02 1.000000000000000000e+00 1.000000000000000000e+00 9.325579404830932617e-01 -9.335880279541015625e-01
-9.997863173484802246e-01 1.000000000000000000e+00 -9.517451524734497070e-01 -9.623766541481018066e-01 -9.996989965438842773e-01 -9.930458664894104004e-01 1.225448399782180786e-01 -7.301390916109085083e-02 -9.994409680366516113e-01 -1.000000000000000000e+00 9.971586465835571289e-01 -6.948766112327575684e-02 1.000000000000000000e+00 1.000000000000000000e+00 9.256583452224731445e-01 -9.400038719177246094e-01
-9.997636079788208008e-01 1.000000000000000000e+00 -9.496140480041503906e-01 -9.622862935066223145e-01 -9.997175335884094238e-01 -9.935600161552429199e-01 1.763267815113067627e-01 1.099279802292585373e-02 -9.994638562202453613e-01 -1.000000000000000000e+00 9.974060058593750000e-01 -8.030364662408828735e-02 1.000000000000000000e+00 1.000000000000000000e+00 9.334590435028076172e-01 -9.375993609428405762e-01
-9.997736215591430664e-01 1.000000000000000000e+00 -9.507235884666442871e-01 -9.623449444770812988e-01 -9.997046589851379395e-01 -9.932041168212890625e-01 1.591814309358596802e-01 -2.246109209954738617e-02 -9.994537830352783203e-01 -1.000000000000000000e+00 9.973374605178833008e-01 -8.815548568964004517e-02 1.000000000000000000e+00 1.000000000000000000e+00 9.302845597267150879e-01 -9.397426843643188477e-01
-9.997684359550476074e-01 1.000000000000000000e+00 -9.499474167823791504e-01 -9.624912142753601074e-01 -9.997113943099975586e-01 -9.933124780654907227e-01 1.668366640806198120e-01 -5.862406920641660690e-03 -9.994562864303588867e-01 -1.000000000000000000e+00 9.973821640014648438e-01 -8.895386755466461182e-02 1.000000000000000000e+00 1.000000000000000000e+00 9.317869544029235840e-01 -9.391041398048400879e-01
-9.997704625129699707e-01 1.000000000000000000e+00 -9.501394033432006836e-01 -9.625177979469299316e-01 -9.997092485427856445e-01 -9.932444095611572266e-01 1.625382602214813232e-01 -1.300476025789976120e-02 -9.994540810585021973e-01 -1.000000000000000000e+00 9.973658919334411621e-01 -8.999475091695785522e-02 1.000000000000000000e+00 1.000000000000000000e+00 9.311204552650451660e-01 -9.394656419754028320e-01
-9.997694492340087891e-01 1.000000000000000000e+00 -9.499780535697937012e-01 -9.625450372695922852e-01 -9.997106790542602539e-01 -9.932692646980285645e-01 1.639728993177413940e-01 -9.636222384870052338e-03 -9.994545578956604004e-01 -1.000000000000000000e+00 9.973743557929992676e-01 -8.995673805475234985e-02 1.000000000000000000e+00 1.000000000000000000e+00 9.314302802085876465e-01 -9.393117427825927734e-01
-9.997699260711669922e-01 1.000000000000000000e+00 -9.500212669372558594e-01 -9.625482559204101562e-01 -9.997101426124572754e-01 -9.932559132575988770e-01 1.630587130784988403e-01 -1.114906277507543564e-02 -9.994544386863708496e-01 -1.000000000000000000e+00 9.973707795143127441e-01 -9.010522067546844482e-02 1.000000000000000000e+00 1.000000000000000000e+00 9.312909245491027832e-01 -9.393811821937561035e-01
-9.997695684432983398e-01 1.000000000000000000e+00 -9.499896168708801270e-01 -9.625527262687683105e-01 -9.997105598449707031e-01 -9.932612776756286621e-01 1.633637845516204834e-01 -1.045439299196004868e-02 -9.994543790817260742e-01 -1.000000000000000000e+00 9.973725080490112305e-01 -9.007485955953598022e-02 1.000000000000000000e+00 1.000000000000000000e+00 9.313552975654602051e-01 -9.393477439880371094e-01
-9.997698068618774414e-01 1.000000000000000000e+00 -9.499996304512023926e-01 -9.625529050827026367e-01 -9.997102618217468262e-01 -9.932586550712585449e-01 1.631822139024734497e-01 -1.076823566108942032e-02 -9.994542598724365234e-01 -1.000000000000000000e+00 9.973717331886291504e-01 -9.009871631860733032e-02 1.000000000000000000e+00 1.000000000000000000e+00 9.313265085220336914e-01 -9.393617510795593262e-01
-9.997696280479431152e-01 1.000000000000000000e+00 -9.499934911727905273e-01 -9.625535011291503906e-01 -9.997104406356811523e-01 -9.932598471641540527e-01 1.632485091686248779e-01 -1.062627322971820831e-02 -9.994544386863708496e-01 -1.000000000000000000e+00 9.973720312118530273e-01 -9.009034931659698486e-02 1.000000000000000000e+00 1.000000000000000000e+00 9.313396215438842773e-01 -9.393550157546997070e-01
-9.997697472572326660e-01 1.000000000000000000e+00 -9.499956369400024414e-01 -9.625535011291503906e-01 -9.997104406356811523e-01 -9.932592511177062988e-01 1.632124185562133789e-01 -1.069123391062021255e-02 -9.994543790817260742e-01 -1.000000000000000000e+00 9.973719716072082520e-01 -9.009463340044021606e-02 1.000000000000000000e+00 1.000000000000000000e+00 9.313336610794067383e-01 -9.393578171730041504e-01
-9.997697472572326660e-01 1.000000000000000000e+00 -9.499945044517517090e-01 -9.625535607337951660e-01 -9.997103810310363770e-01 -9.932594895362854004e-01 1.632269322872161865e-01 -1.066179294139146805e-02 -9.994543790817260742e-01 -1.000000000000000000e+00 9.973720312118530273e-01 -9.009276330471038818e-02 1.000000000000000000e+00 1.000000000000000000e+00 9.313363432884216309e-01 -9.393565654754638672e-01
-9.997697472572326660e-01 1.000000000000000000e+00 -9.499950408935546875e-01 -9.625534415245056152e-01 -9.997104406356811523e-01 -9.932594299316406250e-01 1.632197201251983643e-01 -1.067514251917600632e-02 -9.994543790817260742e-01 -1.000000000000000000e+00 9.973719716072082520e-01 -9.009347856044769287e-02 1.000000000000000000e+00 1.000000000000000000e+00 9.313352108001708984e-01 -9.393570423126220703e-01
-9.997697472572326660e-01 1.000000000000000000e+00 -9.499947428703308105e-01 -9.625535607337951660e-01 -9.997103810310363770e-01 -9.932594895362854004e-01 1.632227301597595215e-01 -1.066906377673149109e-02 -9.994544386863708496e-01 -1.000000000000000000e+00 9.973719716072082520e-01 -9.009324014186859131e-02 1.000000000000000000e+00 1.000000000000000000e+00 9.313356876373291016e-01 -9.393568038940429688e-01
-9.997697472572326660e-01 1.000000000000000000e+00 -9.499949216842651367e-01 -9.625535607337951660e-01 -9.997103810310363770e-01 -9.932594299316406250e-01 1.632213294506072998e-01 -1.067180559039115906e-02 -9.994543790817260742e-01 -1.000000000000000000e+00 9.973720312118530273e-01 -9.009338915348052979e-02 1.000000000000000000e+00 1.000000000000000000e+00 9.313354492187500000e-01 -9.393568634986877441e-01
-9.997698068618774414e-01 1.000000000000000000e+00 -9.499948620796203613e-01 -9.625535607337951660e-01 -9.997103810310363770e-01 -9.932594895362854004e-01 1.632220000028610229e-01 -1.067061349749565125e-02 -9.994543790817260742e-01 -1.000000000000000000e+00 9.973720312118530273e-01 -9.009326994419097900e-02 1.000000000000000000e+00 1.000000000000000000e+00 9.313356280326843262e-01 -9.393568634986877441e-01
-9.997698068618774414e-01 1.000000000000000000e+00 -9.499948024749755859e-01 -9.625535607337951660e-01 -9.997103810310363770e-01 -9.932593703269958496e-01 1.632216572761535645e-01 -1.067109033465385437e-02 -9.994543790817260742e-01 -1.000000000000000000e+00 9.973719120025634766e-01 -9.009332954883575439e-02 1.000000000000000000e+00 1.000000000000000000e+00 9.313355088233947754e-01 -9.393569231033325195e-01
-9.997698068618774414e-01 1.000000000000000000e+00 -9.499948024749755859e-01 -9.625535607337951660e-01 -9.997103810310363770e-01 -9.932593703269958496e-01 1.632219105958938599e-01 -1.067097112536430359e-02 -9.994543790817260742e-01 -1.000000000000000000e+00 9.973719120025634766e-01 -9.009326994419097900e-02 1.000000000000000000e+00 1.000000000000000000e+00 9.313355088233947754e-01 -9.393569231033325195e-01
-9.997698068618774414e-01 1.000000000000000000e+00 -9.499948024749755859e-01 -9.625535607337951660e-01 -9.997103810310363770e-01 -9.932593703269958496e-01 1.632218658924102783e-01 -1.067109033465385437e-02 -9.994543790817260742e-01 -1.000000000000000000e+00 9.973719120025634766e-01 -9.009326994419097900e-02 1.000000000000000000e+00 1.000000000000000000e+00 9.313355088233947754e-01 -9.393568634986877441e-01
-9.997698068618774414e-01 1.000000000000000000e+00 -9.499948024749755859e-01 -9.625535607337951660e-01 -9.997103810310363770e-01 -9.932593703269958496e-01 1.632219403982162476e-01 -1.067097112536430359e-02 -9.994543790817260742e-01 -1.000000000000000000e+00 9.973719120025634766e-01 -9.009329974651336670e-02 1.000000000000000000e+00 1.000000000000000000e+00 9.313355088233947754e-01 -9.393569231033325195e-01
-9.997698068618774414e-01 1.000000000000000000e+00 -9.499948024749755859e-01 -9.625535607337951660e-01 -9.997103810310363770e-01 -9.932593703269958496e-01 1.632219105958938599e-01 -1.067109033465385437e-02 -9.994543790817260742e-01 -1.000000000000000000e+00 9.973719120025634766e-01 -9.009326994419097900e-02 1.000000000000000000e+00 1.000000000000000000e+00 9.313355088233947754e-01 -9.393568634986877441e-01
-9.997698068618774414e-01 1.000000000000000000e+00 -9.499948024749755859e-01 -9.625535607337951660e-01 -9.997103810310363770e-01 -9.932593703269958496e-01 1.632219403982162476e-01 -1.067097112536430359e-02 -9.994543790817260742e-01 -1.000000000000000000e+00 9.973719120025634766e-01 -9.009329974651336670e-02 1.000000000000000000e+00 1.000000000000000000e+00 9.313355088233947754e-01 -9.393569231033325195e-01
-9.997698068618774414e-01 1.000000000000000000e+00 -9.499948024749755859e-01 -9.625535607337951660e-01 -9.997103810310363770e-01 -9.932593703269958496e-01 1.632219105958938599e-01 -1.067109033465385437e-02 -9.994543790817260742e-01 -1.000000000000000000e+00 9.973719120025634766e-01 -9.009326994419097900e-02 1.000000000000000000e+00 1.000000000000000000e+00 9.313355088233947754e-01 -9.393568634986877441e-01
-9.997698068618774414e-01 1.000000000000000000e+00 -9.499948024749755859e-01 -9.625535607337951660e-01 -9.997103810310363770e-01 -9.932593703269958496e-01 1.632219403982162476e-01 -1.067097112536430359e-02 -9.994543790817260742e-01 -1.000000000000000000e+00 9.973719120025634766e-01 -9.009329974651336670e-02 1.000000000000000000e+00 1.000000000000000000e+00 9.313355088233947754e-01 -9.393569231033325195e-01
-9.997698068618774414e-01 1.000000000000000000e+00 -9.499948024749755859e-01 -9.625535607337951660e-01 -9.997103810310363770e-01 -9.932593703269958496e-01 1.632219105958938599e-01 -1.067109033465385437e-02 -9.994543790817260742e-01 -1.000000000000000000e+00 9.973719120025634766e-01 -9.009326994419097900e-02 1.000000000000000000e+00 1.000000000000000000e+00 9.313355088233947754e-01 -9.393568634986877441e-01
-9.997698068618774414e-01 1.000000000000000000e+00 -9.499948024749755859e-01 -9.625535607337951660e-01 -9.997103810310363770e-01 -9.932593703269958496e-01 1.632219403982162476e-01 -1.067097112536430359e-02 -9.994543790817260742e-01 -1.000000000000000000e+00 9.973719120025634766e-01 -9.009329974651336670e-02 1.000000000000000000e+00 1.000000000000000000e+00 9.313355088233947754e-01 -9.393569231033325195e-01
-9.997697472572326660e-01 1.000000000000000000e+00 -9.499948620796203613e-01 -9.625533819198608398e-01 -9.997104406356811523e-01 -9.932593703269958496e-01 1.632231622934341431e-01 -1.067132875323295593e-02 -9.994543790817260742e-01 -1.000000000000000000e+00 9.973719716072082520e-01 -9.009300172328948975e-02 1.000000000000000000e+00 1.000000000000000000e+00 9.313354492187500000e-01 -9.393569231033325195e-01
-9.998641610145568848e-01 1.000000000000000000e+00 -7.512980103492736816e-01 -9.818260073661804199e-01 -9.999588131904602051e-01 -9.998509287834167480e-01 8.072649240493774414e-01 -1.152463480830192566e-01 -9.996986389160156250e-01 -1.000000000000000000e+00 9.978809952735900879e-01 6.508848667144775391e-01 1.000000000000000000e+00 1.000000000000000000e+00 9.851175546646118164e-01 -9.868565201759338379e-01
-9.998981356620788574e-01 1.000000000000000000e+00 -8.895218372344970703e-01 -9.750042557716369629e-01 -9.998849034309387207e-01 -9.999180436134338379e-01 9.014174342155456543e-01 -2.877967059612274170e-01 -9.997921586036682129e-01 -1.000000000000000000e+00 9.973036646842956543e-01 7.433792948722839355e-01 1.000000000000000000e+00 1.000000000000000000e+00 9.773046374320983887e-01 -9.845390915870666504e-01
-9.998928904533386230e-01 1.000000000000000000e+00 -9.047814011573791504e-01 -9.694111943244934082e-01 -9.998751282691955566e-01 -9.999247193336486816e-01 9.180718660354614258e-01 -2.248890548944473267e-01 -9.998082518577575684e-01 -1.000000000000000000e+00 9.975419044494628906e-01 7.600343227386474609e-01 1.000000000000000000e+00 1.000000000000000000e+00 9.817627668380737305e-01 -9.845883250236511230e-01
-9.998975396156311035e-01 1.000000000000000000e+00 -9.068683385848999023e-01 -9.688417911529541016e-01 -9.998710155487060547e-01 -9.999213814735412598e-01 9.153500199317932129e-01 -2.531791329383850098e-01 -9.998040795326232910e-01 -1.000000000000000000e+00 9.974676966667175293e-01 7.622010111808776855e-01 1.000000000000000000e+00 1.000000000000000000e+00 9.813606739044189453e-01 -9.849479198455810547e-01
-9.998962283134460449e-01 1.000000000000000000e+00 -9.068748354911804199e-01 -9.686896204948425293e-01 -9.998714923858642578e-01 -9.999228715896606445e-01 9.170115590095520020e-01 -2.416311949491500854e-01 -9.998061060905456543e-01 -1.000000000000000000e+00 9.974974989891052246e-01 7.624991536140441895e-01 1.000000000000000000e+00 1.000000000000000000e+00 9.816880226135253906e-01 -9.848050475120544434e-01
-9.998970031738281250e-01 1.000000000000000000e+00 -9.069787859916687012e-01 -9.687070846557617188e-01 -9.998711943626403809e-01 -9.999223351478576660e-01 9.163885116577148438e-01 -2.464839220046997070e-01 -9.998052716255187988e-01 -1.000000000000000000e+00 9.974846243858337402e-01 7.625300288200378418e-01 1.000000000000000000e+00 1.000000000000000000e+00 9.815675020217895508e-01 -9.848644137382507324e-01
-9.998966455459594727e-01 1.000000000000000000e+00 -9.069494009017944336e-01 -9.686939120292663574e-01 -9.998711943626403809e-01 -9.999225139617919922e-01 9.166578054428100586e-01 -2.444642037153244019e-01 -9.998056292533874512e-01 -1.000000000000000000e+00 9.974899888038635254e-01 7.625377178192138672e-01 1.000000000000000000e+00 1.000000000000000000e+00 9.816195368766784668e-01 -9.848397374153137207e-01
-9.998967647552490234e-01 1.000000000000000000e+00 -9.069635272026062012e-01 -9.686987400054931641e-01 -9.998713135719299316e-01 -9.999223947525024414e-01 9.165467023849487305e-01 -2.453074604272842407e-01 -9.998056292533874512e-01 -1.000000000000000000e+00 9.974876642227172852e-01 7.625373601913452148e-01 1.000000000000000000e+00 1.000000000000000000e+00 9.815980792045593262e-01 -9.848501086235046387e-01
-9.998967647552490234e-01 1.000000000000000000e+00 -9.069579243659973145e-01 -9.686965346336364746e-01 -9.998711943626403809e-01 -9.999223947525024414e-01 9.165933132171630859e-01 -2.449558526277542114e-01 -9.998054504394531250e-01 -1.000000000000000000e+00 9.974886775016784668e-01 7.625378370285034180e-01 1.000000000000000000e+00 1.000000000000000000e+00 9.816070199012756348e-01 -9.848458170890808105e-01
-9.998965859413146973e-01 1.000000000000000000e+00 -9.069603085517883301e-01 -9.686974287033081055e-01 -9.998711943626403809e-01 -9.999223947525024414e-01 9.165738224983215332e-01 -2.451025247573852539e-01 -9.998055100440979004e-01 -1.000000000000000000e+00 9.974882602691650391e-01 7.625377178192138672e-01 1.000000000000000000e+00 1.000000000000000000e+00 9.816033840179443359e-01 -9.848474860191345215e-01
-9.998966455459594727e-01 1.000000000000000000e+00 -9.069592952728271484e-01 -9.686971902847290039e-01 -9.998710751533508301e-01 -9.999223947525024414e-01 9.165819883346557617e-01 -2.450413554906845093e-01 -9.998056888580322266e-01 -1.000000000000000000e+00 9.974884390830993652e-01 7.625377774238586426e-01 1.000000000000000000e+00 1.000000000000000000e+00 9.816050529479980469e-01 -9.848467707633972168e-01
-9.998966455459594727e-01 1.000000000000000000e+00 -9.069595932960510254e-01 -9.686972498893737793e-01 -9.998711943626403809e-01 -9.999224543571472168e-01 9.165785908699035645e-01 -2.450670152902603149e-01 -9.998055100440979004e-01 -1.000000000000000000e+00 9.974883198738098145e-01 7.625377178192138672e-01 1.000000000000000000e+00 1.000000000000000000e+00 9.816042780876159668e-01 -9.848470687866210938e-01
-9.998967647552490234e-01 1.000000000000000000e+00 -9.069594740867614746e-01 -9.686972498893737793e-01 -9.998710751533508301e-01 -9.999222755432128906e-01 9.165800213813781738e-01 -2.450561374425888062e-01 -9.998056292533874512e-01 -1.000000000000000000e+00 9.974883198738098145e-01 7.625377178192138672e-01 1.000000000000000000e+00 1.000000000000000000e+00 9.816045761108398438e-01 -9.848469495773315430e-01
-9.998967647552490234e-01 1.000000000000000000e+00 -9.069595932960510254e-01 -9.686972498893737793e-01 -9.998711943626403809e-01 -9.999223947525024414e-01 9.165794253349304199e-01 -2.450608462095260620e-01 -9.998055696487426758e-01 -1.000000000000000000e+00 9.974883794784545898e-01 7.625377178192138672e-01 1.000000000000000000e+00 1.000000000000000000e+00 9.816043376922607422e-01 -9.848470687866210938e-01
-9.998967647552490234e-01 1.000000000000000000e+00 -9.069594740867614746e-01 -9.686972498893737793e-01 -9.998711943626403809e-01 -9.999223947525024414e-01 9.165797233581542969e-01 -2.450587153434753418e-01 -9.998056292533874512e-01 -1.000000000000000000e+00 9.974883794784545898e-01 7.625377774238586426e-01 1.000000000000000000e+00 1.000000000000000000e+00 9.816044569015502930e-01 -9.848470687866210938e-01
-9.998967647552490234e-01 1.000000000000000000e+00 -9.069595932960510254e-01 -9.686972498893737793e-01 -9.998711943626403809e-01 -9.999223947525024414e-01 9.165794849395751953e-01 -2.450597286224365234e-01 -9.998055100440979004e-01 -1.000000000000000000e+00 9.974883198738098145e-01 7.625377178192138672e-01 1.000000000000000000e+00 1.000000000000000000e+00 9.816044569015502930e-01 -9.848470687866210938e-01
-9.998967647552490234e-01 1.000000000000000000e+00 -9.069595932960510254e-01 -9.686972498893737793e-01 -9.998711943626403809e-01 -9.999223947525024414e-01 9.165796041488647461e-01 -2.450592666864395142e-01 -9.998055100440979004e-01 -1.000000000000000000e+00 9.974883198738098145e-01 7.625377178192138672e-01 1.000000000000000000e+00 1.000000000000000000e+00 9.816045165061950684e-01 -9.848470687866210938e-01
-9.998967647552490234e-01 1.000000000000000000e+00 -9.069595932960510254e-01 -9.686972498893737793e-01 -9.998711943626403809e-01 -9.999223947525024414e-01 9.165796041488647461e-01 -2.450593858957290649e-01 -9.998055100440979004e-01 -1.000000000000000000e+00 9.974883198738098145e-01 7.625377178192138672e-01 1.000000000000000000e+00 1.000000000000000000e+00 9.816044569015502930e-01 -9.848470687866210938e-01
-9.998967647552490234e-01 1.000000000000000000e+00 -9.069595932960510254e-01 -9.686972498893737793e-01 -9.998711943626403809e-01 -9.999223947525024414e-01 9.165796041488647461e-01 -2.450593858957290649e-01 -9.998055100440979004e-01 -1.000000000000000000e+00 9.974883198738098145e-01 7.625377178192138672e-01 1.000000000000000000e+00 1.000000000000000000e+00 9.816044569015502930e-01 -9.848469495773315430e-01
-9.998967647552490234e-01 1.000000000000000000e+00 -9.069595932960510254e-01 -9.686972498893737793e-01 -9.998711943626403809e-01 -9.999223947525024414e-01 9.165796041488647461e-01 -2.450593858957290649e-01 -9.998055100440979004e-01 -1.000000000000000000e+00 9.974883198738098145e-01 7.625377178192138672e-01 1.000000000000000000e+00 1.000000000000000000e+00 9.816044569015502930e-01 -9.848469495773315430e-01
-9.998967647552490234e-01 1.000000000000000000e+00 -9.069595932960510254e-01 -9.686972498893737793e-01 -9.998711943626403809e-01 -9.999223947525024414e-01 9.165796041488647461e-01 -2.450593858957290649e-01 -9.998055100440979004e-01 -1.000000000000000000e+00 9.974883198738098145e-01 7.625377178192138672e-01 1.000000000000000000e+00 1.000000000000000000e+00 9.816044569015502930e-01 -9.848469495773315430e-01
-9.998967647552490234e-01 1.000000000000000000e+00 -9.069595932960510254e-01 -9.686972498893737793e-01 -9.998711943626403809e-01 -9.999223947525024414e-01 9.165796041488647461e-01 -2.450593858957290649e-01 -9.998055100440979004e-01 -1.000000000000000000e+00 9.974883198738098145e-01 7.625377178192138672e-01 1.000000000000000000e+00 1.000000000000000000e+00 9.816044569015502930e-01 -9.848469495773315430e-01
-9.998967647552490234e-01 1.000000000000000000e+00 -9.069595932960510254e-01 -9.686972498893737793e-01 -9.998711943626403809e-01 -9.999223947525024414e-01 9.165796041488647461e-01 -2.450593858957290649e-01 -9.998055100440979004e-01 -1.000000000000000000e+00 9.974883198738098145e-01 7.625377178192138672e-01 1.000000000000000000e+00 1.000000000000000000e+00 9.816044569015502930e-01 -9.848469495773315430e-01
-9.998967647552490234e-01 1.000000000000000000e+00 -9.069595932960510254e-01 -9.686972498893737793e-01 -9.998711943626403809e-01 -9.999223947525024414e-01 9.165796041488647461e-01 -2.450593858957290649e-01 -9.998055100440979004e-01 -1.000000000000000000e+00 9.974883198738098145e-01 7.625377178192138672e-01 1.000000000000000000e+00 1.000000000000000000e+00 9.816044569015502930e-01 -9.848469495773315430e-01
-9.998967647552490234e-01 1.000000000000000000e+00 -9.069595932960510254e-01 -9.686972498893737793e-01 -9.998711943626403809e-01 -9.999223947525024414e-01 9.165796041488647461e-01 -2.450593858957290649e-01 -9.998055100440979004e-01 -1.000000000000000000e+00 9.974883198738098145e-01 7.625377178192138672e-01 1.000000000000000000e+00 1.000000000000000000e+00 9.816044569015502930e-01 -9.848469495773315430e-01
-9.998967647552490234e-01 1.000000000000000000e+00 -9.069595932960510254e-01 -9.686972498893737793e-01 -9.998711943626403809e-01 -9.999223947525024414e-01 9.165796041488647461e-01 -2.450593858957290649e-01 -9.998055100440979004e-01 -1.000000000000000000e+00 9.974883198738098145e-01 7.625377178192138672e-01 1.000000000000000000e+00 1.000000000000000000e+00 9.816044569015502930e-01 -9.848469495773315430e-01
-9.998967647552490234e-01 1.000000000000000000e+00 -9.069595932960510254e-01 -9.686972498893737793e-01 -9.998711943626403809e-01 -9.999223947525024414e-01 9.165796041488647461e-01 -2.450593858957290649e-01 -9.998055100440979004e-01 -1.000000000000000000e+00 9.974883198738098145e-01 7.625377178192138672e-01 1.000000000000000000e+00 1.000000000000000000e+00 9.816044569015502930e-01 -9.848469495773315430e-01
-9.998967647552490234e-01 1.000000000000000000e+00 -9.069595932960510254e-01 -9.686972498893737793e-01 -9.998711943626403809e-01 -9.999223947525024414e-01 9.165796041488647461e-01 -2.450593858957290649e-01 -9.998055100440979004e-01 -1.000000000000000000e+00 9.974883198738098145e-01 7.625377178192138672e-01 1.000000000000000000e+00 1.000000000000000000e+00 9.816044569015502930e-01 -9.848469495773315430e-01
-9.998967647552490234e-01 1.000000000000000000e+00 -9.069595932960510254e-01 -9.686972498893737793e-01 -9.998711943626403809e-01 -9.999223947525024414e-01 9.165796041488647461e-01 -2.450593858957290649e-01 -9.998055100440979004e-01 -1.000000000000000000e+00 9.974883198738098145e-01 7.625377178192138672e-01 1.000000000000000000e+00 1.000000000000000000e+00 9.816044569015502930e-01 -9.848469495773315430e-01
-9.998967647552490234e-01 1.000000000000000000e+00 -9.069595932960510254e-01 -9.686972498893737793e-01 -9.998711943626403809e-01 -9.999223947525024414e-01 9.165796041488647461e-01 -2.450593858957290649e-01 -9.998055100440979004e-01 -1.000000000000000000e+00 9.974883198738098145e-01 7.625377178192138672e-01 1.000000000000000000e+00 1.000000000000000000e+00 9.816044569015502930e-01 -9.848469495773315430e-01
-9.999994635581970215e-01 1.000000000000000000e+00 9.667831063270568848e-01 9.996727705001831055e-01 -9.999669790267944336e-01 9.983208179473876953e-01 -9.999908208847045898e-01 1.000000000000000000e+00 -9.739878773689270020e-01 -1.000000000000000000e+00 -9.228731989860534668e-01 7.543296217918395996e-01 1.000000000000000000e+00 1.000000000000000000e+00 9.990762472152709961e-01 9.958767294883728027e-01
-1.000000000000000000e+00 1.000000000000000000e+00 9.967592954635620117e-01 9.995024204254150391e-01 -9.999970197677612305e-01 9.990003108978271484e-01 -9.999936819076538086e-01 1.000000000000000000e+00 -9.988306164741516113e-01 -1.000000000000000000e+00 -9.938889145851135254e-01 4.538385197520256042e-03 1.000000000000000000e+00 1.000000000000000000e+00 9.828851222991943359e-01 9.995029568672180176e-01
-1.000000000000000000e+00 1.000000000000000000e+00 9.981234073638916016e-01 9.992375373840332031e-01 -9.999982118606567383e-01 9.992951750755310059e-01 -9.999943971633911133e-01 1.000000000000000000e+00 -9.987304806709289551e-01 -1.000000000000000000e+00 -9.913688898086547852e-01 -2.322254925966262817e-01 1.000000000000000000e+00 1.000000000000000000e+00 9.857670664787292480e-01 9.994438290596008301e-01
-1.000000000000000000e+00 1.000000000000000000e+00 9.984362721443176270e-01 9.991495609283447266e-01 -9.999983906745910645e-01 9.993672966957092285e-01 -9.999946951866149902e-01 1.000000000000000000e+00 -9.986674189567565918e-01 -1.000000000000000000e+00 -9.904034137725830078e-01 -3.046855926513671875e-01 1.000000000000000000e+00 1.000000000000000000e+00 9.867050647735595703e-01 9.994168281555175781e-01
-1.000000000000000000e+00 1.000000000000000000e+00 9.985212683677673340e-01 9.991207122802734375e-01 -9.999986290931701660e-01 9.993879199028015137e-01 -9.999946355819702148e-01 1.000000000000000000e+00 -9.986470937728881836e-01 -1.000000000000000000e+00 -9.900869131088256836e-01 -3.262164294719696045e-01 1.000000000000000000e+00 1.000000000000000000e+00 9.869815111160278320e-01 9.994080662727355957e-01
-1.000000000000000000e+00 1.000000000000000000e+00 9.985457062721252441e-01 9.991120100021362305e-01 -9.999986290931701660e-01 9.993937611579895020e-01 -9.999948740005493164e-01 1.000000000000000000e+00 -9.986411929130554199e-01 -1.000000000000000000e+00 -9.899910092353820801e-01 -3.325464129447937012e-01 1.000000000000000000e+00 1.000000000000000000e+00 9.870626330375671387e-01 9.994054436683654785e-01
-1.000000000000000000e+00 1.000000000000000000e+00 9.985526204109191895e-01 9.991095662117004395e-01 -9.999985098838806152e-01 9.993956685066223145e-01 -9.999946951866149902e-01 1.000000000000000000e+00 -9.986392855644226074e-01 -1.000000000000000000e+00 -9.899626374244689941e-01 -3.344012200832366943e-01 1.000000000000000000e+00 1.000000000000000000e+00 9.870864748954772949e-01 9.994047880172729492e-01
-1.000000000000000000e+00 1.000000000000000000e+00 9.985547065734863281e-01 9.991087317466735840e-01 -9.999987483024597168e-01 9.993959665298461914e-01 -9.999948143959045410e-01 1.000000000000000000e+00 -9.986387491226196289e-01 -1.000000000000000000e+00 -9.899543523788452148e-01 -3.349442481994628906e-01 1.000000000000000000e+00 1.000000000000000000e+00 9.870933890342712402e-01 9.994044303894042969e-01
-1.000000000000000000e+00 1.000000000000000000e+00 9.985553622245788574e-01 9.991085529327392578e-01 -9.999985098838806152e-01 9.993963241577148438e-01 -9.999948143959045410e-01 1.000000000000000000e+00 -9.986386299133300781e-01 -1.000000000000000000e+00 -9.899519085884094238e-01 -3.351033329963684082e-01 1.000000000000000000e+00 1.000000000000000000e+00 9.870953559875488281e-01 9.994044303894042969e-01
-1.000000000000000000e+00 1.000000000000000000e+00 9.985556006431579590e-01 9.991084933280944824e-01 -9.999986290931701660e-01 9.993963241577148438e-01 -9.999948143959045410e-01 1.000000000000000000e+00 -9.986385703086853027e-01 -1.000000000000000000e+00 -9.899513125419616699e-01 -3.351497650146484375e-01 1.000000000000000000e+00 1.000000000000000000e+00 9.870960116386413574e-01 9.994044899940490723e-01
-1.000000000000000000e+00 1.000000000000000000e+00 9.985555410385131836e-01 9.991084933280944824e-01 -9.999986290931701660e-01 9.993965029716491699e-01 -9.999948143959045410e-01 1.000000000000000000e+00 -9.986385107040405273e-01 -1.000000000000000000e+00 -9.899510741233825684e-01 -3.351634442806243896e-01 1.000000000000000000e+00 1.000000000000000000e+00 9.870961904525756836e-01 9.994044303894042969e-01
-1.000000000000000000e+00 1.000000000000000000e+00 9.985556006431579590e-01 9.991083741188049316e-01 -9.999987483024597168e-01 9.993963241577148438e-01 -9.999949336051940918e-01 1.000000000000000000e+00 -9.986384510993957520e-01 -1.000000000000000000e+00 -9.899509549140930176e-01 -3.351674675941467285e-01 1.000000000000000000e+00 1.000000000000000000e+00 9.870963096618652344e-01 9.994044303894042969e-01
-1.000000000000000000e+00 1.000000000000000000e+00 9.985556006431579590e-01 9.991084933280944824e-01 -9.999987483024597168e-01 9.993962645530700684e-01 -9.999948143959045410e-01 1.000000000000000000e+00 -9.986385107040405273e-01 -1.000000000000000000e+00 -9.899510145187377930e-01 -3.351687192916870117e-01 1.000000000000000000e+00 1.000000000000000000e+00 9.870962500572204590e-01 9.994043111801147461e-01
-1.000000000000000000e+00 1.000000000000000000e+00 9.985556006431579590e-01 9.991083741188049316e-01 -9.999986290931701660e-01 9.993964433670043945e-01 -9.999947547912597656e-01 1.000000000000000000e+00 -9.986384510993957520e-01 -1.000000000000000000e+00 -9.899508953094482422e-01 -3.351690471172332764e-01 1.000000000000000000e+00 1.000000000000000000e+00 9.870963096618652344e-01 9.994043111801147461e-01
-1.000000000000000000e+00 1.000000000000000000e+00 9.985556006431579590e-01 9.991083741188049316e-01 -9.999986290931701660e-01 9.993964433670043945e-01 -9.999948143959045410e-01 1.000000000000000000e+00 -9.986384510993957520e-01 -1.000000000000000000e+00 -9.899509549140930176e-01 -3.351690471172332764e-01 1.000000000000000000e+00 1.000000000000000000e+00 9.870963096618652344e-01 9.994043111801147461e-01
-1.000000000000000000e+00 1.000000000000000000e+00 9.985556006431579590e-01 9.991083741188049316e-01 -9.999986290931701660e-01 9.993964433670043945e-01 -9.999948143959045410e-01 1.000000000000000000e+00 -9.986384510993957520e-01 -1.000000000000000000e+00 -9.899509549140930176e-01 -3.351691365242004395e-01 1.000000000000000000e+00 1.000000000000000000e+00 9.870963096618652344e-01 9.994043111801147461e-01
-1.000000000000000000e+00 1.000000000000000000e+00 9.985556006431579590e-01 9.991083741188049316e-01 -9.999986290931701660e-01 9.993964433670043945e-01 -9.999948143959045410e-01 1.000000000000000000e+00 -9.986384510993957520e-01 -1.000000000000000000e+00 -9.899509549140930176e-01 -3.351691365242004395e-01 1.000000000000000000e+00 1.000000000000000000e+00 9.870963096618652344e-01 9.994043111801147461e-01
-1.000000000000000000e+00 1.000000000000000000e+00 9.985556006431579590e-01 9.991083741188049316e-01 -9.999986290931701660e-01 9.993964433670043945e-01 -9.999948143959045410e-01 1.000000000000000000e+00 -9.986384510993957520e-01 -1.000000000000000000e+00 -9.899509549140930176e-01 -3.351691365242004395e-01 1.000000000000000000e+00 1.000000000000000000e+00 9.870963096618652344e-01 9.994043111801147461e-01
-1.000000000000000000e+00 1.000000000000000000e+00 9.985556006431579590e-01 9.991083741188049316e-01 -9.999986290931701660e-01 9.993964433670043945e-01 -9.999948143959045410e-01 1.000000000000000000e+00 -9.986384510993957520e-01 -1.000000000000000000e+00 -9.899509549140930176e-01 -3.351691365242004395e-01 1.000000000000000000e+00 1.000000000000000000e+00 9.870963096618652344e-01 9.994043111801147461e-01
-1.000000000000000000e+00 1.000000000000000000e+00 9.985556006431579590e-01 9.991083741188049316e-01 -9.999986290931701660e-01 9.993964433670043945e-01 -9.999948143959045410e-01 1.000000000000000000e+00 -9.986384510993957520e-01 -1.000000000000000000e+00 -9.899509549140930176e-01 -3.351691365242004395e-01 1.000000000000000000e+00 1.000000000000000000e+00 9.870963096618652344e-01 9.994043111801147461e-01
-1.000000000000000000e+00 1.000000000000000000e+00 9.985556006431579590e-01 9.991083741188049316e-01 -9.999986290931701660e-01 9.993964433670043945e-01 -9.999948143959045410e-01 1.000000000000000000e+00 -9.986384510993957520e-01 -1.000000000000000000e+00 -9.899509549140930176e-01 -3.351691365242004395e-01 1.000000000000000000e+00 1.000000000000000000e+00 9.870963096618652344e-01 9.994043111801147461e-01
-1.000000000000000000e+00 1.000000000000000000e+00 9.985556006431579590e-01 9.991083741188049316e-01 -9.999986290931701660e-01 9.993964433670043945e-01 -9.999948143959045410e-01 1.000000000000000000e+00 -9.986384510993957520e-01 -1.000000000000000000e+00 -9.899509549140930176e-01 -3.351691365242004395e-01 1.000000000000000000e+00 1.000000000000000000e+00 9.870963096618652344e-01 9.994043111801147461e-01
-1.000000000000000000e+00 1.000000000000000000e+00 9.985556006431579590e-01 9.991083741188049316e-01 -9.999986290931701660e-01 9.993964433670043945e-01 -9.999948143959045410e-01 1.000000000000000000e+00 -9.986384510993957520e-01 -1.000000000000000000e+00 -9.899509549140930176e-01 -3.351691365242004395e-01 1.000000000000000000e+00 1.000000000000000000e+00 9.870963096618652344e-01 9.994043111801147461e-01
-1.000000000000000000e+00 1.000000000000000000e+00 9.985556006431579590e-01 9.991083741188049316e-01 -9.999986290931701660e-01 9.993964433670043945e-01 -9.999948143959045410e-01 1.000000000000000000e+00 -9.986384510993957520e-01 -1.000000000000000000e+00 -9.899509549140930176e-01 -3.351691365242004395e-01 1.000000000000000000e+00 1.000000000000000000e+00 9.870963096618652344e-01 9.994043111801147461e-01
-1.000000000000000000e+00 1.000000000000000000e+00 9.985556006431579590e-01 9.991083741188049316e-01 -9.999986290931701660e-01 9.993964433670043945e-01 -9.999948143959045410e-01 1.000000000000000000e+00 -9.986384510993957520e-01 -1.000000000000000000e+00 -9.899509549140930176e-01 -3.351691365242004395e-01 1.000000000000000000e+00 1.000000000000000000e+00 9.870963096618652344e-01 9.994043111801147461e-01
-1.000000000000000000e+00 1.000000000000000000e+00 9.985556006431579590e-01 9.991083741188049316e-01 -9.999986290931701660e-01 9.993964433670043945e-01 -9.999948143959045410e-01 1.000000000000000000e+00 -9.986384510993957520e-01 -1.000000000000000000e+00 -9.899509549140930176e-01 -3.351691365242004395e-01 1.000000000000000000e+00 1.000000000000000000e+00 9.870963096618652344e-01 9.994043111801147461e-01
-1.000000000000000000e+00 1.000000000000000000e+00 9.985556006431579590e-01 9.991083741188049316e-01 -9.999986290931701660e-01 9.993964433670043945e-01 -9.999948143959045410e-01 1.000000000000000000e+00 -9.986384510993957520e-01 -1.000000000000000000e+00 -9.899509549140930176e-01 -3.351691365242004395e-01 1.000000000000000000e+00 1.000000000000000000e+00 9.870963096618652344e-01 9.994043111801147461e-01
-1.000000000000000000e+00 1.000000000000000000e+00 9.985556006431579590e-01 9.991083741188049316e-01 -9.999986290931701660e-01 9.993964433670043945e-01 -9.999948143959045410e-01 1.000000000000000000e+00 -9.986384510993957520e-01 -1.000000000000000000e+00 -9.899509549140930176e-01 -3.351691365242004395e-01 1.000000000000000000e+00 1.000000000000000000e+00 9.870963096618652344e-01 9.994043111801147461e-01
-1.000000000000000000e+00 1.000000000000000000e+00 9.985556006431579590e-01 9.991083741188049316e-01 -9.999986290931701660e-01 9.993964433670043945e-01 -9.999948143959045410e-01 1.000000000000000000e+00 -9.986384510993957520e-01 -1.000000000000000000e+00 -9.899509549140930176e-01 -3.351691365242004395e-01 1.000000000000000000e+00 1.000000000000000000e+00 9.870963096618652344e-01 9.994043111801147461e-01
-1.000000000000000000e+00 1.000000000000000000e+00 9.985556006431579590e-01 9.991083741188049316e-01 -9.999986290931701660e-01 9.993964433670043945e-01 -9.999948143959045410e-01 1.000000000000000000e+00 -9.986384510993957520e-01 -1.000000000000000000e+00 -9.899509549140930176e-01 -3.351691365242004395e-01 1.000000000000000000e+00 1.000000000000000000e+00 9.870963096618652344e-01 9.994043111801147461e-01
-1.000000000000000000e+00 1.000000000000000000e+00 9.999964237213134766e-01 9.999634027481079102e-01 -1.000000000000000000e+00 9.821414947509765625e-01 -9.998365640640258789e-01 1.000000000000000000e+00 -9.999986290931701660e-01 -1.000000000000000000e+00 -9.914004802703857422e-01 3.537076115608215332e-01 1.000000000000000000e+00 1.000000000000000000e+00 9.999882578849792480e-01 9.992293119430541992e-01
-1.000000000000000000e+00 1.000000000000000000e+00 9.999939203262329102e-01 9.999728202819824219e-01 -1.000000000000000000e+00 9.756359457969665527e-01 -9.998145699501037598e-01 1.000000000000000000e+00 -9.999988079071044922e-01 -1.000000000000000000e+00 -9.936829209327697754e-01 5.311894416809082031e-01 1.000000000000000000e+00 1.000000000000000000e+00 9.999856352806091309e-01 9.993380308151245117e-01
-1.000000000000000000e+00 1.000000000000000000e+00 9.999929666519165039e-01 9.999749064445495605e-01 -1.000000000000000000e+00 9.735800623893737793e-01 -9.998084902763366699e-01 1.000000000000000000e+00 -9.999986886978149414e-01 -1.000000000000000000e+00 -9.941684603691101074e-01 5.722715258598327637e-01 1.000000000000000000e+00 1.000000000000000000e+00 9.999849796295166016e-01 9.993635416030883789e-01
-1.000000000000000000e+00 1.000000000000000000e+00 9.999927282333374023e-01 9.999752640724182129e-01 -1.000000000000000000e+00 9.730768799781799316e-01 -9.998073577880859375e-01 1.000000000000000000e+00 -9.999988675117492676e-01 -1.000000000000000000e+00 -9.942761063575744629e-01 5.814994573593139648e-01 1.000000000000000000e+00 1.000000000000000000e+00 9.999849200248718262e-01 9.993692040443420410e-01
-1.000000000000000000e+00 1.000000000000000000e+00 9.999927878379821777e-01 9.999753236770629883e-01 -1.000000000000000000e+00 9.729622006416320801e-01 -9.998070597648620605e-01 1.000000000000000000e+00 -9.999988079071044922e-01 -1.000000000000000000e+00 -9.943001270294189453e-01 5.835594534873962402e-01 1.000000000000000000e+00 1.000000000000000000e+00 9.999846816062927246e-01 9.993705153465270996e-01
-1.000000000000000000e+00 1.000000000000000000e+00 9.999926090240478516e-01 9.999754428863525391e-01 -1.000000000000000000e+00 9.729366898536682129e-01 -9.998069405555725098e-01 1.000000000000000000e+00 -9.999989271163940430e-01 -1.000000000000000000e+00 -9.943053126335144043e-01 5.840187668800354004e-01 1.000000000000000000e+00 1.000000000000000000e+00 9.999846816062927246e-01 9.993709325790405273e-01
-1.000000000000000000e+00 1.000000000000000000e+00 9.999926090240478516e-01 9.999753832817077637e-01 -1.000000000000000000e+00 9.729309082031250000e-01 -9.998069405555725098e-01 1.000000000000000000e+00 -9.999988079071044922e-01 -1.000000000000000000e+00 -9.943065643310546875e-01 5.841211080551147461e-01 1.000000000000000000e+00 1.000000000000000000e+00 9.999846816062927246e-01 9.993709325790405273e-01
-1.000000000000000000e+00 1.000000000000000000e+00 9.999927878379821777e-01 9.999752640724182129e-01 -1.000000000000000000e+00 9.729296565055847168e-01 -9.998069405555725098e-01 1.000000000000000000e+00 -9.999989271163940430e-01 -1.000000000000000000e+00 -9.943066835403442383e-01 5.841438770294189453e-01 1.000000000000000000e+00 1.000000000000000000e+00 9.999845623970031738e-01 9.993708133697509766e-01
-1.000000000000000000e+00 1.000000000000000000e+00 9.999927878379821777e-01 9.999752044677734375e-01 -1.000000000000000000e+00 9.729292988777160645e-01 -9.998070001602172852e-01 1.000000000000000000e+00 -9.999989271163940430e-01 -1.000000000000000000e+00 -9.943069219589233398e-01 5.841490626335144043e-01 1.000000000000000000e+00 1.000000000000000000e+00 9.999846816062927246e-01 9.993710517883300781e-01
