9.999991655349731445e-01 -1.000000000000000000e+00 -1.000000000000000000e+00 -9.999557137489318848e-01 1.000000000000000000e+00 9.999683499336242676e-01 -1.000000000000000000e+00 -9.922550320625305176e-01 1.000000000000000000e+00 -1.000000000000000000e+00 9.999989867210388184e-01 9.794154167175292969e-01 6.633775234222412109e-01 9.999996423721313477e-01 -1.000000000000000000e+00 -9.995514154434204102e-01
9.999985098838806152e-01 -1.000000000000000000e+00 -9.999982714653015137e-01 -1.000000000000000000e+00 1.000000000000000000e+00 -9.994931817054748535e-01 -1.000000000000000000e+00 -9.999862313270568848e-01 1.000000000000000000e+00 -1.000000000000000000e+00 9.975140690803527832e-01 3.534171283245086670e-01 -9.895933866500854492e-01 1.000000000000000000e+00 -1.000000000000000000e+00 -9.688286185264587402e-01
9.999991655349731445e-01 -1.000000000000000000e+00 -9.999983310699462891e-01 -1.000000000000000000e+00 1.000000000000000000e+00 -9.999104738235473633e-01 -1.000000000000000000e+00 -9.999327659606933594e-01 1.000000000000000000e+00 -1.000000000000000000e+00 9.988139271736145020e-01 8.440495133399963379e-01 -9.603103995323181152e-01 9.999995231628417969e-01 -1.000000000000000000e+00 -9.805553555488586426e-01
9.999994635581970215e-01 -1.000000000000000000e+00 -9.999985098838806152e-01 -1.000000000000000000e+00 1.000000000000000000e+00 -9.999295473098754883e-01 -1.000000000000000000e+00 -9.999514222145080566e-01 1.000000000000000000e+00 -1.000000000000000000e+00 9.981307983398437500e-01 8.030907511711120605e-01 -9.743178486824035645e-01 9.999993443489074707e-01 -1.000000000000000000e+00 -9.822793602943420410e-01
9.999992847442626953e-01 -1.000000000000000000e+00 -9.999985098838806152e-01 -1.000000000000000000e+00 1.000000000000000000e+00 -9.999283552169799805e-01 -1.000000000000000000e+00 -9.999505877494812012e-01 1.000000000000000000e+00 -1.000000000000000000e+00 9.982171058654785156e-01 8.075650334358215332e-01 -9.733064770698547363e-01 9.999995231628417969e-01 -1.000000000000000000e+00 -9.822133183479309082e-01
9.999992251396179199e-01 -1.000000000000000000e+00 -9.999985098838806152e-01 -1.000000000000000000e+00 1.000000000000000000e+00 -9.999286532402038574e-01 -1.000000000000000000e+00 -9.999505281448364258e-01 1.000000000000000000e+00 -1.000000000000000000e+00 9.982087016105651855e-01 8.071136474609375000e-01 -9.734171032905578613e-01 9.999994635581970215e-01 -1.000000000000000000e+00 -9.822239279747009277e-01
9.999992847442626953e-01 -1.000000000000000000e+00 -9.999986290931701660e-01 -1.000000000000000000e+00 1.000000000000000000e+00 -9.999284744262695312e-01 -1.000000000000000000e+00 -9.999504685401916504e-01 1.000000000000000000e+00 -1.000000000000000000e+00 9.982094764709472656e-01 8.071597218513488770e-01 -9.734059572219848633e-01 9.999995231628417969e-01 -1.000000000000000000e+00 -9.822227954864501953e-01
9.999992847442626953e-01 -1.000000000000000000e+00 -9.999985098838806152e-01 -1.000000000000000000e+00 1.000000000000000000e+00 -9.999284148216247559e-01 -1.000000000000000000e+00 -9.999505877494812012e-01 1.000000000000000000e+00 -1.000000000000000000e+00 9.982094764709472656e-01 8.071550130844116211e-01 -9.734070301055908203e-01 9.999994635581970215e-01 -1.000000000000000000e+00 -9.822229146957397461e-01
9.999992251396179199e-01 -1.000000000000000000e+00 -9.999985098838806152e-01 -1.000000000000000000e+00 1.000000000000000000e+00 -9.999284148216247559e-01 -1.000000000000000000e+00 -9.999505281448364258e-01 1.000000000000000000e+00 -1.000000000000000000e+00 9.982094764709472656e-01 8.071554303169250488e-01 -9.734069108963012695e-01 9.999993443489074707e-01 -1.000000000000000000e+00 -9.822229146957397461e-01
9.999992251396179199e-01 -1.000000000000000000e+00 -9.999983906745910645e-01 -1.000000000000000000e+00 1.000000000000000000e+00 -9.999284148216247559e-01 -1.000000000000000000e+00 -9.999505281448364258e-01 1.000000000000000000e+00 -1.000000000000000000e+00 9.982095360755920410e-01 8.071554303169250488e-01 -9.734069705009460449e-01 9.999993443489074707e-01 -1.000000000000000000e+00 -9.822229146957397461e-01
9.999992251396179199e-01 -1.000000000000000000e+00 -9.999985098838806152e-01 -1.000000000000000000e+00 1.000000000000000000e+00 -9.999284148216247559e-01 -1.000000000000000000e+00 -9.999505281448364258e-01 1.000000000000000000e+00 -1.000000000000000000e+00 9.982095360755920410e-01 8.071553707122802734e-01 -9.734069705009460449e-01 9.999993443489074707e-01 -1.000000000000000000e+00 -9.822229146957397461e-01
9.999992251396179199e-01 -1.000000000000000000e+00 -9.999983906745910645e-01 -1.000000000000000000e+00 1.000000000000000000e+00 -9.999284148216247559e-01 -1.000000000000000000e+00 -9.999505281448364258e-01 1.000000000000000000e+00 -1.000000000000000000e+00 9.982095360755920410e-01 8.071554303169250488e-01 -9.734069705009460449e-01 9.999993443489074707e-01 -1.000000000000000000e+00 -9.822229146957397461e-01
9.999992251396179199e-01 -1.000000000000000000e+00 -9.999985098838806152e-01 -1.000000000000000000e+00 1.000000000000000000e+00 -9.999284148216247559e-01 -1.000000000000000000e+00 -9.999505281448364258e-01 1.000000000000000000e+00 -1.000000000000000000e+00 9.982095360755920410e-01 8.071553707122802734e-01 -9.734069705009460449e-01 9.999993443489074707e-01 -1.000000000000000000e+00 -9.822229146957397461e-01
9.999992251396179199e-01 -1.000000000000000000e+00 -9.999983906745910645e-01 -1.000000000000000000e+00 1.000000000000000000e+00 -9.999284148216247559e-01 -1.000000000000000000e+00 -9.999505281448364258e-01 1.000000000000000000e+00 -1.000000000000000000e+00 9.982095360755920410e-01 8.071554303169250488e-01 -9.734069705009460449e-01 9.999993443489074707e-01 -1.000000000000000000e+00 -9.822229146957397461e-01
9.999992251396179199e-01 -1.000000000000000000e+00 -9.999985098838806152e-01 -1.000000000000000000e+00 1.000000000000000000e+00 -9.999284148216247559e-01 -1.000000000000000000e+00 -9.999505281448364258e-01 1.000000000000000000e+00 -1.000000000000000000e+00 9.982095360755920410e-01 8.071553707122802734e-01 -9.734069705009460449e-01 9.999993443489074707e-01 -1.000000000000000000e+00 -9.822229146957397461e-01
9.999992251396179199e-01 -1.000000000000000000e+00 -9.999983906745910645e-01 -1.000000000000000000e+00 1.000000000000000000e+00 -9.999284148216247559e-01 -1.000000000000000000e+00 -9.999505281448364258e-01 1.000000000000000000e+00 -1.000000000000000000e+00 9.982095360755920410e-01 8.071554303169250488e-01 -9.734069705009460449e-01 9.999993443489074707e-01 -1.000000000000000000e+00 -9.822229146957397461e-01
9.999992251396179199e-01 -1.000000000000000000e+00 -9.999985098838806152e-01 -1.000000000000000000e+00 1.000000000000000000e+00 -9.999284148216247559e-01 -1.000000000000000000e+00 -9.999505281448364258e-01 1.000000000000000000e+00 -1.000000000000000000e+00 9.982095360755920410e-01 8.071553707122802734e-01 -9.734069705009460449e-01 9.999993443489074707e-01 -1.000000000000000000e+00 -9.822229146957397461e-01
9.999992251396179199e-01 -1.000000000000000000e+00 -9.999983906745910645e-01 -1.000000000000000000e+00 1.000000000000000000e+00 -9.999284148216247559e-01 -1.000000000000000000e+00 -9.999505281448364258e-01 1.000000000000000000e+00 -1.000000000000000000e+00 9.982095360755920410e-01 8.071554303169250488e-01 -9.734069705009460449e-01 9.999993443489074707e-01 -1.000000000000000000e+00 -9.822229146957397461e-01
9.999992251396179199e-01 -1.000000000000000000e+00 -9.999985098838806152e-01 -1.000000000000000000e+00 1.000000000000000000e+00 -9.999284148216247559e-01 -1.000000000000000000e+00 -9.999505281448364258e-01 1.000000000000000000e+00 -1.000000000000000000e+00 9.982095360755920410e-01 8.071553707122802734e-01 -9.734069705009460449e-01 9.999993443489074707e-01 -1.000000000000000000e+00 -9.822229146957397461e-01
9.999992251396179199e-01 -1.000000000000000000e+00 -9.999983906745910645e-01 -1.000000000000000000e+00 1.000000000000000000e+00 -9.999284148216247559e-01 -1.000000000000000000e+00 -9.999505281448364258e-01 1.000000000000000000e+00 -1.000000000000000000e+00 9.982095360755920410e-01 8.071554303169250488e-01 -9.734069705009460449e-01 9.999993443489074707e-01 -1.000000000000000000e+00 -9.822229146957397461e-01
9.999992251396179199e-01 -1.000000000000000000e+00 -9.999985098838806152e-01 -1.000000000000000000e+00 1.000000000000000000e+00 -9.999284148216247559e-01 -1.000000000000000000e+00 -9.999505281448364258e-01 1.000000000000000000e+00 -1.000000000000000000e+00 9.982095360755920410e-01 8.071553707122802734e-01 -9.734069705009460449e-01 9.999993443489074707e-01 -1.000000000000000000e+00 -9.822229146957397461e-01
9.999992251396179199e-01 -1.000000000000000000e+00 -9.999983906745910645e-01 -1.000000000000000000e+00 1.000000000000000000e+00 -9.999284148216247559e-01 -1.000000000000000000e+00 -9.999505281448364258e-01 1.000000000000000000e+00 -1.000000000000000000e+00 9.982095360755920410e-01 8.071554303169250488e-01 -9.734069705009460449e-01 9.999993443489074707e-01 -1.000000000000000000e+00 -9.822229146957397461e-01
9.999992251396179199e-01 -1.000000000000000000e+00 -9.999985098838806152e-01 -1.000000000000000000e+00 1.000000000000000000e+00 -9.999284148216247559e-01 -1.000000000000000000e+00 -9.999505281448364258e-01 1.000000000000000000e+00 -1.000000000000000000e+00 9.982095360755920410e-01 8.071553707122802734e-01 -9.734069705009460449e-01 9.999993443489074707e-01 -1.000000000000000000e+00 -9.822229146957397461e-01
9.999992251396179199e-01 -1.000000000000000000e+00 -9.999983906745910645e-01 -1.000000000000000000e+00 1.000000000000000000e+00 -9.999284148216247559e-01 -1.000000000000000000e+00 -9.999505281448364258e-01 1.000000000000000000e+00 -1.000000000000000000e+00 9.982095360755920410e-01 8.071554303169250488e-01 -9.734069705009460449e-01 9.999993443489074707e-01 -1.000000000000000000e+00 -9.822229146957397461e-01
9.999992251396179199e-01 -1.000000000000000000e+00 -9.999985098838806152e-01 -1.000000000000000000e+00 1.000000000000000000e+00 -9.999284148216247559e-01 -1.000000000000000000e+00 -9.999505281448364258e-01 1.000000000000000000e+00 -1.000000000000000000e+00 9.982095360755920410e-01 8.071553707122802734e-01 -9.734069705009460449e-01 9.999993443489074707e-01 -1.000000000000000000e+00 -9.822229146957397461e-01
9.999992251396179199e-01 -1.000000000000000000e+00 -9.999983906745910645e-01 -1.000000000000000000e+00 1.000000000000000000e+00 -9.999284148216247559e-01 -1.000000000000000000e+00 -9.999505281448364258e-01 1.000000000000000000e+00 -1.000000000000000000e+00 9.982095360755920410e-01 8.071554303169250488e-01 -9.734069705009460449e-01 9.999993443489074707e-01 -1.000000000000000000e+00 -9.822229146957397461e-01
9.999992251396179199e-01 -1.000000000000000000e+00 -9.999985098838806152e-01 -1.000000000000000000e+00 1.000000000000000000e+00 -9.999284148216247559e-01 -1.000000000000000000e+00 -9.999505281448364258e-01 1.000000000000000000e+00 -1.000000000000000000e+00 9.982095360755920410e-01 8.071553707122802734e-01 -9.734069705009460449e-01 9.999993443489074707e-01 -1.000000000000000000e+00 -9.822229146957397461e-01
9.999992251396179199e-01 -1.000000000000000000e+00 -9.999983906745910645e-01 -1.000000000000000000e+00 1.000000000000000000e+00 -9.999284148216247559e-01 -1.000000000000000000e+00 -9.999505281448364258e-01 1.000000000000000000e+00 -1.000000000000000000e+00 9.982095360755920410e-01 8.071554303169250488e-01 -9.734069705009460449e-01 9.999993443489074707e-01 -1.000000000000000000e+00 -9.822229146957397461e-01
9.999992251396179199e-01 -1.000000000000000000e+00 -9.999985098838806152e-01 -1.000000000000000000e+00 1.000000000000000000e+00 -9.999284148216247559e-01 -1.000000000000000000e+00 -9.999505281448364258e-01 1.000000000000000000e+00 -1.000000000000000000e+00 9.982095360755920410e-01 8.071553707122802734e-01 -9.734069705009460449e-01 9.999993443489074707e-01 -1.000000000000000000e+00 -9.822229146957397461e-01
9.999992251396179199e-01 -1.000000000000000000e+00 -9.999983906745910645e-01 -1.000000000000000000e+00 1.000000000000000000e+00 -9.999284148216247559e-01 -1.000000000000000000e+00 -9.999505281448364258e-01 1.000000000000000000e+00 -1.000000000000000000e+00 9.982095360755920410e-01 8.071554303169250488e-01 -9.734069705009460449e-01 9.999993443489074707e-01 -1.000000000000000000e+00 -9.822229146957397461e-01
9.999992847442626953e-01 -1.000000000000000000e+00 -9.999986290931701660e-01 -1.000000000000000000e+00 1.000000000000000000e+00 -9.999284148216247559e-01 -1.000000000000000000e+00 -9.999505281448364258e-01 1.000000000000000000e+00 -1.000000000000000000e+00 9.982095360755920410e-01 8.071554303169250488e-01 -9.734068512916564941e-01 9.999993443489074707e-01 -1.000000000000000000e+00 -9.822229146957397461e-01
1.000000000000000000e+00 -1.000000000000000000e+00 -9.999641180038452148e-01 -1.000000000000000000e+00 1.000000000000000000e+00 -9.999991059303283691e-01 -1.000000000000000000e+00 -9.999797940254211426e-01 1.000000000000000000e+00 -1.000000000000000000e+00 9.968881607055664062e-01 8.882292509078979492e-01 -9.915424585342407227e-01 9.999994039535522461e-01 -1.000000000000000000e+00 -9.940771460533142090e-01
1.000000000000000000e+00 -1.000000000000000000e+00 -9.999647140502929688e-01 -1.000000000000000000e+00 1.000000000000000000e+00 -9.999991655349731445e-01 -1.000000000000000000e+00 -9.999810457229614258e-01 1.000000000000000000e+00 -1.000000000000000000e+00 9.967061281204223633e-01 8.846290111541748047e-01 -9.921025633811950684e-01 9.999992847442626953e-01 -1.000000000000000000e+00 -9.942170977592468262e-01
1.000000000000000000e+00 -1.000000000000000000e+00 -9.999647736549377441e-01 -1.000000000000000000e+00 1.000000000000000000e+00 -9.999991655349731445e-01 -1.000000000000000000e+00 -9.999810457229614258e-01 1.000000000000000000e+00 -1.000000000000000000e+00 9.967177510261535645e-01 8.848467469215393066e-01 -9.920756816864013672e-01 9.999994039535522461e-01 -1.000000000000000000e+00 -9.942139387130737305e-01
1.000000000000000000e+00 -1.000000000000000000e+00 -9.999645948410034180e-01 -1.000000000000000000e+00 1.000000000000000000e+00 -9.999991655349731445e-01 -1.000000000000000000e+00 -9.999809265136718750e-01 1.000000000000000000e+00 -1.000000000000000000e+00 9.967168569564819336e-01 8.848339319229125977e-01 -9.920772910118103027e-01 9.999992251396179199e-01 -1.000000000000000000e+00 -9.942141771316528320e-01
1.000000000000000000e+00 -1.000000000000000000e+00 -9.999646544456481934e-01 -1.000000000000000000e+00 1.000000000000000000e+00 -9.999991655349731445e-01 -1.000000000000000000e+00 -9.999809265136718750e-01 1.000000000000000000e+00 -1.000000000000000000e+00 9.967169761657714844e-01 8.848345875740051270e-01 -9.920772314071655273e-01 9.999992847442626953e-01 -1.000000000000000000e+00 -9.942140579223632812e-01
1.000000000000000000e+00 -1.000000000000000000e+00 -9.999646544456481934e-01 -1.000000000000000000e+00 1.000000000000000000e+00 -9.999991655349731445e-01 -1.000000000000000000e+00 -9.999809265136718750e-01 1.000000000000000000e+00 -1.000000000000000000e+00 9.967170357704162598e-01 8.848347663879394531e-01 -9.920772314071655273e-01 9.999992847442626953e-01 -1.000000000000000000e+00 -9.942140579223632812e-01
1.000000000000000000e+00 -1.000000000000000000e+00 -9.999646544456481934e-01 -1.000000000000000000e+00 1.000000000000000000e+00 -9.999991655349731445e-01 -1.000000000000000000e+00 -9.999809265136718750e-01 1.000000000000000000e+00 -1.000000000000000000e+00 9.967170357704162598e-01 8.848345875740051270e-01 -9.920772314071655273e-01 9.999992847442626953e-01 -1.000000000000000000e+00 -9.942140579223632812e-01
1.000000000000000000e+00 -1.000000000000000000e+00 -9.999646544456481934e-01 -1.000000000000000000e+00 1.000000000000000000e+00 -9.999991655349731445e-01 -1.000000000000000000e+00 -9.999809265136718750e-01 1.000000000000000000e+00 -1.000000000000000000e+00 9.967170357704162598e-01 8.848347663879394531e-01 -9.920772314071655273e-01 9.999992847442626953e-01 -1.000000000000000000e+00 -9.942140579223632812e-01
1.000000000000000000e+00 -1.000000000000000000e+00 -9.999646544456481934e-01 -1.000000000000000000e+00 1.000000000000000000e+00 -9.999991655349731445e-01 -1.000000000000000000e+00 -9.999809265136718750e-01 1.000000000000000000e+00 -1.000000000000000000e+00 9.967170357704162598e-01 8.848345875740051270e-01 -9.920772314071655273e-01 9.999992847442626953e-01 -1.000000000000000000e+00 -9.942140579223632812e-01
1.000000000000000000e+00 -1.000000000000000000e+00 -9.999646544456481934e-01 -1.000000000000000000e+00 1.000000000000000000e+00 -9.999991655349731445e-01 -1.000000000000000000e+00 -9.999809265136718750e-01 1.000000000000000000e+00 -1.000000000000000000e+00 9.967170357704162598e-01 8.848347663879394531e-01 -9.920772314071655273e-01 9.999992847442626953e-01 -1.000000000000000000e+00 -9.942140579223632812e-01
1.000000000000000000e+00 -1.000000000000000000e+00 -9.999646544456481934e-01 -1.000000000000000000e+00 1.000000000000000000e+00 -9.999991655349731445e-01 -1.000000000000000000e+00 -9.999809265136718750e-01 1.000000000000000000e+00 -1.000000000000000000e+00 9.967170357704162598e-01 8.848345875740051270e-01 -9.920772314071655273e-01 9.999992847442626953e-01 -1.000000000000000000e+00 -9.942140579223632812e-01
1.000000000000000000e+00 -1.000000000000000000e+00 -9.999646544456481934e-01 -1.000000000000000000e+00 1.000000000000000000e+00 -9.999991655349731445e-01 -1.000000000000000000e+00 -9.999809265136718750e-01 1.000000000000000000e+00 -1.000000000000000000e+00 9.967170357704162598e-01 8.848347663879394531e-01 -9.920772314071655273e-01 9.999992847442626953e-01 -1.000000000000000000e+00 -9.942140579223632812e-01
1.000000000000000000e+00 -1.000000000000000000e+00 -9.999646544456481934e-01 -1.000000000000000000e+00 1.000000000000000000e+00 -9.999991655349731445e-01 -1.000000000000000000e+00 -9.999809265136718750e-01 1.000000000000000000e+00 -1.000000000000000000e+00 9.967170357704162598e-01 8.848345875740051270e-01 -9.920772314071655273e-01 9.999992847442626953e-01 -1.000000000000000000e+00 -9.942140579223632812e-01
1.000000000000000000e+00 -1.000000000000000000e+00 -9.999646544456481934e-01 -1.000000000000000000e+00 1.000000000000000000e+00 -9.999991655349731445e-01 -1.000000000000000000e+00 -9.999809265136718750e-01 1.000000000000000000e+00 -1.000000000000000000e+00 9.967170357704162598e-01 8.848347663879394531e-01 -9.920772314071655273e-01 9.999992847442626953e-01 -1.000000000000000000e+00 -9.942140579223632812e-01
1.000000000000000000e+00 -1.000000000000000000e+00 -9.999646544456481934e-01 -1.000000000000000000e+00 1.000000000000000000e+00 -9.999991655349731445e-01 -1.000000000000000000e+00 -9.999809265136718750e-01 1.000000000000000000e+00 -1.000000000000000000e+00 9.967170357704162598e-01 8.848345875740051270e-01 -9.920772314071655273e-01 9.999992847442626953e-01 -1.000000000000000000e+00 -9.942140579223632812e-01
1.000000000000000000e+00 -1.000000000000000000e+00 -9.999646544456481934e-01 -1.000000000000000000e+00 1.000000000000000000e+00 -9.999991655349731445e-01 -1.000000000000000000e+00 -9.999809265136718750e-01 1.000000000000000000e+00 -1.000000000000000000e+00 9.967170357704162598e-01 8.848347663879394531e-01 -9.920772314071655273e-01 9.999992847442626953e-01 -1.000000000000000000e+00 -9.942140579223632812e-01
1.000000000000000000e+00 -1.000000000000000000e+00 -9.999646544456481934e-01 -1.000000000000000000e+00 1.000000000000000000e+00 -9.999991655349731445e-01 -1.000000000000000000e+00 -9.999809265136718750e-01 1.000000000000000000e+00 -1.000000000000000000e+00 9.967170357704162598e-01 8.848345875740051270e-01 -9.920772314071655273e-01 9.999992847442626953e-01 -1.000000000000000000e+00 -9.942140579223632812e-01
1.000000000000000000e+00 -1.000000000000000000e+00 -9.999646544456481934e-01 -1.000000000000000000e+00 1.000000000000000000e+00 -9.999991655349731445e-01 -1.000000000000000000e+00 -9.999809265136718750e-01 1.000000000000000000e+00 -1.000000000000000000e+00 9.967170357704162598e-01 8.848347663879394531e-01 -9.920772314071655273e-01 9.999992847442626953e-01 -1.000000000000000000e+00 -9.942140579223632812e-01
1.000000000000000000e+00 -1.000000000000000000e+00 -9.999646544456481934e-01 -1.000000000000000000e+00 1.000000000000000000e+00 -9.999991655349731445e-01 -1.000000000000000000e+00 -9.999809265136718750e-01 1.000000000000000000e+00 -1.000000000000000000e+00 9.967170357704162598e-01 8.848345875740051270e-01 -9.920772314071655273e-01 9.999992847442626953e-01 -1.000000000000000000e+00 -9.942140579223632812e-01
1.000000000000000000e+00 -1.000000000000000000e+00 -9.999646544456481934e-01 -1.000000000000000000e+00 1.000000000000000000e+00 -9.999991655349731445e-01 -1.000000000000000000e+00 -9.999809265136718750e-01 1.000000000000000000e+00 -1.000000000000000000e+00 9.967170357704162598e-01 8.848347663879394531e-01 -9.920772314071655273e-01 9.999992847442626953e-01 -1.000000000000000000e+00 -9.942140579223632812e-01
1.000000000000000000e+00 -1.000000000000000000e+00 -9.999646544456481934e-01 -1.000000000000000000e+00 1.000000000000000000e+00 -9.999991655349731445e-01 -1.000000000000000000e+00 -9.999809265136718750e-01 1.000000000000000000e+00 -1.000000000000000000e+00 9.967170357704162598e-01 8.848345875740051270e-01 -9.920772314071655273e-01 9.999992847442626953e-01 -1.000000000000000000e+00 -9.942140579223632812e-01
1.000000000000000000e+00 -1.000000000000000000e+00 -9.999646544456481934e-01 -1.000000000000000000e+00 1.000000000000000000e+00 -9.999991655349731445e-01 -1.000000000000000000e+00 -9.999809265136718750e-01 1.000000000000000000e+00 -1.000000000000000000e+00 9.967170357704162598e-01 8.848347663879394531e-01 -9.920772314071655273e-01 9.999992847442626953e-01 -1.000000000000000000e+00 -9.942140579223632812e-01
1.000000000000000000e+00 -1.000000000000000000e+00 -9.999646544456481934e-01 -1.000000000000000000e+00 1.000000000000000000e+00 -9.999991655349731445e-01 -1.000000000000000000e+00 -9.999809265136718750e-01 1.000000000000000000e+00 -1.000000000000000000e+00 9.967170357704162598e-01 8.848345875740051270e-01 -9.920772314071655273e-01 9.999992847442626953e-01 -1.000000000000000000e+00 -9.942140579223632812e-01
1.000000000000000000e+00 -1.000000000000000000e+00 -9.999646544456481934e-01 -1.000000000000000000e+00 1.000000000000000000e+00 -9.999991655349731445e-01 -1.000000000000000000e+00 -9.999809265136718750e-01 1.000000000000000000e+00 -1.000000000000000000e+00 9.967170357704162598e-01 8.848347663879394531e-01 -9.920772314071655273e-01 9.999992847442626953e-01 -1.000000000000000000e+00 -9.942140579223632812e-01
1.000000000000000000e+00 -1.000000000000000000e+00 -9.999646544456481934e-01 -1.000000000000000000e+00 1.000000000000000000e+00 -9.999991655349731445e-01 -1.000000000000000000e+00 -9.999809265136718750e-01 1.000000000000000000e+00 -1.000000000000000000e+00 9.967170357704162598e-01 8.848345875740051270e-01 -9.920772314071655273e-01 9.999992847442626953e-01 -1.000000000000000000e+00 -9.942140579223632812e-01
1.000000000000000000e+00 -1.000000000000000000e+00 -9.999646544456481934e-01 -1.000000000000000000e+00 1.000000000000000000e+00 -9.999991655349731445e-01 -1.000000000000000000e+00 -9.999809265136718750e-01 1.000000000000000000e+00 -1.000000000000000000e+00 9.967170357704162598e-01 8.848347663879394531e-01 -9.920772314071655273e-01 9.999992847442626953e-01 -1.000000000000000000e+00 -9.942140579223632812e-01
1.000000000000000000e+00 -1.000000000000000000e+00 -9.999646544456481934e-01 -1.000000000000000000e+00 1.000000000000000000e+00 -9.999991655349731445e-01 -1.000000000000000000e+00 -9.999809265136718750e-01 1.000000000000000000e+00 -1.000000000000000000e+00 9.967170357704162598e-01 8.848345875740051270e-01 -9.920772314071655273e-01 9.999992847442626953e-01 -1.000000000000000000e+00 -9.942140579223632812e-01
1.000000000000000000e+00 -1.000000000000000000e+00 -9.999646544456481934e-01 -1.000000000000000000e+00 1.000000000000000000e+00 -9.999991655349731445e-01 -1.000000000000000000e+00 -9.999809265136718750e-01 1.000000000000000000e+00 -1.000000000000000000e+00 9.967170357704162598e-01 8.848347663879394531e-01 -9.920772314071655273e-01 9.999992847442626953e-01 -1.000000000000000000e+00 -9.942140579223632812e-01
1.000000000000000000e+00 -1.000000000000000000e+00 -9.999646544456481934e-01 -1.000000000000000000e+00 1.000000000000000000e+00 -9.999991655349731445e-01 -1.000000000000000000e+00 -9.999809265136718750e-01 1.000000000000000000e+00 -1.000000000000000000e+00 9.967170357704162598e-01 8.848345875740051270e-01 -9.920772314071655273e-01 9.999992847442626953e-01 -1.000000000000000000e+00 -9.942140579223632812e-01
1.000000000000000000e+00 -1.000000000000000000e+00 -9.999646544456481934e-01 -1.000000000000000000e+00 1.000000000000000000e+00 -9.999991655349731445e-01 -1.000000000000000000e+00 -9.999809265136718750e-01 1.000000000000000000e+00 -1.000000000000000000e+00 9.967170357704162598e-01 8.848347663879394531e-01 -9.920772314071655273e-01 9.999992847442626953e-01 -1.000000000000000000e+00 -9.942140579223632812e-01
1.000000000000000000e+00 -1.000000000000000000e+00 -9.999960064888000488e-01 -1.000000000000000000e+00 1.000000000000000000e+00 9.999593496322631836e-01 -1.000000000000000000e+00 9.998629689216613770e-01 1.000000000000000000e+00 -1.000000000000000000e+00 -9.995626807212829590e-01 9.999973177909851074e-01 -9.955686330795288086e-01 8.201678395271301270e-01 -1.000000000000000000e+00 -9.146770238876342773e-01
1.000000000000000000e+00 -1.000000000000000000e+00 -9.999994635581970215e-01 -1.000000000000000000e+00 1.000000000000000000e+00 9.999947547912597656e-01 -1.000000000000000000e+00 9.959279894828796387e-01 1.000000000000000000e+00 -1.000000000000000000e+00 -9.995183348655700684e-01 9.999743103981018066e-01 -9.257682561874389648e-01 7.827511429786682129e-01 -1.000000000000000000e+00 -9.567707777023315430e-01
1.000000000000000000e+00 -1.000000000000000000e+00 -9.999994635581970215e-01 -1.000000000000000000e+00 1.000000000000000000e+00 9.999949932098388672e-01 -1.000000000000000000e+00 9.960023164749145508e-01 1.000000000000000000e+00 -1.000000000000000000e+00 -9.995430111885070801e-01 9.999743103981018066e-01 -9.257850646972656250e-01 7.924332022666931152e-01 -1.000000000000000000e+00 -9.557530283927917480e-01
1.000000000000000000e+00 -1.000000000000000000e+00 -9.999994635581970215e-01 -1.000000000000000000e+00 1.000000000000000000e+00 9.999949932098388672e-01 -1.000000000000000000e+00 9.960184097290039062e-01 1.000000000000000000e+00 -1.000000000000000000e+00 -9.995439648628234863e-01 9.999743700027465820e-01 -9.261093735694885254e-01 7.910341620445251465e-01 -1.000000000000000000e+00 -9.557849764823913574e-01
1.000000000000000000e+00 -1.000000000000000000e+00 -9.999994635581970215e-01 -1.000000000000000000e+00 1.000000000000000000e+00 9.999949336051940918e-01 -1.000000000000000000e+00 9.960154294967651367e-01 1.000000000000000000e+00 -1.000000000000000000e+00 -9.995436668395996094e-01 9.999744296073913574e-01 -9.260560274124145508e-01 7.912136316299438477e-01 -1.000000000000000000e+00 -9.557851552963256836e-01
1.000000000000000000e+00 -1.000000000000000000e+00 -9.999995231628417969e-01 -1.000000000000000000e+00 1.000000000000000000e+00 9.999949932098388672e-01 -1.000000000000000000e+00 9.960158467292785645e-01 1.000000000000000000e+00 -1.000000000000000000e+00 -9.995436668395996094e-01 9.999743103981018066e-01 -9.260630607604980469e-01 7.911913990974426270e-01 -1.000000000000000000e+00 -9.557849168777465820e-01
1.000000000000000000e+00 -1.000000000000000000e+00 -9.999995231628417969e-01 -1.000000000000000000e+00 1.000000000000000000e+00 9.999947547912597656e-01 -1.000000000000000000e+00 9.960158467292785645e-01 1.000000000000000000e+00 -1.000000000000000000e+00 -9.995437264442443848e-01 9.999743700027465820e-01 -9.260621070861816406e-01 7.911940813064575195e-01 -1.000000000000000000e+00 -9.557848572731018066e-01
1.000000000000000000e+00 -1.000000000000000000e+00 -9.999995231628417969e-01 -1.000000000000000000e+00 1.000000000000000000e+00 9.999949932098388672e-01 -1.000000000000000000e+00 9.960158467292785645e-01 1.000000000000000000e+00 -1.000000000000000000e+00 -9.995436668395996094e-01 9.999742507934570312e-01 -9.260622262954711914e-01 7.911937236785888672e-01 -1.000000000000000000e+00 -9.557848572731018066e-01
1.000000000000000000e+00 -1.000000000000000000e+00 -9.999995231628417969e-01 -1.000000000000000000e+00 1.000000000000000000e+00 9.999949932098388672e-01 -1.000000000000000000e+00 9.960158467292785645e-01 1.000000000000000000e+00 -1.000000000000000000e+00 -9.995436668395996094e-01 9.999742507934570312e-01 -9.260622262954711914e-01 7.911937832832336426e-01 -1.000000000000000000e+00 -9.557848572731018066e-01
1.000000000000000000e+00 -1.000000000000000000e+00 -9.999995231628417969e-01 -1.000000000000000000e+00 1.000000000000000000e+00 9.999949932098388672e-01 -1.000000000000000000e+00 9.960158467292785645e-01 1.000000000000000000e+00 -1.000000000000000000e+00 -9.995436668395996094e-01 9.999742507934570312e-01 -9.260622262954711914e-01 7.911937832832336426e-01 -1.000000000000000000e+00 -9.557848572731018066e-01
1.000000000000000000e+00 -1.000000000000000000e+00 -9.999995231628417969e-01 -1.000000000000000000e+00 1.000000000000000000e+00 9.999949932098388672e-01 -1.000000000000000000e+00 9.960158467292785645e-01 1.000000000000000000e+00 -1.000000000000000000e+00 -9.995436668395996094e-01 9.999742507934570312e-01 -9.260622262954711914e-01 7.911937832832336426e-01 -1.000000000000000000e+00 -9.557848572731018066e-01
1.000000000000000000e+00 -1.000000000000000000e+00 -9.999995231628417969e-01 -1.000000000000000000e+00 1.000000000000000000e+00 9.999949932098388672e-01 -1.000000000000000000e+00 9.960158467292785645e-01 1.000000000000000000e+00 -1.000000000000000000e+00 -9.995436668395996094e-01 9.999742507934570312e-01 -9.260622262954711914e-01 7.911937832832336426e-01 -1.000000000000000000e+00 -9.557848572731018066e-01
1.000000000000000000e+00 -1.000000000000000000e+00 -9.999995231628417969e-01 -1.000000000000000000e+00 1.000000000000000000e+00 9.999949932098388672e-01 -1.000000000000000000e+00 9.960158467292785645e-01 1.000000000000000000e+00 -1.000000000000000000e+00 -9.995436668395996094e-01 9.999742507934570312e-01 -9.260622262954711914e-01 7.911937832832336426e-01 -1.000000000000000000e+00 -9.557848572731018066e-01
1.000000000000000000e+00 -1.000000000000000000e+00 -9.999995231628417969e-01 -1.000000000000000000e+00 1.000000000000000000e+00 9.999949932098388672e-01 -1.000000000000000000e+00 9.960158467292785645e-01 1.000000000000000000e+00 -1.000000000000000000e+00 -9.995436668395996094e-01 9.999742507934570312e-01 -9.260622262954711914e-01 7.911937832832336426e-01 -1.000000000000000000e+00 -9.557848572731018066e-01
1.000000000000000000e+00 -1.000000000000000000e+00 -9.999995231628417969e-01 -1.000000000000000000e+00 1.000000000000000000e+00 9.999949932098388672e-01 -1.000000000000000000e+00 9.960158467292785645e-01 1.000000000000000000e+00 -1.000000000000000000e+00 -9.995436668395996094e-01 9.999742507934570312e-01 -9.260622262954711914e-01 7.911937832832336426e-01 -1.000000000000000000e+00 -9.557848572731018066e-01
1.000000000000000000e+00 -1.000000000000000000e+00 -9.999995231628417969e-01 -1.000000000000000000e+00 1.000000000000000000e+00 9.999949932098388672e-01 -1.000000000000000000e+00 9.960158467292785645e-01 1.000000000000000000e+00 -1.000000000000000000e+00 -9.995436668395996094e-01 9.999742507934570312e-01 -9.260622262954711914e-01 7.911937832832336426e-01 -1.000000000000000000e+00 -9.557848572731018066e-01
1.000000000000000000e+00 -1.000000000000000000e+00 -9.999995231628417969e-01 -1.000000000000000000e+00 1.000000000000000000e+00 9.999949932098388672e-01 -1.000000000000000000e+00 9.960158467292785645e-01 1.000000000000000000e+00 -1.000000000000000000e+00 -9.995436668395996094e-01 9.999742507934570312e-01 -9.260622262954711914e-01 7.911937832832336426e-01 -1.000000000000000000e+00 -9.557848572731018066e-01
1.000000000000000000e+00 -1.000000000000000000e+00 -9.999995231628417969e-01 -1.000000000000000000e+00 1.000000000000000000e+00 9.999949932098388672e-01 -1.000000000000000000e+00 9.960158467292785645e-01 1.000000000000000000e+00 -1.000000000000000000e+00 -9.995436668395996094e-01 9.999742507934570312e-01 -9.260622262954711914e-01 7.911937832832336426e-01 -1.000000000000000000e+00 -9.557848572731018066e-01
1.000000000000000000e+00 -1.000000000000000000e+00 -9.999995231628417969e-01 -1.000000000000000000e+00 1.000000000000000000e+00 9.999949932098388672e-01 -1.000000000000000000e+00 9.960158467292785645e-01 1.000000000000000000e+00 -1.000000000000000000e+00 -9.995436668395996094e-01 9.999742507934570312e-01 -9.260622262954711914e-01 7.911937832832336426e-01 -1.000000000000000000e+00 -9.557848572731018066e-01
1.000000000000000000e+00 -1.000000000000000000e+00 -9.999995231628417969e-01 -1.000000000000000000e+00 1.000000000000000000e+00 9.999949932098388672e-01 -1.000000000000000000e+00 9.960158467292785645e-01 1.000000000000000000e+00 -1.000000000000000000e+00 -9.995436668395996094e-01 9.999742507934570312e-01 -9.260622262954711914e-01 7.911937832832336426e-01 -1.000000000000000000e+00 -9.557848572731018066e-01
1.000000000000000000e+00 -1.000000000000000000e+00 -9.999995231628417969e-01 -1.000000000000000000e+00 1.000000000000000000e+00 9.999949932098388672e-01 -1.000000000000000000e+00 9.960158467292785645e-01 1.000000000000000000e+00 -1.000000000000000000e+00 -9.995436668395996094e-01 9.999742507934570312e-01 -9.260622262954711914e-01 7.911937832832336426e-01 -1.000000000000000000e+00 -9.557848572731018066e-01
1.000000000000000000e+00 -1.000000000000000000e+00 -9.999995231628417969e-01 -1.000000000000000000e+00 1.000000000000000000e+00 9.999949932098388672e-01 -1.000000000000000000e+00 9.960158467292785645e-01 1.000000000000000000e+00 -1.000000000000000000e+00 -9.995436668395996094e-01 9.999742507934570312e-01 -9.260622262954711914e-01 7.911937832832336426e-01 -1.000000000000000000e+00 -9.557848572731018066e-01
1.000000000000000000e+00 -1.000000000000000000e+00 -9.999995231628417969e-01 -1.000000000000000000e+00 1.000000000000000000e+00 9.999949932098388672e-01 -1.000000000000000000e+00 9.960158467292785645e-01 1.000000000000000000e+00 -1.000000000000000000e+00 -9.995436668395996094e-01 9.999742507934570312e-01 -9.260622262954711914e-01 7.911937832832336426e-01 -1.000000000000000000e+00 -9.557848572731018066e-01
1.000000000000000000e+00 -1.000000000000000000e+00 -9.999995231628417969e-01 -1.000000000000000000e+00 1.000000000000000000e+00 9.999949932098388672e-01 -1.000000000000000000e+00 9.960158467292785645e-01 1.000000000000000000e+00 -1.000000000000000000e+00 -9.995436668395996094e-01 9.999742507934570312e-01 -9.260622262954711914e-01 7.911937832832336426e-01 -1.000000000000000000e+00 -9.557848572731018066e-01
1.000000000000000000e+00 -1.000000000000000000e+00 -9.999995231628417969e-01 -1.000000000000000000e+00 1.000000000000000000e+00 9.999949932098388672e-01 -1.000000000000000000e+00 9.960158467292785645e-01 1.000000000000000000e+00 -1.000000000000000000e+00 -9.995436668395996094e-01 9.999742507934570312e-01 -9.260622262954711914e-01 7.911937832832336426e-01 -1.000000000000000000e+00 -9.557848572731018066e-01
1.000000000000000000e+00 -1.000000000000000000e+00 -9.999995231628417969e-01 -1.000000000000000000e+00 1.000000000000000000e+00 9.999949932098388672e-01 -1.000000000000000000e+00 9.960158467292785645e-01 1.000000000000000000e+00 -1.000000000000000000e+00 -9.995436668395996094e-01 9.999742507934570312e-01 -9.260622262954711914e-01 7.911937832832336426e-01 -1.000000000000000000e+00 -9.557848572731018066e-01
1.000000000000000000e+00 -1.000000000000000000e+00 -9.999995231628417969e-01 -1.000000000000000000e+00 1.000000000000000000e+00 9.999949932098388672e-01 -1.000000000000000000e+00 9.960158467292785645e-01 1.000000000000000000e+00 -1.000000000000000000e+00 -9.995436668395996094e-01 9.999742507934570312e-01 -9.260622262954711914e-01 7.911937832832336426e-01 -1.000000000000000000e+00 -9.557848572731018066e-01
1.000000000000000000e+00 -1.000000000000000000e+00 -9.999995231628417969e-01 -1.000000000000000000e+00 1.000000000000000000e+00 9.999949932098388672e-01 -1.000000000000000000e+00 9.960158467292785645e-01 1.000000000000000000e+00 -1.000000000000000000e+00 -9.995436668395996094e-01 9.999742507934570312e-01 -9.260622262954711914e-01 7.911937832832336426e-01 -1.000000000000000000e+00 -9.557848572731018066e-01
1.000000000000000000e+00 -1.000000000000000000e+00 -9.999995231628417969e-01 -1.000000000000000000e+00 1.000000000000000000e+00 9.999949932098388672e-01 -1.000000000000000000e+00 9.960158467292785645e-01 1.000000000000000000e+00 -1.000000000000000000e+00 -9.995436668395996094e-01 9.999742507934570312e-01 -9.260622262954711914e-01 7.911937832832336426e-01 -1.000000000000000000e+00 -9.557848572731018066e-01
1.000000000000000000e+00 -1.000000000000000000e+00 -9.999995231628417969e-01 -1.000000000000000000e+00 1.000000000000000000e+00 9.999949932098388672e-01 -1.000000000000000000e+00 9.960158467292785645e-01 1.000000000000000000e+00 -1.000000000000000000e+00 -9.995436668395996094e-01 9.999742507934570312e-01 -9.260622262954711914e-01 7.911937832832336426e-01 -1.000000000000000000e+00 -9.557848572731018066e-01
1.000000000000000000e+00 -1.000000000000000000e+00 -9.999448060989379883e-01 -1.000000000000000000e+00 1.000000000000000000e+00 9.982452392578125000e-01 -1.000000000000000000e+00 9.347366690635681152e-01 1.000000000000000000e+00 -1.000000000000000000e+00 -9.997797608375549316e-01 9.999977946281433105e-01 -9.970749020576477051e-01 8.142237067222595215e-01 -1.000000000000000000e+00 -3.301900327205657959e-01
1.000000000000000000e+00 -1.000000000000000000e+00 -9.999645352363586426e-01 -1.000000000000000000e+00 1.000000000000000000e+00 9.965642094612121582e-01 -1.000000000000000000e+00 9.366246461868286133e-01 1.000000000000000000e+00 -1.000000000000000000e+00 -9.997653365135192871e-01 9.999977946281433105e-01 -9.971284866333007812e-01 8.362202644348144531e-01 -1.000000000000000000e+00 -3.033808469772338867e-01
1.000000000000000000e+00 -1.000000000000000000e+00 -9.999650716781616211e-01 -1.000000000000000000e+00 1.000000000000000000e+00 9.965010881423950195e-01 -1.000000000000000000e+00 9.375133514404296875e-01 1.000000000000000000e+00 -1.000000000000000000e+00 -9.997664690017700195e-01 9.999976754188537598e-01 -9.971475601196289062e-01 8.341605067253112793e-01 -1.000000000000000000e+00 -3.034281134605407715e-01
1.000000000000000000e+00 -1.000000000000000000e+00 -9.999650716781616211e-01 -1.000000000000000000e+00 1.000000000000000000e+00 9.965007305145263672e-01 -1.000000000000000000e+00 9.374810457229614258e-01 1.000000000000000000e+00 -1.000000000000000000e+00 -9.997662901878356934e-01 9.999977350234985352e-01 -9.971420764923095703e-01 8.343054652214050293e-01 -1.000000000000000000e+00 -3.035196661949157715e-01
1.000000000000000000e+00 -1.000000000000000000e+00 -9.999650120735168457e-01 -1.000000000000000000e+00 1.000000000000000000e+00 9.965010881423950195e-01 -1.000000000000000000e+00 9.374834895133972168e-01 1.000000000000000000e+00 -1.000000000000000000e+00 -9.997663497924804688e-01 9.999976754188537598e-01 -9.971423745155334473e-01 8.342885375022888184e-01 -1.000000000000000000e+00 -3.035225868225097656e-01
1.000000000000000000e+00 -1.000000000000000000e+00 -9.999650120735168457e-01 -1.000000000000000000e+00 1.000000000000000000e+00 9.965011477470397949e-01 -1.000000000000000000e+00 9.374834299087524414e-01 1.000000000000000000e+00 -1.000000000000000000e+00 -9.997662901878356934e-01 9.999976158142089844e-01 -9.971423745155334473e-01 8.342899084091186523e-01 -1.000000000000000000e+00 -3.035231828689575195e-01
1.000000000000000000e+00 -1.000000000000000000e+00 -9.999648928642272949e-01 -1.000000000000000000e+00 1.000000000000000000e+00 9.965011477470397949e-01 -1.000000000000000000e+00 9.374834299087524414e-01 1.000000000000000000e+00 -1.000000000000000000e+00 -9.997662901878356934e-01 9.999976754188537598e-01 -9.971423745155334473e-01 8.342899084091186523e-01 -1.000000000000000000e+00 -3.035230636596679688e-01
1.000000000000000000e+00 -1.000000000000000000e+00 -9.999648928642272949e-01 -1.000000000000000000e+00 1.000000000000000000e+00 9.965011477470397949e-01 -1.000000000000000000e+00 9.374834299087524414e-01 1.000000000000000000e+00 -1.000000000000000000e+00 -9.997662901878356934e-01 9.999976754188537598e-01 -9.971423745155334473e-01 8.342899084091186523e-01 -1.000000000000000000e+00 -3.035230636596679688e-01
1.000000000000000000e+00 -1.000000000000000000e+00 -9.999648928642272949e-01 -1.000000000000000000e+00 1.000000000000000000e+00 9.965011477470397949e-01 -1.000000000000000000e+00 9.374834299087524414e-01 1.000000000000000000e+00 -1.000000000000000000e+00 -9.997662901878356934e-01 9.999976754188537598e-01 -9.971423745155334473e-01 8.342899084091186523e-01 -1.000000000000000000e+00 -3.035230636596679688e-01
