-4.168771803379058838e-01 -7.142793536186218262e-01 9.926517009735107422e-01 4.902462065219879150e-01 2.393449693918228149e-01 7.386029511690139771e-02 -8.897580504417419434e-01 -4.911352992057800293e-01 -7.966539263725280762e-01 -9.939127564430236816e-01 2.631601989269256592e-01 -8.602128028869628906e-01 8.825589418411254883e-01 3.116699159145355225e-01 -7.711802124977111816e-01 8.164553046226501465e-01
-3.323985934257507324e-01 -7.596583962440490723e-01 9.895624518394470215e-01 4.854362010955810547e-01 2.514363825321197510e-01 4.052532017230987549e-01 -8.403019309043884277e-01 -3.700911700725555420e-01 -6.440603733062744141e-01 -9.913092255592346191e-01 2.212964594364166260e-01 -8.572104573249816895e-01 8.968308568000793457e-01 2.457078099250793457e-01 -7.042134404182434082e-01 8.215447068214416504e-01
-4.107891917228698730e-01 -7.970829606056213379e-01 9.889573454856872559e-01 3.687777519226074219e-01 3.984984755516052246e-01 3.340663611888885498e-01 -8.674838542938232422e-01 -3.595894277095794678e-01 -6.825378537178039551e-01 -9.894080758094787598e-01 8.680731058120727539e-02 -8.949365615844726562e-01 8.694473505020141602e-01 2.320305258035659790e-01 -7.188345789909362793e-01 8.246235847473144531e-01
-4.942137300968170166e-01 -7.771996855735778809e-01 9.894322752952575684e-01 4.370709955692291260e-01 3.654756844043731689e-01 2.180418819189071655e-01 -8.596214652061462402e-01 -3.582566678524017334e-01 -7.103655934333801270e-01 -9.903621673583984375e-01 1.879050433635711670e-01 -8.802799582481384277e-01 8.557981848716735840e-01 3.066083788871765137e-01 -7.305215001106262207e-01 8.350484371185302734e-01
-3.911637961864471436e-01 -7.429479360580444336e-01 9.903295040130615234e-01 4.536722004413604736e-01 2.987750470638275146e-01 2.950764298439025879e-01 -8.602194190025329590e-01 -3.707555532455444336e-01 -7.000889182090759277e-01 -9.908552765846252441e-01 2.165490239858627319e-01 -8.810362815856933594e-01 8.690846562385559082e-01 3.199507892131805420e-01 -7.410359382629394531e-01 8.322142958641052246e-01
-3.800140321254730225e-01 -7.703395485877990723e-01 9.893605113029479980e-01 4.280239343643188477e-01 3.584992289543151855e-01 3.397192358970642090e-01 -8.619688153266906738e-01 -3.907221853733062744e-01 -6.914007067680358887e-01 -9.902173280715942383e-01 1.642026007175445557e-01 -8.838731050491333008e-01 8.707078099250793457e-01 2.634029984474182129e-01 -7.250286936759948730e-01 8.357670307159423828e-01
-4.462196528911590576e-01 -7.767270803451538086e-01 9.892686605453491211e-01 4.279966056346893311e-01 3.601234555244445801e-01 2.796252071857452393e-01 -8.633053898811340332e-01 -3.662466406822204590e-01 -6.982487440109252930e-01 -9.903085231781005859e-01 1.619992703199386597e-01 -8.865147829055786133e-01 8.639188408851623535e-01 2.561180591583251953e-01 -7.189992070198059082e-01 8.389798998832702637e-01
-4.370913803577423096e-01 -7.605605125427246094e-01 9.897481799125671387e-01 4.345189034938812256e-01 3.272545337677001953e-01 2.754920423030853271e-01 -8.616816997528076172e-01 -3.610521852970123291e-01 -6.990181207656860352e-01 -9.905475974082946777e-01 1.905323266983032227e-01 -8.838750720024108887e-01 8.688592314720153809e-01 2.985059320926666260e-01 -7.351590991020202637e-01 8.321567773818969727e-01
-3.991006314754486084e-01 -7.636468410491943359e-01 9.897614121437072754e-01 4.383030831813812256e-01 3.406985700130462646e-01 3.090457022190093994e-01 -8.618000149726867676e-01 -3.788252174854278564e-01 -6.962468028068542480e-01 -9.904108643531799316e-01 1.870447844266891479e-01 -8.830659389495849609e-01 8.696114420890808105e-01 2.925322651863098145e-01 -7.347016334533691406e-01 8.327097892761230469e-01
-4.139963686466217041e-01 -7.706489562988281250e-01 9.895034432411193848e-01 4.319755434989929199e-01 3.528533279895782471e-01 3.031741380691528320e-01 -8.628666996955871582e-01 -3.759789168834686279e-01 -6.957747340202331543e-01 -9.903841018676757812e-01 1.709977090358734131e-01 -8.849830031394958496e-01 8.661901354789733887e-01 2.673748433589935303e-01 -7.240375876426696777e-01 8.379591107368469238e-01
-4.328474700450897217e-01 -7.675520181655883789e-01 9.895127415657043457e-01 4.308080375194549561e-01 3.425742089748382568e-01 2.853675782680511475e-01 -8.622435331344604492e-01 -3.669524788856506348e-01 -6.976749300956726074e-01 -9.904320240020751953e-01 1.764048784971237183e-01 -8.849856853485107422e-01 8.672243952751159668e-01 2.781189382076263428e-01 -7.279484868049621582e-01 8.356952071189880371e-01
-5.843521952629089355e-01 -7.313181161880493164e-01 9.923098683357238770e-01 5.203300118446350098e-01 4.568531811237335205e-01 2.593045532703399658e-01 -9.004340767860412598e-01 -1.976165920495986938e-01 -7.060158848762512207e-01 -9.896391630172729492e-01 3.689259290695190430e-01 -8.949297666549682617e-01 9.054620862007141113e-01 4.713933467864990234e-01 -8.827396035194396973e-01 8.526481986045837402e-01
-4.144597351551055908e-01 -6.776667833328247070e-01 9.945251941680908203e-01 5.400348305702209473e-01 4.149710237979888916e-01 3.465418517589569092e-01 -9.332005381584167480e-01 -2.923146188259124756e-01 -7.083298563957214355e-01 -9.904919266700744629e-01 4.130944311618804932e-01 -9.122502803802490234e-01 9.011965394020080566e-01 5.357795953750610352e-01 -8.998413085937500000e-01 8.996320366859436035e-01
-3.875631392002105713e-01 -7.190374135971069336e-01 9.931398630142211914e-01 5.334253907203674316e-01 4.640931189060211182e-01 3.969177603721618652e-01 -9.325282573699951172e-01 -3.230348825454711914e-01 -7.103926539421081543e-01 -9.903072118759155273e-01 3.772282004356384277e-01 -9.162909388542175293e-01 9.025195837020874023e-01 4.270943403244018555e-01 -8.831026554107666016e-01 9.132390022277832031e-01
-4.723756909370422363e-01 -7.276630997657775879e-01 9.930228590965270996e-01 5.206050276756286621e-01 4.591650366783142090e-01 3.390282988548278809e-01 -9.325415492057800293e-01 -2.871259152889251709e-01 -6.998028159141540527e-01 -9.905535578727722168e-01 3.588513731956481934e-01 -9.208973646163940430e-01 9.022173881530761719e-01 4.110487401485443115e-01 -8.789022564888000488e-01 9.146781563758850098e-01
-4.656156599521636963e-01 -7.122183442115783691e-01 9.933272600173950195e-01 5.287231802940368652e-01 4.345948696136474609e-01 3.229064941406250000e-01 -9.323104619979858398e-01 -2.743265628814697266e-01 -7.028561830520629883e-01 -9.907038807868957520e-01 3.875096738338470459e-01 -9.186297655105590820e-01 9.051746726036071777e-01 4.628855586051940918e-01 -8.901126980781555176e-01 9.081961512565612793e-01
-4.254661500453948975e-01 -7.119526267051696777e-01 9.933670163154602051e-01 5.293031334877014160e-01 4.395989775657653809e-01 3.567856252193450928e-01 -9.322072267532348633e-01 -2.986938357353210449e-01 -7.031108736991882324e-01 -9.906286001205444336e-01 3.883431851863861084e-01 -9.172523021697998047e-01 9.049301743507385254e-01 4.625669419765472412e-01 -8.901977539062500000e-01 9.091333746910095215e-01
-4.357995390892028809e-01 -7.215937376022338867e-01 9.931684732437133789e-01 5.274732708930969238e-01 4.531967937946319580e-01 3.556478321552276611e-01 -9.320427775382995605e-01 -2.981761991977691650e-01 -7.024239897727966309e-01 -9.905582070350646973e-01 3.749811351299285889e-01 -9.186764359474182129e-01 9.030687808990478516e-01 4.361422955989837646e-01 -8.849854469299316406e-01 9.117643237113952637e-01
-4.539826810359954834e-01 -7.187988758087158203e-01 9.932047128677368164e-01 5.258892774581909180e-01 4.464452862739562988e-01 3.393760621547698975e-01 -9.321347475051879883e-01 -2.867184877395629883e-01 -7.014995813369750977e-01 -9.906448125839233398e-01 3.765207231044769287e-01 -9.189640283584594727e-01 9.033927321434020996e-01 4.427479207515716553e-01 -8.858799338340759277e-01 9.110698103904724121e-01
-4.446610212326049805e-01 -7.150344848632812500e-01 9.932799935340881348e-01 5.280205011367797852e-01 4.418576955795288086e-01 3.431349992752075195e-01 -9.321025609970092773e-01 -2.893802523612976074e-01 -7.025681138038635254e-01 -9.906427264213562012e-01 3.831420242786407471e-01 -9.181447625160217285e-01 9.042584896087646484e-01 4.545249938964843750e-01 -8.884221315383911133e-01 9.097271561622619629e-01
-4.376369714736938477e-01 -7.169923186302185059e-01 9.932530522346496582e-01 5.280563831329345703e-01 4.458927512168884277e-01 3.506366312503814697e-01 -9.320963025093078613e-01 -2.945540249347686768e-01 -7.026087641716003418e-01 -9.906117320060729980e-01 3.808662295341491699e-01 -9.181811809539794922e-01 9.038759469985961914e-01 4.487043321132659912e-01 -8.873232007026672363e-01 9.104521870613098145e-01
-4.438244998455047607e-01 -7.185431718826293945e-01 9.932179450988769531e-01 5.270757079124450684e-01 4.474601149559020996e-01 3.471390008926391602e-01 -9.321036338806152344e-01 -2.921194434165954590e-01 -7.021630406379699707e-01 -9.906139373779296875e-01 3.780484795570373535e-01 -9.185866713523864746e-01 9.035467505455017090e-01 4.440379738807678223e-01 -8.863292932510375977e-01 9.109340906143188477e-01
-4.460445642471313477e-01 -7.172024250030517578e-01 9.932407140731811523e-01 5.272567868232727051e-01 4.450757801532745361e-01 3.441228568553924561e-01 -9.321127533912658691e-01 -2.900415658950805664e-01 -7.022139430046081543e-01 -9.906308650970458984e-01 3.798137009143829346e-01 -9.184862375259399414e-01 9.038039445877075195e-01 4.479717314243316650e-01 -8.870816826820373535e-01 9.104824066162109375e-01
-4.424528181552886963e-01 -7.167113423347473145e-01 9.932532310485839844e-01 5.277143120765686035e-01 4.447951614856719971e-01 3.465373516082763672e-01 -9.321075081825256348e-01 -2.917112112045288086e-01 -7.024356126785278320e-01 -9.906256794929504395e-01 3.808542191982269287e-01 -9.183058142662048340e-01 9.039165973663330078e-01 4.494642019271850586e-01 -8.874252438545227051e-01 9.103357195854187012e-01
-4.421117007732391357e-01 -7.174934148788452148e-01 9.932392835617065430e-01 5.275236964225769043e-01 4.460604190826416016e-01 3.475371301174163818e-01 -9.321044087409973145e-01 -2.923981547355651855e-01 -7.023583650588989258e-01 -9.906182885169982910e-01 3.797421753406524658e-01 -9.183959364891052246e-01 9.037645459175109863e-01 4.471688866615295410e-01 -8.869738578796386719e-01 9.105952382087707520e-01
-4.439917802810668945e-01 -7.175722122192382812e-01 9.932359457015991211e-01 5.273359417915344238e-01 4.459286034107208252e-01 3.461061120033264160e-01 -9.321081638336181641e-01 -2.914101779460906982e-01 -7.022649645805358887e-01 -9.906225204467773438e-01 3.794601261615753174e-01 -9.184677004814147949e-01 9.037396311759948730e-01 4.469116032123565674e-01 -8.868983983993530273e-01 9.106135964393615723e-01
-4.437585175037384033e-01 -7.171612977981567383e-01 9.932437539100646973e-01 5.274717807769775391e-01 4.453197717666625977e-01 3.459120988845825195e-01 -9.321088194847106934e-01 -2.912774682044982910e-01 -7.023233175277709961e-01 -9.906252622604370117e-01 3.800804615020751953e-01 -9.184069633483886719e-01 9.038218259811401367e-01 4.481226205825805664e-01 -8.871420025825500488e-01 9.104793071746826172e-01
-4.428624808788299561e-01 -7.172102928161621094e-01 9.932436347007751465e-01 5.275372266769409180e-01 4.455175399780273438e-01 3.466741740703582764e-01 -9.321068525314331055e-01 -2.918034493923187256e-01 -7.023578882217407227e-01 -9.906226396560668945e-01 3.800890445709228516e-01 -9.183839559555053711e-01 9.038166999816894531e-01 4.479917287826538086e-01 -8.871276974678039551e-01 9.104988574981689453e-01
-4.431731104850769043e-01 -7.174064517021179199e-01 9.932398200035095215e-01 5.274548530578613281e-01 4.457812011241912842e-01 3.466075956821441650e-01 -9.321069717407226562e-01 -2.917569279670715332e-01 -7.023211121559143066e-01 -9.906218051910400391e-01 3.797751367092132568e-01 -9.184194803237915039e-01 9.037764072418212891e-01 4.474104642868041992e-01 -8.870082497596740723e-01 9.105622768402099609e-01
-4.435568749904632568e-01 -7.173394560813903809e-01 9.932406544685363770e-01 5.274397730827331543e-01 4.456247985363006592e-01 3.462385237216949463e-01 -9.321079254150390625e-01 -2.915022373199462891e-01 -7.023117542266845703e-01 -9.906232953071594238e-01 3.798387944698333740e-01 -9.184234142303466797e-01 9.037876725196838379e-01 4.476021230220794678e-01 -8.870413303375244141e-01 9.105387330055236816e-01
-4.433178007602691650e-01 -7.172551751136779785e-01 9.932424426078796387e-01 5.274844765663146973e-01 4.455257356166839600e-01 3.463518023490905762e-01 -9.321076869964599609e-01 -2.915805876255035400e-01 -7.023322582244873047e-01 -9.906232953071594238e-01 3.799831271171569824e-01 -9.184047579765319824e-01 9.038055539131164551e-01 4.478534460067749023e-01 -8.870944380760192871e-01 9.105119705200195312e-01
-4.431759715080261230e-01 -7.173070907592773438e-01 9.932416081428527832e-01 5.274824500083923340e-01 4.456258714199066162e-01 3.465130329132080078e-01 -9.321073293685913086e-01 -2.916920185089111328e-01 -7.023325562477111816e-01 -9.906226396560668945e-01 3.799201846122741699e-01 -9.184067845344543457e-01 9.037960171699523926e-01 4.477030336856842041e-01 -8.870663642883300781e-01 9.105296134948730469e-01
-4.433268904685974121e-01 -7.173382043838500977e-01 9.932408928871154785e-01 5.274604558944702148e-01 4.456538856029510498e-01 3.464213013648986816e-01 -9.321075081825256348e-01 -2.916283309459686279e-01 -7.023221850395202637e-01 -9.906226992607116699e-01 3.798610866069793701e-01 -9.184157252311706543e-01 9.037891626358032227e-01 4.476092755794525146e-01 -8.870457410812377930e-01 9.105392098426818848e-01
-4.433655440807342529e-01 -7.173054218292236328e-01 9.932414293289184570e-01 5.274662375450134277e-01 4.455974996089935303e-01 3.463597893714904785e-01 -9.321075677871704102e-01 -2.915862798690795898e-01 -7.023242712020874023e-01 -9.906231164932250977e-01 3.799056112766265869e-01 -9.184126853942871094e-01 9.037954211235046387e-01 4.477053284645080566e-01 -8.870643377304077148e-01 9.105283021926879883e-01
-4.432813823223114014e-01 -7.172967195510864258e-01 9.932416677474975586e-01 5.274761319160461426e-01 4.455953836441040039e-01 3.464191854000091553e-01 -9.321075081825256348e-01 -2.916271388530731201e-01 -7.023290395736694336e-01 -9.906229972839355469e-01 3.799257576465606689e-01 -9.184088110923767090e-01 9.037976264953613281e-01 4.477318823337554932e-01 -8.870705962181091309e-01 9.105256795883178711e-01
-4.432798326015472412e-01 -7.173150181770324707e-01 9.932413101196289062e-01 5.274711251258850098e-01 4.456241428852081299e-01 3.464374244213104248e-01 -9.321073889732360840e-01 -2.916396260261535645e-01 -7.023269534111022949e-01 -9.906228184700012207e-01 3.798991143703460693e-01 -9.184113144874572754e-01 9.037938714027404785e-01 4.476779401302337646e-01 -8.870599269866943359e-01 9.105318188667297363e-01
-4.433222711086273193e-01 -7.173154354095458984e-01 9.932412505149841309e-01 5.274673104286193848e-01 4.456190168857574463e-01 3.464037775993347168e-01 -9.321075081825256348e-01 -2.916163504123687744e-01 -7.023250460624694824e-01 -9.906229376792907715e-01 3.798947930335998535e-01 -9.184125661849975586e-01 9.037936329841613770e-01 4.476763010025024414e-01 -8.870591521263122559e-01 9.105316996574401855e-01
-4.433140158653259277e-01 -7.173059582710266113e-01 9.932416081428527832e-01 5.274705886840820312e-01 4.456055462360382080e-01 3.464018404483795166e-01 -9.321075677871704102e-01 -2.916149795055389404e-01 -7.023265361785888672e-01 -9.906229972839355469e-01 3.799090683460235596e-01 -9.184111356735229492e-01 9.037955999374389648e-01 4.477039575576782227e-01 -8.870646953582763672e-01 9.105286598205566406e-01
-4.432943463325500488e-01 -7.173077464103698730e-01 9.932414889335632324e-01 5.274718403816223145e-01 4.456109404563903809e-01 3.464190959930419922e-01 -9.321075081825256348e-01 -2.916270196437835693e-01 -7.023272514343261719e-01 -9.906229972839355469e-01 3.799084424972534180e-01 -9.184108376502990723e-01 9.037953615188598633e-01 4.476989209651947021e-01 -8.870640397071838379e-01 9.105293154716491699e-01
-4.433030188083648682e-01 -7.173119783401489258e-01 9.932413101196289062e-01 5.274699330329895020e-01 4.456164240837097168e-01 3.464162945747375488e-01 -9.321075081825256348e-01 -2.916249036788940430e-01 -7.023263573646545410e-01 -9.906228184700012207e-01 3.799013197422027588e-01 -9.184116125106811523e-01 9.037944674491882324e-01 4.476863741874694824e-01 -8.870614171028137207e-01 9.105306267738342285e-01
-4.433107674121856689e-01 -7.173103690147399902e-01 9.932413101196289062e-01 5.274696946144104004e-01 4.456128478050231934e-01 3.464083075523376465e-01 -9.321075081825256348e-01 -2.916196286678314209e-01 -7.023261785507202148e-01 -9.906229972839355469e-01 3.799031674861907959e-01 -9.184117317199707031e-01 9.037947654724121094e-01 4.476911127567291260e-01 -8.870622515678405762e-01 9.105300903320312500e-01
-4.433051347732543945e-01 -7.173084020614624023e-01 9.932414293289184570e-01 5.274707674980163574e-01 4.456105530261993408e-01 3.464110791683197021e-01 -9.321075677871704102e-01 -2.916214466094970703e-01 -7.023266553878784180e-01 -9.906229972839355469e-01 3.799063563346862793e-01 -9.184111356735229492e-01 9.037950038909912109e-01 4.476968050003051758e-01 -8.870633840560913086e-01 9.105294942855834961e-01
-4.433020055294036865e-01 -7.173097133636474609e-01 9.932414293289184570e-01 5.274707078933715820e-01 4.456129372119903564e-01 3.464148342609405518e-01 -9.321075081825256348e-01 -2.916239202022552490e-01 -7.023266553878784180e-01 -9.906230568885803223e-01 3.799048662185668945e-01 -9.184113144874572754e-01 9.037948846817016602e-01 4.476933181285858154e-01 -8.870627284049987793e-01 9.105300307273864746e-01
-4.433056414127349854e-01 -7.173103094100952148e-01 9.932415485382080078e-01 5.274702310562133789e-01 4.456133842468261719e-01 3.464125692844390869e-01 -9.321075081825256348e-01 -2.916224002838134766e-01 -7.023264765739440918e-01 -9.906230568885803223e-01 3.799035251140594482e-01 -9.184114933013916016e-01 9.037948250770568848e-01 4.476912915706634521e-01 -8.870623111724853516e-01 9.105301499366760254e-01
-4.433062970638275146e-01 -7.173095345497131348e-01 9.932414293289184570e-01 5.274704098701477051e-01 4.456121325492858887e-01 3.464113175868988037e-01 -9.321075677871704102e-01 -2.916215062141418457e-01 -7.023264765739440918e-01 -9.906229376792907715e-01 3.799046576023101807e-01 -9.184113740921020508e-01 9.037948846817016602e-01 4.476934969425201416e-01 -8.870627284049987793e-01 9.105299115180969238e-01
-4.433043897151947021e-01 -7.173092961311340332e-01 9.932414293289184570e-01 5.274705886840820312e-01 4.456120729446411133e-01 3.464125692844390869e-01 -9.321075677871704102e-01 -2.916224598884582520e-01 -7.023265361785888672e-01 -9.906229376792907715e-01 3.799051344394683838e-01 -9.184113144874572754e-01 9.037948250770568848e-01 4.476941227912902832e-01 -8.870629072189331055e-01 9.105297923088073730e-01
-4.433044791221618652e-01 -7.173098325729370117e-01 9.932414293289184570e-01 5.274704098701477051e-01 4.456127583980560303e-01 3.464130461215972900e-01 -9.321075677871704102e-01 -2.916227281093597412e-01 -7.023264765739440918e-01 -9.906230568885803223e-01 3.799043893814086914e-01 -9.184113740921020508e-01 9.037948250770568848e-01 4.476928412914276123e-01 -8.870626091957092285e-01 9.105300307273864746e-01
-4.433053731918334961e-01 -7.173097133636474609e-01 9.932414293289184570e-01 5.274702906608581543e-01 4.456125795841217041e-01 3.464122414588928223e-01 -9.321075677871704102e-01 -2.916222810745239258e-01 -7.023264765739440918e-01 -9.906229376792907715e-01 3.799043893814086914e-01 -9.184113740921020508e-01 9.037948250770568848e-01 4.476929306983947754e-01 -8.870626091957092285e-01 9.105300307273864746e-01
-4.433051347732543945e-01 -7.173094749450683594e-01 9.932414293289184570e-01 5.274704098701477051e-01 4.456123411655426025e-01 3.464121222496032715e-01 -9.321075081825256348e-01 -2.916221022605895996e-01 -7.023264765739440918e-01 -9.906229376792907715e-01 3.799048662185668945e-01 -9.184114336967468262e-01 9.037948250770568848e-01 4.476935565471649170e-01 -8.870627880096435547e-01 9.105298519134521484e-01
-4.433047175407409668e-01 -7.173095941543579102e-01 9.932414293289184570e-01 5.274704694747924805e-01 4.456124305725097656e-01 3.464125096797943115e-01 -9.321075677871704102e-01 -2.916224002838134766e-01 -7.023265361785888672e-01 -9.906230568885803223e-01 3.799047768115997314e-01 -9.184114336967468262e-01 9.037948250770568848e-01 4.476934075355529785e-01 -8.870627284049987793e-01 9.105299115180969238e-01
-4.433048367500305176e-01 -7.173097133636474609e-01 9.932414293289184570e-01 5.274704098701477051e-01 4.456124007701873779e-01 3.464125692844390869e-01 -9.321075081825256348e-01 -2.916224300861358643e-01 -7.023265361785888672e-01 -9.906230568885803223e-01 3.799047768115997314e-01 -9.184114336967468262e-01 9.037948250770568848e-01 4.476933777332305908e-01 -8.870627284049987793e-01 9.105299115180969238e-01
-4.433048367500305176e-01 -7.173097133636474609e-01 9.932414293289184570e-01 5.274704098701477051e-01 4.456124007701873779e-01 3.464125692844390869e-01 -9.321075081825256348e-01 -2.916224300861358643e-01 -7.023265361785888672e-01 -9.906230568885803223e-01 3.799047768115997314e-01 -9.184114336967468262e-01 9.037948250770568848e-01 4.476933777332305908e-01 -8.870627284049987793e-01 9.105299115180969238e-01
-4.433048367500305176e-01 -7.173097133636474609e-01 9.932414293289184570e-01 5.274704098701477051e-01 4.456124007701873779e-01 3.464125692844390869e-01 -9.321075081825256348e-01 -2.916224300861358643e-01 -7.023265361785888672e-01 -9.906230568885803223e-01 3.799047768115997314e-01 -9.184114336967468262e-01 9.037948250770568848e-01 4.476933777332305908e-01 -8.870627284049987793e-01 9.105299115180969238e-01
-4.433048367500305176e-01 -7.173097133636474609e-01 9.932414293289184570e-01 5.274704098701477051e-01 4.456124007701873779e-01 3.464125692844390869e-01 -9.321075081825256348e-01 -2.916224300861358643e-01 -7.023265361785888672e-01 -9.906230568885803223e-01 3.799047768115997314e-01 -9.184114336967468262e-01 9.037948250770568848e-01 4.476933777332305908e-01 -8.870627284049987793e-01 9.105299115180969238e-01
-4.433048367500305176e-01 -7.173097133636474609e-01 9.932414293289184570e-01 5.274704098701477051e-01 4.456124007701873779e-01 3.464125692844390869e-01 -9.321075081825256348e-01 -2.916224300861358643e-01 -7.023265361785888672e-01 -9.906230568885803223e-01 3.799047768115997314e-01 -9.184114336967468262e-01 9.037948250770568848e-01 4.476933777332305908e-01 -8.870627284049987793e-01 9.105299115180969238e-01
-4.433048367500305176e-01 -7.173097133636474609e-01 9.932414293289184570e-01 5.274704098701477051e-01 4.456124007701873779e-01 3.464125692844390869e-01 -9.321075081825256348e-01 -2.916224300861358643e-01 -7.023265361785888672e-01 -9.906230568885803223e-01 3.799047768115997314e-01 -9.184114336967468262e-01 9.037948250770568848e-01 4.476933777332305908e-01 -8.870627284049987793e-01 9.105299115180969238e-01
-4.433048367500305176e-01 -7.173097133636474609e-01 9.932414293289184570e-01 5.274704098701477051e-01 4.456124007701873779e-01 3.464125692844390869e-01 -9.321075081825256348e-01 -2.916224300861358643e-01 -7.023265361785888672e-01 -9.906230568885803223e-01 3.799047768115997314e-01 -9.184114336967468262e-01 9.037948250770568848e-01 4.476933777332305908e-01 -8.870627284049987793e-01 9.105299115180969238e-01
-4.433048367500305176e-01 -7.173097133636474609e-01 9.932414293289184570e-01 5.274704098701477051e-01 4.456124007701873779e-01 3.464125692844390869e-01 -9.321075081825256348e-01 -2.916224300861358643e-01 -7.023265361785888672e-01 -9.906230568885803223e-01 3.799047768115997314e-01 -9.184114336967468262e-01 9.037948250770568848e-01 4.476933777332305908e-01 -8.870627284049987793e-01 9.105299115180969238e-01
-4.433048367500305176e-01 -7.173097133636474609e-01 9.932414293289184570e-01 5.274704098701477051e-01 4.456124007701873779e-01 3.464125692844390869e-01 -9.321075081825256348e-01 -2.916224300861358643e-01 -7.023265361785888672e-01 -9.906230568885803223e-01 3.799047768115997314e-01 -9.184114336967468262e-01 9.037948250770568848e-01 4.476933777332305908e-01 -8.870627284049987793e-01 9.105299115180969238e-01
-4.433048367500305176e-01 -7.173097133636474609e-01 9.932414293289184570e-01 5.274704098701477051e-01 4.456124007701873779e-01 3.464125692844390869e-01 -9.321075081825256348e-01 -2.916224300861358643e-01 -7.023265361785888672e-01 -9.906230568885803223e-01 3.799047768115997314e-01 -9.184114336967468262e-01 9.037948250770568848e-01 4.476933777332305908e-01 -8.870627284049987793e-01 9.105299115180969238e-01
-4.433048367500305176e-01 -7.173097133636474609e-01 9.932414293289184570e-01 5.274704098701477051e-01 4.456124007701873779e-01 3.464125692844390869e-01 -9.321075081825256348e-01 -2.916224300861358643e-01 -7.023265361785888672e-01 -9.906230568885803223e-01 3.799047768115997314e-01 -9.184114336967468262e-01 9.037948250770568848e-01 4.476933777332305908e-01 -8.870627284049987793e-01 9.105299115180969238e-01
-4.433048367500305176e-01 -7.173097133636474609e-01 9.932414293289184570e-01 5.274704098701477051e-01 4.456124007701873779e-01 3.464125692844390869e-01 -9.321075081825256348e-01 -2.916224300861358643e-01 -7.023265361785888672e-01 -9.906230568885803223e-01 3.799047768115997314e-01 -9.184114336967468262e-01 9.037948250770568848e-01 4.476933777332305908e-01 -8.870627284049987793e-01 9.105299115180969238e-01
-4.433048069477081299e-01 -7.173097133636474609e-01 9.932414293289184570e-01 5.274703502655029297e-01 4.456124305725097656e-01 3.464126586914062500e-01 -9.321075677871704102e-01 -2.916224598884582520e-01 -7.023265361785888672e-01 -9.906229972839355469e-01 3.799046576023101807e-01 -9.184113740921020508e-01 9.037948250770568848e-01 4.476933181285858154e-01 -8.870627284049987793e-01 9.105300307273864746e-01
-4.433048069477081299e-01 -7.173097133636474609e-01 9.932414293289184570e-01 5.274703502655029297e-01 4.456124305725097656e-01 3.464126586914062500e-01 -9.321075677871704102e-01 -2.916224598884582520e-01 -7.023265361785888672e-01 -9.906229972839355469e-01 3.799046576023101807e-01 -9.184113740921020508e-01 9.037948250770568848e-01 4.476933181285858154e-01 -8.870627284049987793e-01 9.105300307273864746e-01
-4.433048367500305176e-01 -7.173097133636474609e-01 9.932414293289184570e-01 5.274704098701477051e-01 4.456124007701873779e-01 3.464125692844390869e-01 -9.321075081825256348e-01 -2.916224300861358643e-01 -7.023265361785888672e-01 -9.906230568885803223e-01 3.799047768115997314e-01 -9.184114336967468262e-01 9.037948250770568848e-01 4.476933777332305908e-01 -8.870627284049987793e-01 9.105299115180969238e-01
-4.433048367500305176e-01 -7.173097133636474609e-01 9.932414293289184570e-01 5.274704098701477051e-01 4.456124007701873779e-01 3.464125692844390869e-01 -9.321075081825256348e-01 -2.916224300861358643e-01 -7.023265361785888672e-01 -9.906230568885803223e-01 3.799047768115997314e-01 -9.184114336967468262e-01 9.037948250770568848e-01 4.476933777332305908e-01 -8.870627284049987793e-01 9.105299115180969238e-01
-4.433048367500305176e-01 -7.173097133636474609e-01 9.932414293289184570e-01 5.274704098701477051e-01 4.456124007701873779e-01 3.464125692844390869e-01 -9.321075081825256348e-01 -2.916224300861358643e-01 -7.023265361785888672e-01 -9.906230568885803223e-01 3.799047768115997314e-01 -9.184114336967468262e-01 9.037948250770568848e-01 4.476933777332305908e-01 -8.870627284049987793e-01 9.105299115180969238e-01
-4.433048367500305176e-01 -7.173097133636474609e-01 9.932414293289184570e-01 5.274704098701477051e-01 4.456124007701873779e-01 3.464125692844390869e-01 -9.321075081825256348e-01 -2.916224300861358643e-01 -7.023265361785888672e-01 -9.906230568885803223e-01 3.799047768115997314e-01 -9.184114336967468262e-01 9.037948250770568848e-01 4.476933777332305908e-01 -8.870627284049987793e-01 9.105299115180969238e-01
-4.433048367500305176e-01 -7.173097133636474609e-01 9.932414293289184570e-01 5.274704098701477051e-01 4.456124007701873779e-01 3.464125692844390869e-01 -9.321075081825256348e-01 -2.916224300861358643e-01 -7.023265361785888672e-01 -9.906230568885803223e-01 3.799047768115997314e-01 -9.184114336967468262e-01 9.037948250770568848e-01 4.476933777332305908e-01 -8.870627284049987793e-01 9.105299115180969238e-01
-4.433048367500305176e-01 -7.173097133636474609e-01 9.932414293289184570e-01 5.274704098701477051e-01 4.456124007701873779e-01 3.464125692844390869e-01 -9.321075081825256348e-01 -2.916224300861358643e-01 -7.023265361785888672e-01 -9.906230568885803223e-01 3.799047768115997314e-01 -9.184114336967468262e-01 9.037948250770568848e-01 4.476933777332305908e-01 -8.870627284049987793e-01 9.105299115180969238e-01
-4.433048367500305176e-01 -7.173097133636474609e-01 9.932414293289184570e-01 5.274704098701477051e-01 4.456124007701873779e-01 3.464125692844390869e-01 -9.321075081825256348e-01 -2.916224300861358643e-01 -7.023265361785888672e-01 -9.906230568885803223e-01 3.799047768115997314e-01 -9.184114336967468262e-01 9.037948250770568848e-01 4.476933777332305908e-01 -8.870627284049987793e-01 9.105299115180969238e-01
-4.433048367500305176e-01 -7.173097133636474609e-01 9.932414293289184570e-01 5.274704098701477051e-01 4.456124007701873779e-01 3.464125692844390869e-01 -9.321075081825256348e-01 -2.916224300861358643e-01 -7.023265361785888672e-01 -9.906230568885803223e-01 3.799047768115997314e-01 -9.184114336967468262e-01 9.037948250770568848e-01 4.476933777332305908e-01 -8.870627284049987793e-01 9.105299115180969238e-01
-4.433048367500305176e-01 -7.173097133636474609e-01 9.932414293289184570e-01 5.274704098701477051e-01 4.456124007701873779e-01 3.464125692844390869e-01 -9.321075081825256348e-01 -2.916224300861358643e-01 -7.023265361785888672e-01 -9.906230568885803223e-01 3.799047768115997314e-01 -9.184114336967468262e-01 9.037948250770568848e-01 4.476933777332305908e-01 -8.870627284049987793e-01 9.105299115180969238e-01
-4.433048367500305176e-01 -7.173097133636474609e-01 9.932414293289184570e-01 5.274704098701477051e-01 4.456124007701873779e-01 3.464125692844390869e-01 -9.321075081825256348e-01 -2.916224300861358643e-01 -7.023265361785888672e-01 -9.906230568885803223e-01 3.799047768115997314e-01 -9.184114336967468262e-01 9.037948250770568848e-01 4.476933777332305908e-01 -8.870627284049987793e-01 9.105299115180969238e-01
-4.433048367500305176e-01 -7.173097133636474609e-01 9.932414293289184570e-01 5.274704098701477051e-01 4.456124007701873779e-01 3.464125692844390869e-01 -9.321075081825256348e-01 -2.916224300861358643e-01 -7.023265361785888672e-01 -9.906230568885803223e-01 3.799047768115997314e-01 -9.184114336967468262e-01 9.037948250770568848e-01 4.476933777332305908e-01 -8.870627284049987793e-01 9.105299115180969238e-01
-4.433048367500305176e-01 -7.173097133636474609e-01 9.932414293289184570e-01 5.274704098701477051e-01 4.456124007701873779e-01 3.464125692844390869e-01 -9.321075081825256348e-01 -2.916224300861358643e-01 -7.023265361785888672e-01 -9.906230568885803223e-01 3.799047768115997314e-01 -9.184114336967468262e-01 9.037948250770568848e-01 4.476933777332305908e-01 -8.870627284049987793e-01 9.105299115180969238e-01
-4.433048367500305176e-01 -7.173097133636474609e-01 9.932414293289184570e-01 5.274704098701477051e-01 4.456124007701873779e-01 3.464125692844390869e-01 -9.321075081825256348e-01 -2.916224300861358643e-01 -7.023265361785888672e-01 -9.906230568885803223e-01 3.799047768115997314e-01 -9.184114336967468262e-01 9.037948250770568848e-01 4.476933777332305908e-01 -8.870627284049987793e-01 9.105299115180969238e-01
-4.433048367500305176e-01 -7.173097133636474609e-01 9.932414293289184570e-01 5.274704098701477051e-01 4.456124007701873779e-01 3.464125692844390869e-01 -9.321075081825256348e-01 -2.916224300861358643e-01 -7.023265361785888672e-01 -9.906230568885803223e-01 3.799047768115997314e-01 -9.184114336967468262e-01 9.037948250770568848e-01 4.476933777332305908e-01 -8.870627284049987793e-01 9.105299115180969238e-01
-4.433048367500305176e-01 -7.173097133636474609e-01 9.932414293289184570e-01 5.274704098701477051e-01 4.456124007701873779e-01 3.464125692844390869e-01 -9.321075081825256348e-01 -2.916224300861358643e-01 -7.023265361785888672e-01 -9.906230568885803223e-01 3.799047768115997314e-01 -9.184114336967468262e-01 9.037948250770568848e-01 4.476933777332305908e-01 -8.870627284049987793e-01 9.105299115180969238e-01
-4.433048367500305176e-01 -7.173097133636474609e-01 9.932414293289184570e-01 5.274704098701477051e-01 4.456124007701873779e-01 3.464125692844390869e-01 -9.321075081825256348e-01 -2.916224300861358643e-01 -7.023265361785888672e-01 -9.906230568885803223e-01 3.799047768115997314e-01 -9.184114336967468262e-01 9.037948250770568848e-01 4.476933777332305908e-01 -8.870627284049987793e-01 9.105299115180969238e-01
-4.433048367500305176e-01 -7.173097133636474609e-01 9.932414293289184570e-01 5.274704098701477051e-01 4.456124007701873779e-01 3.464125692844390869e-01 -9.321075081825256348e-01 -2.916224300861358643e-01 -7.023265361785888672e-01 -9.906230568885803223e-01 3.799047768115997314e-01 -9.184114336967468262e-01 9.037948250770568848e-01 4.476933777332305908e-01 -8.870627284049987793e-01 9.105299115180969238e-01
-4.433048367500305176e-01 -7.173097133636474609e-01 9.932414293289184570e-01 5.274704098701477051e-01 4.456124007701873779e-01 3.464125692844390869e-01 -9.321075081825256348e-01 -2.916224300861358643e-01 -7.023265361785888672e-01 -9.906230568885803223e-01 3.799047768115997314e-01 -9.184114336967468262e-01 9.037948250770568848e-01 4.476933777332305908e-01 -8.870627284049987793e-01 9.105299115180969238e-01
-4.433048367500305176e-01 -7.173097133636474609e-01 9.932414293289184570e-01 5.274704098701477051e-01 4.456124007701873779e-01 3.464125692844390869e-01 -9.321075081825256348e-01 -2.916224300861358643e-01 -7.023265361785888672e-01 -9.906230568885803223e-01 3.799047768115997314e-01 -9.184114336967468262e-01 9.037948250770568848e-01 4.476933777332305908e-01 -8.870627284049987793e-01 9.105299115180969238e-01
-4.433048367500305176e-01 -7.173097133636474609e-01 9.932414293289184570e-01 5.274704098701477051e-01 4.456124007701873779e-01 3.464125692844390869e-01 -9.321075081825256348e-01 -2.916224300861358643e-01 -7.023265361785888672e-01 -9.906230568885803223e-01 3.799047768115997314e-01 -9.184114336967468262e-01 9.037948250770568848e-01 4.476933777332305908e-01 -8.870627284049987793e-01 9.105299115180969238e-01
-4.433048367500305176e-01 -7.173097133636474609e-01 9.932414293289184570e-01 5.274704098701477051e-01 4.456124007701873779e-01 3.464125692844390869e-01 -9.321075081825256348e-01 -2.916224300861358643e-01 -7.023265361785888672e-01 -9.906230568885803223e-01 3.799047768115997314e-01 -9.184114336967468262e-01 9.037948250770568848e-01 4.476933777332305908e-01 -8.870627284049987793e-01 9.105299115180969238e-01
-4.433048367500305176e-01 -7.173097133636474609e-01 9.932414293289184570e-01 5.274704098701477051e-01 4.456124007701873779e-01 3.464125692844390869e-01 -9.321075081825256348e-01 -2.916224300861358643e-01 -7.023265361785888672e-01 -9.906230568885803223e-01 3.799047768115997314e-01 -9.184114336967468262e-01 9.037948250770568848e-01 4.476933777332305908e-01 -8.870627284049987793e-01 9.105299115180969238e-01
-4.433048367500305176e-01 -7.173097133636474609e-01 9.932414293289184570e-01 5.274704098701477051e-01 4.456124007701873779e-01 3.464125692844390869e-01 -9.321075081825256348e-01 -2.916224300861358643e-01 -7.023265361785888672e-01 -9.906230568885803223e-01 3.799047768115997314e-01 -9.184114336967468262e-01 9.037948250770568848e-01 4.476933777332305908e-01 -8.870627284049987793e-01 9.105299115180969238e-01
-4.433048367500305176e-01 -7.173097133636474609e-01 9.932414293289184570e-01 5.274704098701477051e-01 4.456124007701873779e-01 3.464125692844390869e-01 -9.321075081825256348e-01 -2.916224300861358643e-01 -7.023265361785888672e-01 -9.906230568885803223e-01 3.799047768115997314e-01 -9.184114336967468262e-01 9.037948250770568848e-01 4.476933777332305908e-01 -8.870627284049987793e-01 9.105299115180969238e-01
-4.433048367500305176e-01 -7.173097133636474609e-01 9.932414293289184570e-01 5.274704098701477051e-01 4.456124007701873779e-01 3.464125692844390869e-01 -9.321075081825256348e-01 -2.916224300861358643e-01 -7.023265361785888672e-01 -9.906230568885803223e-01 3.799047768115997314e-01 -9.184114336967468262e-01 9.037948250770568848e-01 4.476933777332305908e-01 -8.870627284049987793e-01 9.105299115180969238e-01
-4.433048367500305176e-01 -7.173097133636474609e-01 9.932414293289184570e-01 5.274704098701477051e-01 4.456124007701873779e-01 3.464125692844390869e-01 -9.321075081825256348e-01 -2.916224300861358643e-01 -7.023265361785888672e-01 -9.906230568885803223e-01 3.799047768115997314e-01 -9.184114336967468262e-01 9.037948250770568848e-01 4.476933777332305908e-01 -8.870627284049987793e-01 9.105299115180969238e-01
-4.433048367500305176e-01 -7.173097133636474609e-01 9.932414293289184570e-01 5.274704098701477051e-01 4.456124007701873779e-01 3.464125692844390869e-01 -9.321075081825256348e-01 -2.916224300861358643e-01 -7.023265361785888672e-01 -9.906230568885803223e-01 3.799047768115997314e-01 -9.184114336967468262e-01 9.037948250770568848e-01 4.476933777332305908e-01 -8.870627284049987793e-01 9.105299115180969238e-01
-4.433048367500305176e-01 -7.173097133636474609e-01 9.932414293289184570e-01 5.274704098701477051e-01 4.456124007701873779e-01 3.464125692844390869e-01 -9.321075081825256348e-01 -2.916224300861358643e-01 -7.023265361785888672e-01 -9.906230568885803223e-01 3.799047768115997314e-01 -9.184114336967468262e-01 9.037948250770568848e-01 4.476933777332305908e-01 -8.870627284049987793e-01 9.105299115180969238e-01
-4.433048367500305176e-01 -7.173097133636474609e-01 9.932414293289184570e-01 5.274704098701477051e-01 4.456124007701873779e-01 3.464125692844390869e-01 -9.321075081825256348e-01 -2.916224300861358643e-01 -7.023265361785888672e-01 -9.906230568885803223e-01 3.799047768115997314e-01 -9.184114336967468262e-01 9.037948250770568848e-01 4.476933777332305908e-01 -8.870627284049987793e-01 9.105299115180969238e-01
-4.433048367500305176e-01 -7.173097133636474609e-01 9.932414293289184570e-01 5.274704098701477051e-01 4.456124007701873779e-01 3.464125692844390869e-01 -9.321075081825256348e-01 -2.916224300861358643e-01 -7.023265361785888672e-01 -9.906230568885803223e-01 3.799047768115997314e-01 -9.184114336967468262e-01 9.037948250770568848e-01 4.476933777332305908e-01 -8.870627284049987793e-01 9.105299115180969238e-01
-4.433048069477081299e-01 -7.173097133636474609e-01 9.932414293289184570e-01 5.274703502655029297e-01 4.456124305725097656e-01 3.464126586914062500e-01 -9.321075677871704102e-01 -2.916224598884582520e-01 -7.023265361785888672e-01 -9.906229972839355469e-01 3.799046576023101807e-01 -9.184113740921020508e-01 9.037948250770568848e-01 4.476933181285858154e-01 -8.870627284049987793e-01 9.105300307273864746e-01
-4.433048069477081299e-01 -7.173097133636474609e-01 9.932414293289184570e-01 5.274703502655029297e-01 4.456124305725097656e-01 3.464126586914062500e-01 -9.321075677871704102e-01 -2.916224598884582520e-01 -7.023265361785888672e-01 -9.906229972839355469e-01 3.799046576023101807e-01 -9.184113740921020508e-01 9.037948250770568848e-01 4.476933181285858154e-01 -8.870627284049987793e-01 9.105300307273864746e-01
-4.433048367500305176e-01 -7.173097133636474609e-01 9.932414293289184570e-01 5.274704098701477051e-01 4.456124007701873779e-01 3.464125692844390869e-01 -9.321075081825256348e-01 -2.916224300861358643e-01 -7.023265361785888672e-01 -9.906230568885803223e-01 3.799047768115997314e-01 -9.184114336967468262e-01 9.037948250770568848e-01 4.476933777332305908e-01 -8.870627284049987793e-01 9.105299115180969238e-01
-4.433048367500305176e-01 -7.173097133636474609e-01 9.932414293289184570e-01 5.274704098701477051e-01 4.456124007701873779e-01 3.464125692844390869e-01 -9.321075081825256348e-01 -2.916224300861358643e-01 -7.023265361785888672e-01 -9.906230568885803223e-01 3.799047768115997314e-01 -9.184114336967468262e-01 9.037948250770568848e-01 4.476933777332305908e-01 -8.870627284049987793e-01 9.105299115180969238e-01
-4.433048367500305176e-01 -7.173097133636474609e-01 9.932414293289184570e-01 5.274704098701477051e-01 4.456124007701873779e-01 3.464125692844390869e-01 -9.321075081825256348e-01 -2.916224300861358643e-01 -7.023265361785888672e-01 -9.906230568885803223e-01 3.799047768115997314e-01 -9.184114336967468262e-01 9.037948250770568848e-01 4.476933777332305908e-01 -8.870627284049987793e-01 9.105299115180969238e-01
-4.433048367500305176e-01 -7.173097133636474609e-01 9.932414293289184570e-01 5.274704098701477051e-01 4.456124007701873779e-01 3.464125692844390869e-01 -9.321075081825256348e-01 -2.916224300861358643e-01 -7.023265361785888672e-01 -9.906230568885803223e-01 3.799047768115997314e-01 -9.184114336967468262e-01 9.037948250770568848e-01 4.476933777332305908e-01 -8.870627284049987793e-01 9.105299115180969238e-01
