4.267871081829071045e-01 -9.830535054206848145e-01 -1.000000000000000000e+00 9.601888656616210938e-01 -9.997798204421997070e-01 -9.999908208847045898e-01 -9.890336990356445312e-01 -9.913047552108764648e-01 9.993454217910766602e-01 -7.779535651206970215e-01 -9.999899268150329590e-01 1.000000000000000000e+00 -1.000000000000000000e+00 -9.255324006080627441e-01 1.000000000000000000e+00 1.000000000000000000e+00
-1.000000000000000000e+00 -1.000000000000000000e+00 -9.990596175193786621e-01 9.810866117477416992e-01 -7.729811966419219971e-02 -9.999909400939941406e-01 -8.920459747314453125e-01 -1.000000000000000000e+00 -7.535162568092346191e-01 -9.999983310699462891e-01 -9.999989271163940430e-01 1.000000000000000000e+00 -9.998188614845275879e-01 -5.418040752410888672e-01 9.999988079071044922e-01 1.000000000000000000e+00
-1.000000000000000000e+00 -1.000000000000000000e+00 -9.995820522308349609e-01 9.964762926101684570e-01 -7.553848624229431152e-01 -9.999430179595947266e-01 -9.869937896728515625e-01 -1.000000000000000000e+00 -7.993260025978088379e-01 -9.999973177909851074e-01 -9.999989271163940430e-01 1.000000000000000000e+00 -9.988340735435485840e-01 -6.386340856552124023e-01 9.999983906745910645e-01 9.999995827674865723e-01
-1.000000000000000000e+00 -1.000000000000000000e+00 -9.996998310089111328e-01 9.941027164459228516e-01 -7.951838970184326172e-01 -9.999653100967407227e-01 -9.816128611564636230e-01 -1.000000000000000000e+00 -8.478010892868041992e-01 -9.999970197677612305e-01 -9.999980330467224121e-01 1.000000000000000000e+00 -9.990510344505310059e-01 -7.237656116485595703e-01 9.999992847442626953e-01 9.999997019767761230e-01
-1.000000000000000000e+00 -1.000000000000000000e+00 -9.997112154960632324e-01 9.939459562301635742e-01 -7.941448688507080078e-01 -9.999651312828063965e-01 -9.830055236816406250e-01 -1.000000000000000000e+00 -8.545888662338256836e-01 -9.999969005584716797e-01 -9.999980330467224121e-01 1.000000000000000000e+00 -9.990686178207397461e-01 -7.547313570976257324e-01 9.999992847442626953e-01 9.999995827674865723e-01
-1.000000000000000000e+00 -1.000000000000000000e+00 -9.997113347053527832e-01 9.939690232276916504e-01 -7.923132777214050293e-01 -9.999647736549377441e-01 -9.833794236183166504e-01 -1.000000000000000000e+00 -8.557935357093811035e-01 -9.999969005584716797e-01 -9.999979138374328613e-01 1.000000000000000000e+00 -9.990718960762023926e-01 -7.633023262023925781e-01 9.999994039535522461e-01 9.999997019767761230e-01
-1.000000000000000000e+00 -1.000000000000000000e+00 -9.997110366821289062e-01 9.939830899238586426e-01 -7.916810512542724609e-01 -9.999647140502929688e-01 -9.834811091423034668e-01 -1.000000000000000000e+00 -8.560189604759216309e-01 -9.999968409538269043e-01 -9.999979138374328613e-01 1.000000000000000000e+00 -9.990723133087158203e-01 -7.654452323913574219e-01 9.999992847442626953e-01 9.999997019767761230e-01
-1.000000000000000000e+00 -1.000000000000000000e+00 -9.997109174728393555e-01 9.939874410629272461e-01 -7.915059328079223633e-01 -9.999647140502929688e-01 -9.835069775581359863e-01 -1.000000000000000000e+00 -8.560640811920166016e-01 -9.999969005584716797e-01 -9.999980330467224121e-01 1.000000000000000000e+00 -9.990726113319396973e-01 -7.659699916839599609e-01 9.999994039535522461e-01 9.999998211860656738e-01
-1.000000000000000000e+00 -1.000000000000000000e+00 -9.997108578681945801e-01 9.939885735511779785e-01 -7.914618253707885742e-01 -9.999647140502929688e-01 -9.835131764411926270e-01 -1.000000000000000000e+00 -8.560736775398254395e-01 -9.999969601631164551e-01 -9.999979138374328613e-01 1.000000000000000000e+00 -9.990724921226501465e-01 -7.660946249961853027e-01 9.999992847442626953e-01 9.999997019767761230e-01
-1.000000000000000000e+00 -1.000000000000000000e+00 -9.997109174728393555e-01 9.939889311790466309e-01 -7.914509773254394531e-01 -9.999647140502929688e-01 -9.835145473480224609e-01 -1.000000000000000000e+00 -8.560757040977478027e-01 -9.999967217445373535e-01 -9.999980330467224121e-01 1.000000000000000000e+00 -9.990727305412292480e-01 -7.661242485046386719e-01 9.999992847442626953e-01 9.999997019767761230e-01
-1.000000000000000000e+00 -1.000000000000000000e+00 -9.997109770774841309e-01 9.939889311790466309e-01 -7.914483547210693359e-01 -9.999646544456481934e-01 -9.835150241851806641e-01 -1.000000000000000000e+00 -8.560763001441955566e-01 -9.999970197677612305e-01 -9.999979138374328613e-01 1.000000000000000000e+00 -9.990726113319396973e-01 -7.661311030387878418e-01 9.999992847442626953e-01 9.999997019767761230e-01
-1.000000000000000000e+00 -1.000000000000000000e+00 -9.997109174728393555e-01 9.939889311790466309e-01 -7.914478182792663574e-01 -9.999644756317138672e-01 -9.835149645805358887e-01 -1.000000000000000000e+00 -8.560763597488403320e-01 -9.999970197677612305e-01 -9.999979138374328613e-01 1.000000000000000000e+00 -9.990726113319396973e-01 -7.661328315734863281e-01 9.999994039535522461e-01 9.999997019767761230e-01
-1.000000000000000000e+00 -1.000000000000000000e+00 -9.997109174728393555e-01 9.939889311790466309e-01 -7.914476394653320312e-01 -9.999644756317138672e-01 -9.835150837898254395e-01 -1.000000000000000000e+00 -8.560764193534851074e-01 -9.999970197677612305e-01 -9.999979138374328613e-01 1.000000000000000000e+00 -9.990727305412292480e-01 -7.661331295967102051e-01 9.999992847442626953e-01 9.999998211860656738e-01
-1.000000000000000000e+00 -1.000000000000000000e+00 -9.997109174728393555e-01 9.939889311790466309e-01 -7.914476394653320312e-01 -9.999647140502929688e-01 -9.835150837898254395e-01 -1.000000000000000000e+00 -8.560764193534851074e-01 -9.999969601631164551e-01 -9.999979138374328613e-01 1.000000000000000000e+00 -9.990727305412292480e-01 -7.661332488059997559e-01 9.999992847442626953e-01 9.999997019767761230e-01
-1.000000000000000000e+00 -1.000000000000000000e+00 -9.997108578681945801e-01 9.939889311790466309e-01 -7.914476394653320312e-01 -9.999647140502929688e-01 -9.835150837898254395e-01 -1.000000000000000000e+00 -8.560763597488403320e-01 -9.999969601631164551e-01 -9.999979138374328613e-01 1.000000000000000000e+00 -9.990726113319396973e-01 -7.661332488059997559e-01 9.999992847442626953e-01 9.999997019767761230e-01
-1.000000000000000000e+00 -1.000000000000000000e+00 -9.997108578681945801e-01 9.939889311790466309e-01 -7.914476394653320312e-01 -9.999644756317138672e-01 -9.835150837898254395e-01 -1.000000000000000000e+00 -8.560763597488403320e-01 -9.999969601631164551e-01 -9.999979138374328613e-01 1.000000000000000000e+00 -9.990726113319396973e-01 -7.661332488059997559e-01 9.999992847442626953e-01 9.999997019767761230e-01
-1.000000000000000000e+00 -1.000000000000000000e+00 -9.997109174728393555e-01 9.939889311790466309e-01 -7.914476394653320312e-01 -9.999644756317138672e-01 -9.835150837898254395e-01 -1.000000000000000000e+00 -8.560764193534851074e-01 -9.999970197677612305e-01 -9.999979138374328613e-01 1.000000000000000000e+00 -9.990727305412292480e-01 -7.661332488059997559e-01 9.999992847442626953e-01 9.999997019767761230e-01
-1.000000000000000000e+00 -1.000000000000000000e+00 -9.997109174728393555e-01 9.939889311790466309e-01 -7.914476394653320312e-01 -9.999647140502929688e-01 -9.835150837898254395e-01 -1.000000000000000000e+00 -8.560764193534851074e-01 -9.999969601631164551e-01 -9.999979138374328613e-01 1.000000000000000000e+00 -9.990727305412292480e-01 -7.661332488059997559e-01 9.999992847442626953e-01 9.999997019767761230e-01
-1.000000000000000000e+00 -1.000000000000000000e+00 -9.997108578681945801e-01 9.939889311790466309e-01 -7.914476394653320312e-01 -9.999647140502929688e-01 -9.835150837898254395e-01 -1.000000000000000000e+00 -8.560763597488403320e-01 -9.999969601631164551e-01 -9.999979138374328613e-01 1.000000000000000000e+00 -9.990726113319396973e-01 -7.661332488059997559e-01 9.999992847442626953e-01 9.999997019767761230e-01
-1.000000000000000000e+00 -1.000000000000000000e+00 -9.997108578681945801e-01 9.939889311790466309e-01 -7.914476394653320312e-01 -9.999644756317138672e-01 -9.835150837898254395e-01 -1.000000000000000000e+00 -8.560763597488403320e-01 -9.999969601631164551e-01 -9.999979138374328613e-01 1.000000000000000000e+00 -9.990726113319396973e-01 -7.661332488059997559e-01 9.999992847442626953e-01 9.999997019767761230e-01
-1.000000000000000000e+00 -1.000000000000000000e+00 -9.997109174728393555e-01 9.939889311790466309e-01 -7.914476394653320312e-01 -9.999644756317138672e-01 -9.835150837898254395e-01 -1.000000000000000000e+00 -8.560764193534851074e-01 -9.999970197677612305e-01 -9.999979138374328613e-01 1.000000000000000000e+00 -9.990727305412292480e-01 -7.661332488059997559e-01 9.999992847442626953e-01 9.999997019767761230e-01
-1.000000000000000000e+00 -1.000000000000000000e+00 -9.997109174728393555e-01 9.939889311790466309e-01 -7.914476394653320312e-01 -9.999647140502929688e-01 -9.835150837898254395e-01 -1.000000000000000000e+00 -8.560764193534851074e-01 -9.999969601631164551e-01 -9.999979138374328613e-01 1.000000000000000000e+00 -9.990727305412292480e-01 -7.661332488059997559e-01 9.999992847442626953e-01 9.999997019767761230e-01
-1.000000000000000000e+00 -1.000000000000000000e+00 -9.997108578681945801e-01 9.939889311790466309e-01 -7.914476394653320312e-01 -9.999647140502929688e-01 -9.835150837898254395e-01 -1.000000000000000000e+00 -8.560763597488403320e-01 -9.999969601631164551e-01 -9.999979138374328613e-01 1.000000000000000000e+00 -9.990726113319396973e-01 -7.661332488059997559e-01 9.999992847442626953e-01 9.999997019767761230e-01
-1.000000000000000000e+00 -1.000000000000000000e+00 -9.997108578681945801e-01 9.939889311790466309e-01 -7.914476394653320312e-01 -9.999644756317138672e-01 -9.835150837898254395e-01 -1.000000000000000000e+00 -8.560763597488403320e-01 -9.999969601631164551e-01 -9.999979138374328613e-01 1.000000000000000000e+00 -9.990726113319396973e-01 -7.661332488059997559e-01 9.999992847442626953e-01 9.999997019767761230e-01
-1.000000000000000000e+00 -1.000000000000000000e+00 -9.997109174728393555e-01 9.939889311790466309e-01 -7.914476394653320312e-01 -9.999644756317138672e-01 -9.835150837898254395e-01 -1.000000000000000000e+00 -8.560764193534851074e-01 -9.999970197677612305e-01 -9.999979138374328613e-01 1.000000000000000000e+00 -9.990727305412292480e-01 -7.661332488059997559e-01 9.999992847442626953e-01 9.999997019767761230e-01
-1.000000000000000000e+00 -1.000000000000000000e+00 -9.997109174728393555e-01 9.939889311790466309e-01 -7.914476394653320312e-01 -9.999647140502929688e-01 -9.835150837898254395e-01 -1.000000000000000000e+00 -8.560764193534851074e-01 -9.999969601631164551e-01 -9.999979138374328613e-01 1.000000000000000000e+00 -9.990727305412292480e-01 -7.661332488059997559e-01 9.999992847442626953e-01 9.999997019767761230e-01
-1.000000000000000000e+00 -1.000000000000000000e+00 -9.997108578681945801e-01 9.939889311790466309e-01 -7.914476394653320312e-01 -9.999647140502929688e-01 -9.835150837898254395e-01 -1.000000000000000000e+00 -8.560763597488403320e-01 -9.999969601631164551e-01 -9.999979138374328613e-01 1.000000000000000000e+00 -9.990726113319396973e-01 -7.661332488059997559e-01 9.999992847442626953e-01 9.999997019767761230e-01
-1.000000000000000000e+00 -1.000000000000000000e+00 -9.997108578681945801e-01 9.939889311790466309e-01 -7.914476394653320312e-01 -9.999644756317138672e-01 -9.835150837898254395e-01 -1.000000000000000000e+00 -8.560763597488403320e-01 -9.999969601631164551e-01 -9.999979138374328613e-01 1.000000000000000000e+00 -9.990726113319396973e-01 -7.661332488059997559e-01 9.999992847442626953e-01 9.999997019767761230e-01
-1.000000000000000000e+00 -1.000000000000000000e+00 -9.997109174728393555e-01 9.939889311790466309e-01 -7.914476394653320312e-01 -9.999644756317138672e-01 -9.835150837898254395e-01 -1.000000000000000000e+00 -8.560764193534851074e-01 -9.999970197677612305e-01 -9.999979138374328613e-01 1.000000000000000000e+00 -9.990727305412292480e-01 -7.661332488059997559e-01 9.999992847442626953e-01 9.999997019767761230e-01
-1.000000000000000000e+00 -1.000000000000000000e+00 -9.997109174728393555e-01 9.939889311790466309e-01 -7.914476394653320312e-01 -9.999647140502929688e-01 -9.835150837898254395e-01 -1.000000000000000000e+00 -8.560764193534851074e-01 -9.999969601631164551e-01 -9.999979138374328613e-01 1.000000000000000000e+00 -9.990727305412292480e-01 -7.661332488059997559e-01 9.999992847442626953e-01 9.999997019767761230e-01
-1.000000000000000000e+00 -1.000000000000000000e+00 -9.997108578681945801e-01 9.939889311790466309e-01 -7.914474606513977051e-01 -9.999647140502929688e-01 -9.835150241851806641e-01 -1.000000000000000000e+00 -8.560764789581298828e-01 -9.999970197677612305e-01 -9.999979138374328613e-01 1.000000000000000000e+00 -9.990727305412292480e-01 -7.661333680152893066e-01 9.999992251396179199e-01 9.999998211860656738e-01
-1.000000000000000000e+00 -1.000000000000000000e+00 -9.989728927612304688e-01 9.993385076522827148e-01 -3.509745895862579346e-01 -9.999949932098388672e-01 -9.352059364318847656e-01 -1.000000000000000000e+00 -9.929725527763366699e-01 -1.000000000000000000e+00 -9.999983310699462891e-01 1.000000000000000000e+00 -9.828558564186096191e-01 -8.244422674179077148e-01 9.999478459358215332e-01 9.999982118606567383e-01
-1.000000000000000000e+00 -1.000000000000000000e+00 -9.988692998886108398e-01 9.995252490043640137e-01 -3.160400092601776123e-01 -9.999924302101135254e-01 -9.584296941757202148e-01 -1.000000000000000000e+00 -9.919363260269165039e-01 -1.000000000000000000e+00 -9.999987483024597168e-01 1.000000000000000000e+00 -9.790549278259277344e-01 -8.251762390136718750e-01 9.999175071716308594e-01 9.999982118606567383e-01
-1.000000000000000000e+00 -1.000000000000000000e+00 -9.988573193550109863e-01 9.995378255844116211e-01 -3.164344727993011475e-01 -9.999921321868896484e-01 -9.583798646926879883e-01 -1.000000000000000000e+00 -9.917876124382019043e-01 -1.000000000000000000e+00 -9.999987483024597168e-01 1.000000000000000000e+00 -9.783798456192016602e-01 -8.227206468582153320e-01 9.999136924743652344e-01 9.999984502792358398e-01
-1.000000000000000000e+00 -1.000000000000000000e+00 -9.988578557968139648e-01 9.995377063751220703e-01 -3.168278932571411133e-01 -9.999924302101135254e-01 -9.583320021629333496e-01 -1.000000000000000000e+00 -9.917863607406616211e-01 -1.000000000000000000e+00 -9.999985694885253906e-01 1.000000000000000000e+00 -9.783644676208496094e-01 -8.221644163131713867e-01 9.999138116836547852e-01 9.999983310699462891e-01
-1.000000000000000000e+00 -1.000000000000000000e+00 -9.988582134246826172e-01 9.995375275611877441e-01 -3.169698715209960938e-01 -9.999923110008239746e-01 -9.583140015602111816e-01 -1.000000000000000000e+00 -9.917866587638854980e-01 -1.000000000000000000e+00 -9.999985694885253906e-01 1.000000000000000000e+00 -9.783653616905212402e-01 -8.220718502998352051e-01 9.999139904975891113e-01 9.999983310699462891e-01
-1.000000000000000000e+00 -1.000000000000000000e+00 -9.988582730293273926e-01 9.995374083518981934e-01 -3.169999420642852783e-01 -9.999923110008239746e-01 -9.583097100257873535e-01 -1.000000000000000000e+00 -9.917869567871093750e-01 -1.000000000000000000e+00 -9.999987483024597168e-01 1.000000000000000000e+00 -9.783663749694824219e-01 -8.220607042312622070e-01 9.999139308929443359e-01 9.999983310699462891e-01
-1.000000000000000000e+00 -1.000000000000000000e+00 -9.988582730293273926e-01 9.995374083518981934e-01 -3.170047402381896973e-01 -9.999922513961791992e-01 -9.583089947700500488e-01 -1.000000000000000000e+00 -9.917870163917541504e-01 -1.000000000000000000e+00 -9.999986290931701660e-01 1.000000000000000000e+00 -9.783665537834167480e-01 -8.220601081848144531e-01 9.999138116836547852e-01 9.999983310699462891e-01
-1.000000000000000000e+00 -1.000000000000000000e+00 -9.988581538200378418e-01 9.995375275611877441e-01 -3.170053064823150635e-01 -9.999922513961791992e-01 -9.583089351654052734e-01 -1.000000000000000000e+00 -9.917871356010437012e-01 -1.000000000000000000e+00 -9.999985694885253906e-01 1.000000000000000000e+00 -9.783665537834167480e-01 -8.220602273941040039e-01 9.999139308929443359e-01 9.999983310699462891e-01
-1.000000000000000000e+00 -1.000000000000000000e+00 -9.988581538200378418e-01 9.995375275611877441e-01 -3.170053660869598389e-01 -9.999922513961791992e-01 -9.583088755607604980e-01 -1.000000000000000000e+00 -9.917870759963989258e-01 -1.000000000000000000e+00 -9.999985694885253906e-01 1.000000000000000000e+00 -9.783665537834167480e-01 -8.220602273941040039e-01 9.999138116836547852e-01 9.999983310699462891e-01
-1.000000000000000000e+00 -1.000000000000000000e+00 -9.988581538200378418e-01 9.995375275611877441e-01 -3.170053660869598389e-01 -9.999922513961791992e-01 -9.583088755607604980e-01 -1.000000000000000000e+00 -9.917871356010437012e-01 -1.000000000000000000e+00 -9.999985694885253906e-01 1.000000000000000000e+00 -9.783665537834167480e-01 -8.220602273941040039e-01 9.999138116836547852e-01 9.999983310699462891e-01
-1.000000000000000000e+00 -1.000000000000000000e+00 -9.988581538200378418e-01 9.995375275611877441e-01 -3.170053660869598389e-01 -9.999922513961791992e-01 -9.583088755607604980e-01 -1.000000000000000000e+00 -9.917871356010437012e-01 -1.000000000000000000e+00 -9.999985694885253906e-01 1.000000000000000000e+00 -9.783665537834167480e-01 -8.220602273941040039e-01 9.999138116836547852e-01 9.999983310699462891e-01
-1.000000000000000000e+00 -1.000000000000000000e+00 -9.988581538200378418e-01 9.995375275611877441e-01 -3.170053660869598389e-01 -9.999922513961791992e-01 -9.583088755607604980e-01 -1.000000000000000000e+00 -9.917871356010437012e-01 -1.000000000000000000e+00 -9.999985694885253906e-01 1.000000000000000000e+00 -9.783665537834167480e-01 -8.220602273941040039e-01 9.999138116836547852e-01 9.999983310699462891e-01
-1.000000000000000000e+00 -1.000000000000000000e+00 -9.988581538200378418e-01 9.995375275611877441e-01 -3.170053660869598389e-01 -9.999922513961791992e-01 -9.583088755607604980e-01 -1.000000000000000000e+00 -9.917871356010437012e-01 -1.000000000000000000e+00 -9.999985694885253906e-01 1.000000000000000000e+00 -9.783665537834167480e-01 -8.220602273941040039e-01 9.999138116836547852e-01 9.999983310699462891e-01
-1.000000000000000000e+00 -1.000000000000000000e+00 -9.988581538200378418e-01 9.995375275611877441e-01 -3.170053660869598389e-01 -9.999922513961791992e-01 -9.583088755607604980e-01 -1.000000000000000000e+00 -9.917871356010437012e-01 -1.000000000000000000e+00 -9.999985694885253906e-01 1.000000000000000000e+00 -9.783665537834167480e-01 -8.220602273941040039e-01 9.999138116836547852e-01 9.999983310699462891e-01
-1.000000000000000000e+00 -1.000000000000000000e+00 -9.988581538200378418e-01 9.995375275611877441e-01 -3.170053660869598389e-01 -9.999922513961791992e-01 -9.583088755607604980e-01 -1.000000000000000000e+00 -9.917871356010437012e-01 -1.000000000000000000e+00 -9.999985694885253906e-01 1.000000000000000000e+00 -9.783665537834167480e-01 -8.220602273941040039e-01 9.999138116836547852e-01 9.999983310699462891e-01
-1.000000000000000000e+00 -1.000000000000000000e+00 -9.988581538200378418e-01 9.995375275611877441e-01 -3.170053660869598389e-01 -9.999922513961791992e-01 -9.583088755607604980e-01 -1.000000000000000000e+00 -9.917871356010437012e-01 -1.000000000000000000e+00 -9.999985694885253906e-01 1.000000000000000000e+00 -9.783665537834167480e-01 -8.220602273941040039e-01 9.999138116836547852e-01 9.999983310699462891e-01
-1.000000000000000000e+00 -1.000000000000000000e+00 -9.988581538200378418e-01 9.995375275611877441e-01 -3.170053660869598389e-01 -9.999922513961791992e-01 -9.583088755607604980e-01 -1.000000000000000000e+00 -9.917871356010437012e-01 -1.000000000000000000e+00 -9.999985694885253906e-01 1.000000000000000000e+00 -9.783665537834167480e-01 -8.220602273941040039e-01 9.999138116836547852e-01 9.999983310699462891e-01
-1.000000000000000000e+00 -1.000000000000000000e+00 -9.988581538200378418e-01 9.995375275611877441e-01 -3.170053660869598389e-01 -9.999922513961791992e-01 -9.583088755607604980e-01 -1.000000000000000000e+00 -9.917871356010437012e-01 -1.000000000000000000e+00 -9.999985694885253906e-01 1.000000000000000000e+00 -9.783665537834167480e-01 -8.220602273941040039e-01 9.999138116836547852e-01 9.999983310699462891e-01
-1.000000000000000000e+00 -1.000000000000000000e+00 -9.988581538200378418e-01 9.995375275611877441e-01 -3.170053660869598389e-01 -9.999922513961791992e-01 -9.583088755607604980e-01 -1.000000000000000000e+00 -9.917871356010437012e-01 -1.000000000000000000e+00 -9.999985694885253906e-01 1.000000000000000000e+00 -9.783665537834167480e-01 -8.220602273941040039e-01 9.999138116836547852e-01 9.999983310699462891e-01
-1.000000000000000000e+00 -1.000000000000000000e+00 -9.988581538200378418e-01 9.995375275611877441e-01 -3.170053660869598389e-01 -9.999922513961791992e-01 -9.583088755607604980e-01 -1.000000000000000000e+00 -9.917871356010437012e-01 -1.000000000000000000e+00 -9.999985694885253906e-01 1.000000000000000000e+00 -9.783665537834167480e-01 -8.220602273941040039e-01 9.999138116836547852e-01 9.999983310699462891e-01
-1.000000000000000000e+00 -1.000000000000000000e+00 -9.988581538200378418e-01 9.995375275611877441e-01 -3.170053660869598389e-01 -9.999922513961791992e-01 -9.583088755607604980e-01 -1.000000000000000000e+00 -9.917871356010437012e-01 -1.000000000000000000e+00 -9.999985694885253906e-01 1.000000000000000000e+00 -9.783665537834167480e-01 -8.220602273941040039e-01 9.999138116836547852e-01 9.999983310699462891e-01
-1.000000000000000000e+00 -1.000000000000000000e+00 -9.988581538200378418e-01 9.995375275611877441e-01 -3.170053660869598389e-01 -9.999922513961791992e-01 -9.583088755607604980e-01 -1.000000000000000000e+00 -9.917871356010437012e-01 -1.000000000000000000e+00 -9.999985694885253906e-01 1.000000000000000000e+00 -9.783665537834167480e-01 -8.220602273941040039e-01 9.999138116836547852e-01 9.999983310699462891e-01
-1.000000000000000000e+00 -1.000000000000000000e+00 -9.988581538200378418e-01 9.995375275611877441e-01 -3.170053660869598389e-01 -9.999922513961791992e-01 -9.583088755607604980e-01 -1.000000000000000000e+00 -9.917871356010437012e-01 -1.000000000000000000e+00 -9.999985694885253906e-01 1.000000000000000000e+00 -9.783665537834167480e-01 -8.220602273941040039e-01 9.999138116836547852e-01 9.999983310699462891e-01
-1.000000000000000000e+00 -1.000000000000000000e+00 -9.988581538200378418e-01 9.995375275611877441e-01 -3.170053660869598389e-01 -9.999922513961791992e-01 -9.583088755607604980e-01 -1.000000000000000000e+00 -9.917871356010437012e-01 -1.000000000000000000e+00 -9.999985694885253906e-01 1.000000000000000000e+00 -9.783665537834167480e-01 -8.220602273941040039e-01 9.999138116836547852e-01 9.999983310699462891e-01
-1.000000000000000000e+00 -1.000000000000000000e+00 -9.988581538200378418e-01 9.995375275611877441e-01 -3.170053660869598389e-01 -9.999922513961791992e-01 -9.583088755607604980e-01 -1.000000000000000000e+00 -9.917871356010437012e-01 -1.000000000000000000e+00 -9.999985694885253906e-01 1.000000000000000000e+00 -9.783665537834167480e-01 -8.220602273941040039e-01 9.999138116836547852e-01 9.999983310699462891e-01
-1.000000000000000000e+00 -1.000000000000000000e+00 -9.988581538200378418e-01 9.995375275611877441e-01 -3.170053660869598389e-01 -9.999922513961791992e-01 -9.583088755607604980e-01 -1.000000000000000000e+00 -9.917871356010437012e-01 -1.000000000000000000e+00 -9.999985694885253906e-01 1.000000000000000000e+00 -9.783665537834167480e-01 -8.220602273941040039e-01 9.999138116836547852e-01 9.999983310699462891e-01
-1.000000000000000000e+00 -1.000000000000000000e+00 -9.988581538200378418e-01 9.995375275611877441e-01 -3.170053660869598389e-01 -9.999922513961791992e-01 -9.583088755607604980e-01 -1.000000000000000000e+00 -9.917871356010437012e-01 -1.000000000000000000e+00 -9.999985694885253906e-01 1.000000000000000000e+00 -9.783665537834167480e-01 -8.220602273941040039e-01 9.999138116836547852e-01 9.999983310699462891e-01
-1.000000000000000000e+00 -1.000000000000000000e+00 -9.988581538200378418e-01 9.995375275611877441e-01 -3.170053660869598389e-01 -9.999922513961791992e-01 -9.583088755607604980e-01 -1.000000000000000000e+00 -9.917871356010437012e-01 -1.000000000000000000e+00 -9.999985694885253906e-01 1.000000000000000000e+00 -9.783665537834167480e-01 -8.220602273941040039e-01 9.999138116836547852e-01 9.999983310699462891e-01
-1.000000000000000000e+00 -1.000000000000000000e+00 -9.988581538200378418e-01 9.995375275611877441e-01 -3.170053660869598389e-01 -9.999922513961791992e-01 -9.583088755607604980e-01 -1.000000000000000000e+00 -9.917871356010437012e-01 -1.000000000000000000e+00 -9.999985694885253906e-01 1.000000000000000000e+00 -9.783665537834167480e-01 -8.220602273941040039e-01 9.999138116836547852e-01 9.999983310699462891e-01
-1.000000000000000000e+00 -1.000000000000000000e+00 -9.988581538200378418e-01 9.995375275611877441e-01 -3.170053660869598389e-01 -9.999922513961791992e-01 -9.583088755607604980e-01 -1.000000000000000000e+00 -9.917871356010437012e-01 -1.000000000000000000e+00 -9.999985694885253906e-01 1.000000000000000000e+00 -9.783665537834167480e-01 -8.220602273941040039e-01 9.999138116836547852e-01 9.999983310699462891e-01
-1.000000000000000000e+00 -9.998452663421630859e-01 -9.999997019767761230e-01 8.356679081916809082e-01 8.152222633361816406e-02 -9.999339580535888672e-01 9.999397993087768555e-01 -1.000000000000000000e+00 1.991723477840423584e-02 -9.986034035682678223e-01 -7.550524473190307617e-01 1.000000000000000000e+00 8.866494521498680115e-03 -9.999995827674865723e-01 9.685536026954650879e-01 -9.734621047973632812e-01
-9.999998807907104492e-01 -9.999904036521911621e-01 -9.999997019767761230e-01 9.241914749145507812e-01 9.511087536811828613e-01 -9.998421072959899902e-01 9.999389648437500000e-01 -1.000000000000000000e+00 -5.503305196762084961e-01 -9.998019933700561523e-01 -9.322713613510131836e-01 1.000000000000000000e+00 -1.634027659893035889e-01 -1.000000000000000000e+00 9.741078615188598633e-01 -9.933440089225769043e-01
-9.999997019767761230e-01 -9.999873638153076172e-01 -9.999997019767761230e-01 9.465907216072082520e-01 9.350901246070861816e-01 -9.995653033256530762e-01 9.998379945755004883e-01 -1.000000000000000000e+00 -3.919523060321807861e-01 -9.998043179512023926e-01 -9.626788496971130371e-01 1.000000000000000000e+00 1.092154309153556824e-01 -1.000000000000000000e+00 9.316207170486450195e-01 -9.942405819892883301e-01
-9.999994635581970215e-01 -9.999899864196777344e-01 -9.999998211860656738e-01 9.491959810256958008e-01 9.420843124389648438e-01 -9.996453523635864258e-01 9.998385310173034668e-01 -1.000000000000000000e+00 -4.350352883338928223e-01 -9.998410940170288086e-01 -9.529566168785095215e-01 1.000000000000000000e+00 1.251888424158096313e-01 -1.000000000000000000e+00 9.280447959899902344e-01 -9.942519664764404297e-01
-9.999994635581970215e-01 -9.999899864196777344e-01 -9.999996423721313477e-01 9.499115347862243652e-01 9.410672783851623535e-01 -9.996337294578552246e-01 9.998294711112976074e-01 -1.000000000000000000e+00 -4.382050335407257080e-01 -9.998382329940795898e-01 -9.525663852691650391e-01 1.000000000000000000e+00 1.401026695966720581e-01 -1.000000000000000000e+00 9.290867447853088379e-01 -9.943867921829223633e-01
-9.999994635581970215e-01 -9.999901056289672852e-01 -9.999997019767761230e-01 9.500119090080261230e-01 9.412624835968017578e-01 -9.996342062950134277e-01 9.998276233673095703e-01 -1.000000000000000000e+00 -4.422545135021209717e-01 -9.998392462730407715e-01 -9.519363045692443848e-01 1.000000000000000000e+00 1.447842568159103394e-01 -1.000000000000000000e+00 9.293484091758728027e-01 -9.944226145744323730e-01
-9.999994635581970215e-01 -9.999901056289672852e-01 -9.999997019767761230e-01 9.500685930252075195e-01 9.412457942962646484e-01 -9.996335506439208984e-01 9.998263716697692871e-01 -1.000000000000000000e+00 -4.435744285583496094e-01 -9.998392462730407715e-01 -9.517551064491271973e-01 1.000000000000000000e+00 1.470615118741989136e-01 -1.000000000000000000e+00 9.294971823692321777e-01 -9.944417476654052734e-01
-9.999995231628417969e-01 -9.999902248382568359e-01 -9.999998211860656738e-01 9.500896334648132324e-01 9.412548542022705078e-01 -9.996333718299865723e-01 9.998260140419006348e-01 -1.000000000000000000e+00 -4.442094266414642334e-01 -9.998391270637512207e-01 -9.516628384590148926e-01 1.000000000000000000e+00 1.479975134134292603e-01 -1.000000000000000000e+00 9.295552372932434082e-01 -9.944493770599365234e-01
-9.999995231628417969e-01 -9.999901056289672852e-01 -9.999997019767761230e-01 9.500989913940429688e-01 9.412560462951660156e-01 -9.996331930160522461e-01 9.998257756233215332e-01 -1.000000000000000000e+00 -4.444712400436401367e-01 -9.998392462730407715e-01 -9.516255855560302734e-01 1.000000000000000000e+00 1.484064608812332153e-01 -1.000000000000000000e+00 9.295811653137207031e-01 -9.944526553153991699e-01
-9.999995827674865723e-01 -9.999900460243225098e-01 -9.999998211860656738e-01 9.501031041145324707e-01 9.412571787834167480e-01 -9.996332526206970215e-01 9.998257756233215332e-01 -1.000000000000000000e+00 -4.445855617523193359e-01 -9.998393058776855469e-01 -9.516091346740722656e-01 1.000000000000000000e+00 1.485809087753295898e-01 -1.000000000000000000e+00 9.295920729637145996e-01 -9.944540858268737793e-01
-9.999993443489074707e-01 -9.999902248382568359e-01 -9.999997019767761230e-01 9.501048922538757324e-01 9.412575364112854004e-01 -9.996332526206970215e-01 9.998255968093872070e-01 -1.000000000000000000e+00 -4.446341991424560547e-01 -9.998393654823303223e-01 -9.516020417213439941e-01 1.000000000000000000e+00 1.486560404300689697e-01 -1.000000000000000000e+00 9.295968413352966309e-01 -9.944547414779663086e-01
-9.999994635581970215e-01 -9.999901056289672852e-01 -9.999998211860656738e-01 9.501056075096130371e-01 9.412575960159301758e-01 -9.996331334114074707e-01 9.998255968093872070e-01 -1.000000000000000000e+00 -4.446552097797393799e-01 -9.998393058776855469e-01 -9.515990018844604492e-01 1.000000000000000000e+00 1.486882269382476807e-01 -1.000000000000000000e+00 9.295989274978637695e-01 -9.944549798965454102e-01
-9.999994635581970215e-01 -9.999901056289672852e-01 -9.999997019767761230e-01 9.501059651374816895e-01 9.412577748298645020e-01 -9.996332526206970215e-01 9.998257160186767578e-01 -1.000000000000000000e+00 -4.446642398834228516e-01 -9.998394250869750977e-01 -9.515978097915649414e-01 1.000000000000000000e+00 1.487022340297698975e-01 -1.000000000000000000e+00 9.295997619628906250e-01 -9.944552183151245117e-01
-9.999995231628417969e-01 -9.999902248382568359e-01 -9.999996423721313477e-01 9.501060843467712402e-01 9.412577748298645020e-01 -9.996332526206970215e-01 9.998257756233215332e-01 -1.000000000000000000e+00 -4.446681141853332520e-01 -9.998394250869750977e-01 -9.515971541404724121e-01 1.000000000000000000e+00 1.487080454826354980e-01 -1.000000000000000000e+00 9.296001195907592773e-01 -9.944550395011901855e-01
-9.999993443489074707e-01 -9.999902248382568359e-01 -9.999996423721313477e-01 9.501062035560607910e-01 9.412577748298645020e-01 -9.996333122253417969e-01 9.998256564140319824e-01 -1.000000000000000000e+00 -4.446697533130645752e-01 -9.998393058776855469e-01 -9.515969753265380859e-01 1.000000000000000000e+00 1.487104892730712891e-01 -1.000000000000000000e+00 9.296002984046936035e-01 -9.944551587104797363e-01
-9.999995231628417969e-01 -9.999902844429016113e-01 -9.999996423721313477e-01 9.501062631607055664e-01 9.412577152252197266e-01 -9.996332526206970215e-01 9.998255968093872070e-01 -1.000000000000000000e+00 -4.446703493595123291e-01 -9.998393058776855469e-01 -9.515969753265380859e-01 1.000000000000000000e+00 1.487117111682891846e-01 -1.000000000000000000e+00 9.296004772186279297e-01 -9.944552779197692871e-01
-9.999994635581970215e-01 -9.999902844429016113e-01 -9.999998211860656738e-01 9.501062035560607910e-01 9.412577152252197266e-01 -9.996332526206970215e-01 9.998257160186767578e-01 -1.000000000000000000e+00 -4.446707367897033691e-01 -9.998393058776855469e-01 -9.515968561172485352e-01 1.000000000000000000e+00 1.487121880054473877e-01 -1.000000000000000000e+00 9.296004176139831543e-01 -9.944551587104797363e-01
-9.999994635581970215e-01 -9.999901056289672852e-01 -9.999998211860656738e-01 9.501062035560607910e-01 9.412577152252197266e-01 -9.996332526206970215e-01 9.998256564140319824e-01 -1.000000000000000000e+00 -4.446709454059600830e-01 -9.998393058776855469e-01 -9.515968561172485352e-01 1.000000000000000000e+00 1.487124115228652954e-01 -1.000000000000000000e+00 9.296004176139831543e-01 -9.944551587104797363e-01
-9.999994635581970215e-01 -9.999901056289672852e-01 -9.999998211860656738e-01 9.501062631607055664e-01 9.412577152252197266e-01 -9.996332526206970215e-01 9.998256564140319824e-01 -1.000000000000000000e+00 -4.446711242198944092e-01 -9.998393058776855469e-01 -9.515968561172485352e-01 1.000000000000000000e+00 1.487124711275100708e-01 -1.000000000000000000e+00 9.296004176139831543e-01 -9.944551587104797363e-01
-9.999994635581970215e-01 -9.999901056289672852e-01 -9.999998211860656738e-01 9.501062631607055664e-01 9.412577748298645020e-01 -9.996332526206970215e-01 9.998256564140319824e-01 -1.000000000000000000e+00 -4.446711242198944092e-01 -9.998393058776855469e-01 -9.515968561172485352e-01 1.000000000000000000e+00 1.487125307321548462e-01 -1.000000000000000000e+00 9.296004176139831543e-01 -9.944551587104797363e-01
-9.999995231628417969e-01 -9.999901056289672852e-01 -9.999998211860656738e-01 9.501062631607055664e-01 9.412577748298645020e-01 -9.996332526206970215e-01 9.998256564140319824e-01 -1.000000000000000000e+00 -4.446710348129272461e-01 -9.998393058776855469e-01 -9.515968561172485352e-01 1.000000000000000000e+00 1.487125903367996216e-01 -1.000000000000000000e+00 9.296004176139831543e-01 -9.944551587104797363e-01
-9.999995231628417969e-01 -9.999901056289672852e-01 -9.999998211860656738e-01 9.501062631607055664e-01 9.412577748298645020e-01 -9.996332526206970215e-01 9.998256564140319824e-01 -1.000000000000000000e+00 -4.446710348129272461e-01 -9.998393058776855469e-01 -9.515967965126037598e-01 1.000000000000000000e+00 1.487125903367996216e-01 -1.000000000000000000e+00 9.296004176139831543e-01 -9.944551587104797363e-01
-9.999995231628417969e-01 -9.999901056289672852e-01 -9.999998211860656738e-01 9.501062035560607910e-01 9.412577748298645020e-01 -9.996332526206970215e-01 9.998256564140319824e-01 -1.000000000000000000e+00 -4.446710348129272461e-01 -9.998393058776855469e-01 -9.515967965126037598e-01 1.000000000000000000e+00 1.487125903367996216e-01 -1.000000000000000000e+00 9.296004176139831543e-01 -9.944551587104797363e-01
-9.999995231628417969e-01 -9.999901056289672852e-01 -9.999998211860656738e-01 9.501062035560607910e-01 9.412577748298645020e-01 -9.996332526206970215e-01 9.998256564140319824e-01 -1.000000000000000000e+00 -4.446711242198944092e-01 -9.998393058776855469e-01 -9.515967965126037598e-01 1.000000000000000000e+00 1.487125903367996216e-01 -1.000000000000000000e+00 9.296004176139831543e-01 -9.944551587104797363e-01
-9.999995231628417969e-01 -9.999901056289672852e-01 -9.999998211860656738e-01 9.501062035560607910e-01 9.412577748298645020e-01 -9.996332526206970215e-01 9.998256564140319824e-01 -1.000000000000000000e+00 -4.446711242198944092e-01 -9.998393058776855469e-01 -9.515967965126037598e-01 1.000000000000000000e+00 1.487125903367996216e-01 -1.000000000000000000e+00 9.296004176139831543e-01 -9.944551587104797363e-01
-9.999995231628417969e-01 -9.999901056289672852e-01 -9.999998211860656738e-01 9.501062035560607910e-01 9.412577748298645020e-01 -9.996332526206970215e-01 9.998256564140319824e-01 -1.000000000000000000e+00 -4.446711242198944092e-01 -9.998393058776855469e-01 -9.515967965126037598e-01 1.000000000000000000e+00 1.487125903367996216e-01 -1.000000000000000000e+00 9.296004176139831543e-01 -9.944551587104797363e-01
-9.999995231628417969e-01 -9.999901056289672852e-01 -9.999998211860656738e-01 9.501062035560607910e-01 9.412577748298645020e-01 -9.996332526206970215e-01 9.998256564140319824e-01 -1.000000000000000000e+00 -4.446711242198944092e-01 -9.998393058776855469e-01 -9.515967965126037598e-01 1.000000000000000000e+00 1.487125903367996216e-01 -1.000000000000000000e+00 9.296004176139831543e-01 -9.944551587104797363e-01
-9.999995231628417969e-01 -9.999901056289672852e-01 -9.999998211860656738e-01 9.501062035560607910e-01 9.412577748298645020e-01 -9.996332526206970215e-01 9.998256564140319824e-01 -1.000000000000000000e+00 -4.446711242198944092e-01 -9.998393058776855469e-01 -9.515967965126037598e-01 1.000000000000000000e+00 1.487125903367996216e-01 -1.000000000000000000e+00 9.296004176139831543e-01 -9.944551587104797363e-01
-9.999995231628417969e-01 -9.999901056289672852e-01 -9.999998211860656738e-01 9.501062035560607910e-01 9.412577748298645020e-01 -9.996332526206970215e-01 9.998256564140319824e-01 -1.000000000000000000e+00 -4.446711242198944092e-01 -9.998393058776855469e-01 -9.515967965126037598e-01 1.000000000000000000e+00 1.487125903367996216e-01 -1.000000000000000000e+00 9.296004176139831543e-01 -9.944551587104797363e-01
-9.999995231628417969e-01 -9.999901056289672852e-01 -9.999998211860656738e-01 9.501062035560607910e-01 9.412577748298645020e-01 -9.996332526206970215e-01 9.998256564140319824e-01 -1.000000000000000000e+00 -4.446711242198944092e-01 -9.998393058776855469e-01 -9.515967965126037598e-01 1.000000000000000000e+00 1.487125903367996216e-01 -1.000000000000000000e+00 9.296004176139831543e-01 -9.944551587104797363e-01
-1.000000000000000000e+00 -9.999974370002746582e-01 -1.000000000000000000e+00 9.944958686828613281e-01 9.993963241577148438e-01 -9.873369336128234863e-01 9.999498128890991211e-01 -1.000000000000000000e+00 -2.694028988480567932e-02 -9.999985098838806152e-01 -9.988825917243957520e-01 1.000000000000000000e+00 9.995537996292114258e-01 -9.999993443489074707e-01 -9.952681660652160645e-01 -9.996085166931152344e-01
-1.000000000000000000e+00 -9.999997019767761230e-01 -1.000000000000000000e+00 9.977214336395263672e-01 9.984846711158752441e-01 -9.969488382339477539e-01 9.999127984046936035e-01 -1.000000000000000000e+00 4.886683523654937744e-01 -9.999983310699462891e-01 -9.986292123794555664e-01 1.000000000000000000e+00 9.989014267921447754e-01 -9.999990463256835938e-01 -9.968136548995971680e-01 -9.995348453521728516e-01
-1.000000000000000000e+00 -9.999997615814208984e-01 -1.000000000000000000e+00 9.978817105293273926e-01 9.988619685173034668e-01 -9.977658987045288086e-01 9.999497532844543457e-01 -1.000000000000000000e+00 5.179398059844970703e-01 -9.999986290931701660e-01 -9.986250400543212891e-01 1.000000000000000000e+00 9.985967278480529785e-01 -9.999988079071044922e-01 -9.973484277725219727e-01 -9.993857145309448242e-01
-1.000000000000000000e+00 -9.999998211860656738e-01 -1.000000000000000000e+00 9.978911876678466797e-01 9.988798499107360840e-01 -9.978047013282775879e-01 9.999510049819946289e-01 -1.000000000000000000e+00 5.199312567710876465e-01 -9.999987483024597168e-01 -9.986255168914794922e-01 1.000000000000000000e+00 9.985769391059875488e-01 -9.999987483024597168e-01 -9.973770380020141602e-01 -9.993761181831359863e-01
-1.000000000000000000e+00 -9.999998211860656738e-01 -1.000000000000000000e+00 9.978918433189392090e-01 9.988810420036315918e-01 -9.978073239326477051e-01 9.999511241912841797e-01 -1.000000000000000000e+00 5.200563073158264160e-01 -9.999987483024597168e-01 -9.986254572868347168e-01 1.000000000000000000e+00 9.985755681991577148e-01 -9.999987483024597168e-01 -9.973790049552917480e-01 -9.993752837181091309e-01
-1.000000000000000000e+00 -9.999997615814208984e-01 -1.000000000000000000e+00 9.978919029235839844e-01 9.988811612129211426e-01 -9.978074431419372559e-01 9.999511241912841797e-01 -1.000000000000000000e+00 5.200632810592651367e-01 -9.999985694885253906e-01 -9.986254572868347168e-01 1.000000000000000000e+00 9.985753297805786133e-01 -9.999987483024597168e-01 -9.973790049552917480e-01 -9.993752837181091309e-01
-1.000000000000000000e+00 -9.999996423721313477e-01 -1.000000000000000000e+00 9.978919029235839844e-01 9.988810420036315918e-01 -9.978074431419372559e-01 9.999511241912841797e-01 -1.000000000000000000e+00 5.200638175010681152e-01 -9.999986290931701660e-01 -9.986254572868347168e-01 1.000000000000000000e+00 9.985753893852233887e-01 -9.999988675117492676e-01 -9.973791837692260742e-01 -9.993751645088195801e-01
-1.000000000000000000e+00 -9.999997615814208984e-01 -1.000000000000000000e+00 9.978919029235839844e-01 9.988810420036315918e-01 -9.978076219558715820e-01 9.999511241912841797e-01 -1.000000000000000000e+00 5.200638771057128906e-01 -9.999986290931701660e-01 -9.986255168914794922e-01 1.000000000000000000e+00 9.985755085945129395e-01 -9.999988675117492676e-01 -9.973791241645812988e-01 -9.993751645088195801e-01
-1.000000000000000000e+00 -9.999997615814208984e-01 -1.000000000000000000e+00 9.978919029235839844e-01 9.988810420036315918e-01 -9.978076219558715820e-01 9.999511241912841797e-01 -1.000000000000000000e+00 5.200638771057128906e-01 -9.999987483024597168e-01 -9.986255168914794922e-01 1.000000000000000000e+00 9.985755085945129395e-01 -9.999988675117492676e-01 -9.973791837692260742e-01 -9.993751645088195801e-01
