1.000000000000000000e+00 2.243549376726150513e-01 1.000000000000000000e+00 1.000000000000000000e+00 9.990296959877014160e-01 -9.646126031875610352e-01 -1.000000000000000000e+00 1.000000000000000000e+00 9.887667894363403320e-01 9.997215867042541504e-01 -1.000000000000000000e+00 9.999985098838806152e-01 -9.999998211860656738e-01 -9.733959436416625977e-01 -1.000000000000000000e+00 9.999817013740539551e-01
1.000000000000000000e+00 9.999957680702209473e-01 1.000000000000000000e+00 9.999978542327880859e-01 9.922910332679748535e-01 9.382761716842651367e-01 1.295315027236938477e-01 1.000000000000000000e+00 -8.285322189331054688e-01 9.993511438369750977e-01 -1.000000000000000000e+00 9.907649159431457520e-01 -9.959607720375061035e-01 -1.000000000000000000e+00 -1.000000000000000000e+00 9.999992251396179199e-01
1.000000000000000000e+00 9.999993443489074707e-01 1.000000000000000000e+00 9.999989271163940430e-01 9.742690920829772949e-01 9.627354145050048828e-01 9.476819634437561035e-01 1.000000000000000000e+00 -7.716621160507202148e-01 9.998834133148193359e-01 -1.000000000000000000e+00 9.945535063743591309e-01 -9.968136548995971680e-01 -1.000000000000000000e+00 -1.000000000000000000e+00 9.999982118606567383e-01
1.000000000000000000e+00 9.999994635581970215e-01 1.000000000000000000e+00 9.999993443489074707e-01 9.769503474235534668e-01 9.612629413604736328e-01 9.603237509727478027e-01 1.000000000000000000e+00 -7.248358726501464844e-01 9.999384284019470215e-01 -1.000000000000000000e+00 9.964705705642700195e-01 -9.946616291999816895e-01 -1.000000000000000000e+00 -1.000000000000000000e+00 9.999967813491821289e-01
1.000000000000000000e+00 9.999997019767761230e-01 1.000000000000000000e+00 9.999994039535522461e-01 9.772825837135314941e-01 9.603136777877807617e-01 9.585673809051513672e-01 1.000000000000000000e+00 -7.189269661903381348e-01 9.999382495880126953e-01 -1.000000000000000000e+00 9.964647889137268066e-01 -9.944130778312683105e-01 -1.000000000000000000e+00 -1.000000000000000000e+00 9.999969005584716797e-01
1.000000000000000000e+00 9.999995231628417969e-01 1.000000000000000000e+00 9.999994039535522461e-01 9.773210883140563965e-01 9.601907134056091309e-01 9.582717418670654297e-01 1.000000000000000000e+00 -7.184361219406127930e-01 9.999378919601440430e-01 -1.000000000000000000e+00 9.964582324028015137e-01 -9.943941235542297363e-01 -1.000000000000000000e+00 -1.000000000000000000e+00 9.999969601631164551e-01
1.000000000000000000e+00 9.999996423721313477e-01 1.000000000000000000e+00 9.999993443489074707e-01 9.773240089416503906e-01 9.601804018020629883e-01 9.582433700561523438e-01 1.000000000000000000e+00 -7.184062004089355469e-01 9.999380111694335938e-01 -1.000000000000000000e+00 9.964574575424194336e-01 -9.943933486938476562e-01 -1.000000000000000000e+00 -1.000000000000000000e+00 9.999967813491821289e-01
1.000000000000000000e+00 9.999997019767761230e-01 1.000000000000000000e+00 9.999994039535522461e-01 9.773240685462951660e-01 9.601796865463256836e-01 9.582414627075195312e-01 1.000000000000000000e+00 -7.184050083160400391e-01 9.999380111694335938e-01 -1.000000000000000000e+00 9.964574575424194336e-01 -9.943934082984924316e-01 -1.000000000000000000e+00 -1.000000000000000000e+00 9.999969005584716797e-01
1.000000000000000000e+00 9.999996423721313477e-01 1.000000000000000000e+00 9.999993443489074707e-01 9.773241877555847168e-01 9.601797461509704590e-01 9.582413434982299805e-01 1.000000000000000000e+00 -7.184050083160400391e-01 9.999378323554992676e-01 -1.000000000000000000e+00 9.964574575424194336e-01 -9.943932890892028809e-01 -1.000000000000000000e+00 -1.000000000000000000e+00 9.999969601631164551e-01
1.000000000000000000e+00 9.999996423721313477e-01 1.000000000000000000e+00 9.999993443489074707e-01 9.773241877555847168e-01 9.601797461509704590e-01 9.582412242889404297e-01 1.000000000000000000e+00 -7.184050083160400391e-01 9.999378323554992676e-01 -1.000000000000000000e+00 9.964574575424194336e-01 -9.943932890892028809e-01 -1.000000000000000000e+00 -1.000000000000000000e+00 9.999969601631164551e-01
1.000000000000000000e+00 9.999996423721313477e-01 1.000000000000000000e+00 9.999993443489074707e-01 9.773241877555847168e-01 9.601797461509704590e-01 9.582412242889404297e-01 1.000000000000000000e+00 -7.184050083160400391e-01 9.999378323554992676e-01 -1.000000000000000000e+00 9.964574575424194336e-01 -9.943932890892028809e-01 -1.000000000000000000e+00 -1.000000000000000000e+00 9.999969601631164551e-01
1.000000000000000000e+00 9.999996423721313477e-01 1.000000000000000000e+00 9.999993443489074707e-01 9.773241877555847168e-01 9.601797461509704590e-01 9.582412242889404297e-01 1.000000000000000000e+00 -7.184050083160400391e-01 9.999378323554992676e-01 -1.000000000000000000e+00 9.964574575424194336e-01 -9.943932890892028809e-01 -1.000000000000000000e+00 -1.000000000000000000e+00 9.999969601631164551e-01
1.000000000000000000e+00 9.999996423721313477e-01 1.000000000000000000e+00 9.999993443489074707e-01 9.773241877555847168e-01 9.601797461509704590e-01 9.582412242889404297e-01 1.000000000000000000e+00 -7.184050083160400391e-01 9.999378323554992676e-01 -1.000000000000000000e+00 9.964574575424194336e-01 -9.943932890892028809e-01 -1.000000000000000000e+00 -1.000000000000000000e+00 9.999969601631164551e-01
1.000000000000000000e+00 9.999996423721313477e-01 1.000000000000000000e+00 9.999993443489074707e-01 9.773241877555847168e-01 9.601797461509704590e-01 9.582412242889404297e-01 1.000000000000000000e+00 -7.184050083160400391e-01 9.999378323554992676e-01 -1.000000000000000000e+00 9.964574575424194336e-01 -9.943932890892028809e-01 -1.000000000000000000e+00 -1.000000000000000000e+00 9.999969601631164551e-01
1.000000000000000000e+00 9.999996423721313477e-01 1.000000000000000000e+00 9.999993443489074707e-01 9.773241877555847168e-01 9.601797461509704590e-01 9.582412242889404297e-01 1.000000000000000000e+00 -7.184050083160400391e-01 9.999378323554992676e-01 -1.000000000000000000e+00 9.964574575424194336e-01 -9.943932890892028809e-01 -1.000000000000000000e+00 -1.000000000000000000e+00 9.999969601631164551e-01
1.000000000000000000e+00 9.999996423721313477e-01 1.000000000000000000e+00 9.999993443489074707e-01 9.773241877555847168e-01 9.601797461509704590e-01 9.582412242889404297e-01 1.000000000000000000e+00 -7.184050083160400391e-01 9.999378323554992676e-01 -1.000000000000000000e+00 9.964574575424194336e-01 -9.943932890892028809e-01 -1.000000000000000000e+00 -1.000000000000000000e+00 9.999969601631164551e-01
1.000000000000000000e+00 9.999996423721313477e-01 1.000000000000000000e+00 9.999993443489074707e-01 9.773241877555847168e-01 9.601797461509704590e-01 9.582412242889404297e-01 1.000000000000000000e+00 -7.184050083160400391e-01 9.999378323554992676e-01 -1.000000000000000000e+00 9.964574575424194336e-01 -9.943932890892028809e-01 -1.000000000000000000e+00 -1.000000000000000000e+00 9.999969601631164551e-01
1.000000000000000000e+00 9.999996423721313477e-01 1.000000000000000000e+00 9.999993443489074707e-01 9.773241877555847168e-01 9.601797461509704590e-01 9.582412242889404297e-01 1.000000000000000000e+00 -7.184050083160400391e-01 9.999378323554992676e-01 -1.000000000000000000e+00 9.964574575424194336e-01 -9.943932890892028809e-01 -1.000000000000000000e+00 -1.000000000000000000e+00 9.999969601631164551e-01
1.000000000000000000e+00 9.999996423721313477e-01 1.000000000000000000e+00 9.999993443489074707e-01 9.773241877555847168e-01 9.601797461509704590e-01 9.582412242889404297e-01 1.000000000000000000e+00 -7.184050083160400391e-01 9.999378323554992676e-01 -1.000000000000000000e+00 9.964574575424194336e-01 -9.943932890892028809e-01 -1.000000000000000000e+00 -1.000000000000000000e+00 9.999969601631164551e-01
1.000000000000000000e+00 9.999996423721313477e-01 1.000000000000000000e+00 9.999993443489074707e-01 9.773241877555847168e-01 9.601797461509704590e-01 9.582412242889404297e-01 1.000000000000000000e+00 -7.184050083160400391e-01 9.999378323554992676e-01 -1.000000000000000000e+00 9.964574575424194336e-01 -9.943932890892028809e-01 -1.000000000000000000e+00 -1.000000000000000000e+00 9.999969601631164551e-01
1.000000000000000000e+00 9.999996423721313477e-01 1.000000000000000000e+00 9.999993443489074707e-01 9.773241877555847168e-01 9.601797461509704590e-01 9.582412242889404297e-01 1.000000000000000000e+00 -7.184050083160400391e-01 9.999378323554992676e-01 -1.000000000000000000e+00 9.964574575424194336e-01 -9.943932890892028809e-01 -1.000000000000000000e+00 -1.000000000000000000e+00 9.999969601631164551e-01
1.000000000000000000e+00 9.999996423721313477e-01 1.000000000000000000e+00 9.999993443489074707e-01 9.773241877555847168e-01 9.601797461509704590e-01 9.582412242889404297e-01 1.000000000000000000e+00 -7.184050083160400391e-01 9.999378323554992676e-01 -1.000000000000000000e+00 9.964574575424194336e-01 -9.943932890892028809e-01 -1.000000000000000000e+00 -1.000000000000000000e+00 9.999969601631164551e-01
1.000000000000000000e+00 9.999996423721313477e-01 1.000000000000000000e+00 9.999993443489074707e-01 9.773241877555847168e-01 9.601797461509704590e-01 9.582412242889404297e-01 1.000000000000000000e+00 -7.184050083160400391e-01 9.999378323554992676e-01 -1.000000000000000000e+00 9.964574575424194336e-01 -9.943932890892028809e-01 -1.000000000000000000e+00 -1.000000000000000000e+00 9.999969601631164551e-01
1.000000000000000000e+00 9.999996423721313477e-01 1.000000000000000000e+00 9.999993443489074707e-01 9.773241877555847168e-01 9.601797461509704590e-01 9.582412242889404297e-01 1.000000000000000000e+00 -7.184050083160400391e-01 9.999378323554992676e-01 -1.000000000000000000e+00 9.964574575424194336e-01 -9.943932890892028809e-01 -1.000000000000000000e+00 -1.000000000000000000e+00 9.999969601631164551e-01
1.000000000000000000e+00 9.999996423721313477e-01 1.000000000000000000e+00 9.999993443489074707e-01 9.773241877555847168e-01 9.601797461509704590e-01 9.582412242889404297e-01 1.000000000000000000e+00 -7.184050083160400391e-01 9.999378323554992676e-01 -1.000000000000000000e+00 9.964574575424194336e-01 -9.943932890892028809e-01 -1.000000000000000000e+00 -1.000000000000000000e+00 9.999969601631164551e-01
1.000000000000000000e+00 9.999996423721313477e-01 1.000000000000000000e+00 9.999993443489074707e-01 9.773241877555847168e-01 9.601797461509704590e-01 9.582412242889404297e-01 1.000000000000000000e+00 -7.184050083160400391e-01 9.999378323554992676e-01 -1.000000000000000000e+00 9.964574575424194336e-01 -9.943932890892028809e-01 -1.000000000000000000e+00 -1.000000000000000000e+00 9.999969601631164551e-01
1.000000000000000000e+00 9.999996423721313477e-01 1.000000000000000000e+00 9.999993443489074707e-01 9.773241877555847168e-01 9.601797461509704590e-01 9.582412242889404297e-01 1.000000000000000000e+00 -7.184050083160400391e-01 9.999378323554992676e-01 -1.000000000000000000e+00 9.964574575424194336e-01 -9.943932890892028809e-01 -1.000000000000000000e+00 -1.000000000000000000e+00 9.999969601631164551e-01
1.000000000000000000e+00 9.999996423721313477e-01 1.000000000000000000e+00 9.999993443489074707e-01 9.773241877555847168e-01 9.601797461509704590e-01 9.582412242889404297e-01 1.000000000000000000e+00 -7.184050083160400391e-01 9.999378323554992676e-01 -1.000000000000000000e+00 9.964574575424194336e-01 -9.943932890892028809e-01 -1.000000000000000000e+00 -1.000000000000000000e+00 9.999969601631164551e-01
1.000000000000000000e+00 9.999996423721313477e-01 1.000000000000000000e+00 9.999993443489074707e-01 9.773241877555847168e-01 9.601797461509704590e-01 9.582412242889404297e-01 1.000000000000000000e+00 -7.184050083160400391e-01 9.999378323554992676e-01 -1.000000000000000000e+00 9.964574575424194336e-01 -9.943932890892028809e-01 -1.000000000000000000e+00 -1.000000000000000000e+00 9.999969601631164551e-01
1.000000000000000000e+00 9.999996423721313477e-01 1.000000000000000000e+00 9.999993443489074707e-01 9.773241877555847168e-01 9.601797461509704590e-01 9.582412242889404297e-01 1.000000000000000000e+00 -7.184050083160400391e-01 9.999378323554992676e-01 -1.000000000000000000e+00 9.964574575424194336e-01 -9.943932890892028809e-01 -1.000000000000000000e+00 -1.000000000000000000e+00 9.999969601631164551e-01
1.000000000000000000e+00 9.999996423721313477e-01 1.000000000000000000e+00 9.999993443489074707e-01 9.773240685462951660e-01 9.601796269416809082e-01 9.582414031028747559e-01 1.000000000000000000e+00 -7.184053659439086914e-01 9.999380111694335938e-01 -1.000000000000000000e+00 9.964574575424194336e-01 -9.943932890892028809e-01 -1.000000000000000000e+00 -1.000000000000000000e+00 9.999969601631164551e-01
1.000000000000000000e+00 1.000000000000000000e+00 1.000000000000000000e+00 9.999276995658874512e-01 8.322364091873168945e-01 9.756059050559997559e-01 9.839415550231933594e-01 1.000000000000000000e+00 -7.968444228172302246e-01 9.999625086784362793e-01 -1.000000000000000000e+00 9.986124038696289062e-01 -9.078896641731262207e-01 -1.000000000000000000e+00 -1.000000000000000000e+00 9.999969005584716797e-01
1.000000000000000000e+00 1.000000000000000000e+00 1.000000000000000000e+00 9.999262094497680664e-01 8.372316956520080566e-01 9.767240285873413086e-01 9.864915013313293457e-01 1.000000000000000000e+00 -8.362083435058593750e-01 9.999641180038452148e-01 -1.000000000000000000e+00 9.985160827636718750e-01 -9.034022092819213867e-01 -1.000000000000000000e+00 -1.000000000000000000e+00 9.999967813491821289e-01
1.000000000000000000e+00 1.000000000000000000e+00 1.000000000000000000e+00 9.999271035194396973e-01 8.341681957244873047e-01 9.771579504013061523e-01 9.869671463966369629e-01 1.000000000000000000e+00 -8.392963409423828125e-01 9.999645948410034180e-01 -1.000000000000000000e+00 9.985367059707641602e-01 -9.059939980506896973e-01 -1.000000000000000000e+00 -1.000000000000000000e+00 9.999967217445373535e-01
1.000000000000000000e+00 1.000000000000000000e+00 1.000000000000000000e+00 9.999269843101501465e-01 8.345392942428588867e-01 9.772082567214965820e-01 9.870431423187255859e-01 1.000000000000000000e+00 -8.393115401268005371e-01 9.999645352363586426e-01 -1.000000000000000000e+00 9.985342025756835938e-01 -9.062500000000000000e-01 -1.000000000000000000e+00 -1.000000000000000000e+00 9.999967217445373535e-01
1.000000000000000000e+00 1.000000000000000000e+00 1.000000000000000000e+00 9.999269247055053711e-01 8.345178961753845215e-01 9.772083759307861328e-01 9.870414733886718750e-01 1.000000000000000000e+00 -8.392204642295837402e-01 9.999644756317138672e-01 -1.000000000000000000e+00 9.985346198081970215e-01 -9.062674045562744141e-01 -1.000000000000000000e+00 -1.000000000000000000e+00 9.999967217445373535e-01
1.000000000000000000e+00 1.000000000000000000e+00 1.000000000000000000e+00 9.999269247055053711e-01 8.345267772674560547e-01 9.772073626518249512e-01 9.870406389236450195e-01 1.000000000000000000e+00 -8.392128348350524902e-01 9.999644756317138672e-01 -1.000000000000000000e+00 9.985345602035522461e-01 -9.062613248825073242e-01 -1.000000000000000000e+00 -1.000000000000000000e+00 9.999966025352478027e-01
1.000000000000000000e+00 1.000000000000000000e+00 1.000000000000000000e+00 9.999271035194396973e-01 8.345257043838500977e-01 9.772072434425354004e-01 9.870404005050659180e-01 1.000000000000000000e+00 -8.392124176025390625e-01 9.999646544456481934e-01 -1.000000000000000000e+00 9.985345602035522461e-01 -9.062606692314147949e-01 -1.000000000000000000e+00 -1.000000000000000000e+00 9.999966025352478027e-01
1.000000000000000000e+00 1.000000000000000000e+00 1.000000000000000000e+00 9.999271035194396973e-01 8.345257639884948730e-01 9.772071242332458496e-01 9.870404005050659180e-01 1.000000000000000000e+00 -8.392127752304077148e-01 9.999644756317138672e-01 -1.000000000000000000e+00 9.985346198081970215e-01 -9.062606096267700195e-01 -1.000000000000000000e+00 -1.000000000000000000e+00 9.999966025352478027e-01
1.000000000000000000e+00 1.000000000000000000e+00 1.000000000000000000e+00 9.999271035194396973e-01 8.345258831977844238e-01 9.772072434425354004e-01 9.870404005050659180e-01 1.000000000000000000e+00 -8.392128348350524902e-01 9.999644756317138672e-01 -1.000000000000000000e+00 9.985346198081970215e-01 -9.062606096267700195e-01 -1.000000000000000000e+00 -1.000000000000000000e+00 9.999966025352478027e-01
1.000000000000000000e+00 1.000000000000000000e+00 1.000000000000000000e+00 9.999271035194396973e-01 8.345257043838500977e-01 9.772072434425354004e-01 9.870404005050659180e-01 1.000000000000000000e+00 -8.392128348350524902e-01 9.999644756317138672e-01 -1.000000000000000000e+00 9.985346198081970215e-01 -9.062606096267700195e-01 -1.000000000000000000e+00 -1.000000000000000000e+00 9.999966025352478027e-01
1.000000000000000000e+00 1.000000000000000000e+00 1.000000000000000000e+00 9.999271035194396973e-01 8.345258831977844238e-01 9.772072434425354004e-01 9.870404005050659180e-01 1.000000000000000000e+00 -8.392128348350524902e-01 9.999644756317138672e-01 -1.000000000000000000e+00 9.985346198081970215e-01 -9.062606096267700195e-01 -1.000000000000000000e+00 -1.000000000000000000e+00 9.999966025352478027e-01
1.000000000000000000e+00 1.000000000000000000e+00 1.000000000000000000e+00 9.999271035194396973e-01 8.345257043838500977e-01 9.772072434425354004e-01 9.870404005050659180e-01 1.000000000000000000e+00 -8.392128348350524902e-01 9.999644756317138672e-01 -1.000000000000000000e+00 9.985346198081970215e-01 -9.062606096267700195e-01 -1.000000000000000000e+00 -1.000000000000000000e+00 9.999966025352478027e-01
1.000000000000000000e+00 1.000000000000000000e+00 1.000000000000000000e+00 9.999271035194396973e-01 8.345258831977844238e-01 9.772072434425354004e-01 9.870404005050659180e-01 1.000000000000000000e+00 -8.392128348350524902e-01 9.999644756317138672e-01 -1.000000000000000000e+00 9.985346198081970215e-01 -9.062606096267700195e-01 -1.000000000000000000e+00 -1.000000000000000000e+00 9.999966025352478027e-01
1.000000000000000000e+00 1.000000000000000000e+00 1.000000000000000000e+00 9.999271035194396973e-01 8.345257043838500977e-01 9.772072434425354004e-01 9.870404005050659180e-01 1.000000000000000000e+00 -8.392128348350524902e-01 9.999644756317138672e-01 -1.000000000000000000e+00 9.985346198081970215e-01 -9.062606096267700195e-01 -1.000000000000000000e+00 -1.000000000000000000e+00 9.999966025352478027e-01
1.000000000000000000e+00 1.000000000000000000e+00 1.000000000000000000e+00 9.999271035194396973e-01 8.345258831977844238e-01 9.772072434425354004e-01 9.870404005050659180e-01 1.000000000000000000e+00 -8.392128348350524902e-01 9.999644756317138672e-01 -1.000000000000000000e+00 9.985346198081970215e-01 -9.062606096267700195e-01 -1.000000000000000000e+00 -1.000000000000000000e+00 9.999966025352478027e-01
1.000000000000000000e+00 1.000000000000000000e+00 1.000000000000000000e+00 9.999271035194396973e-01 8.345257043838500977e-01 9.772072434425354004e-01 9.870404005050659180e-01 1.000000000000000000e+00 -8.392128348350524902e-01 9.999644756317138672e-01 -1.000000000000000000e+00 9.985346198081970215e-01 -9.062606096267700195e-01 -1.000000000000000000e+00 -1.000000000000000000e+00 9.999966025352478027e-01
1.000000000000000000e+00 1.000000000000000000e+00 1.000000000000000000e+00 9.999271035194396973e-01 8.345258831977844238e-01 9.772072434425354004e-01 9.870404005050659180e-01 1.000000000000000000e+00 -8.392128348350524902e-01 9.999644756317138672e-01 -1.000000000000000000e+00 9.985346198081970215e-01 -9.062606096267700195e-01 -1.000000000000000000e+00 -1.000000000000000000e+00 9.999966025352478027e-01
1.000000000000000000e+00 1.000000000000000000e+00 1.000000000000000000e+00 9.999271035194396973e-01 8.345257043838500977e-01 9.772072434425354004e-01 9.870404005050659180e-01 1.000000000000000000e+00 -8.392128348350524902e-01 9.999644756317138672e-01 -1.000000000000000000e+00 9.985346198081970215e-01 -9.062606096267700195e-01 -1.000000000000000000e+00 -1.000000000000000000e+00 9.999966025352478027e-01
1.000000000000000000e+00 1.000000000000000000e+00 1.000000000000000000e+00 9.999271035194396973e-01 8.345258831977844238e-01 9.772072434425354004e-01 9.870404005050659180e-01 1.000000000000000000e+00 -8.392128348350524902e-01 9.999644756317138672e-01 -1.000000000000000000e+00 9.985346198081970215e-01 -9.062606096267700195e-01 -1.000000000000000000e+00 -1.000000000000000000e+00 9.999966025352478027e-01
1.000000000000000000e+00 1.000000000000000000e+00 1.000000000000000000e+00 9.999271035194396973e-01 8.345257043838500977e-01 9.772072434425354004e-01 9.870404005050659180e-01 1.000000000000000000e+00 -8.392128348350524902e-01 9.999644756317138672e-01 -1.000000000000000000e+00 9.985346198081970215e-01 -9.062606096267700195e-01 -1.000000000000000000e+00 -1.000000000000000000e+00 9.999966025352478027e-01
1.000000000000000000e+00 1.000000000000000000e+00 1.000000000000000000e+00 9.999271035194396973e-01 8.345258831977844238e-01 9.772072434425354004e-01 9.870404005050659180e-01 1.000000000000000000e+00 -8.392128348350524902e-01 9.999644756317138672e-01 -1.000000000000000000e+00 9.985346198081970215e-01 -9.062606096267700195e-01 -1.000000000000000000e+00 -1.000000000000000000e+00 9.999966025352478027e-01
1.000000000000000000e+00 1.000000000000000000e+00 1.000000000000000000e+00 9.999271035194396973e-01 8.345257043838500977e-01 9.772072434425354004e-01 9.870404005050659180e-01 1.000000000000000000e+00 -8.392128348350524902e-01 9.999644756317138672e-01 -1.000000000000000000e+00 9.985346198081970215e-01 -9.062606096267700195e-01 -1.000000000000000000e+00 -1.000000000000000000e+00 9.999966025352478027e-01
1.000000000000000000e+00 1.000000000000000000e+00 1.000000000000000000e+00 9.999271035194396973e-01 8.345258831977844238e-01 9.772072434425354004e-01 9.870404005050659180e-01 1.000000000000000000e+00 -8.392128348350524902e-01 9.999644756317138672e-01 -1.000000000000000000e+00 9.985346198081970215e-01 -9.062606096267700195e-01 -1.000000000000000000e+00 -1.000000000000000000e+00 9.999966025352478027e-01
1.000000000000000000e+00 1.000000000000000000e+00 1.000000000000000000e+00 9.999271035194396973e-01 8.345257043838500977e-01 9.772072434425354004e-01 9.870404005050659180e-01 1.000000000000000000e+00 -8.392128348350524902e-01 9.999644756317138672e-01 -1.000000000000000000e+00 9.985346198081970215e-01 -9.062606096267700195e-01 -1.000000000000000000e+00 -1.000000000000000000e+00 9.999966025352478027e-01
1.000000000000000000e+00 1.000000000000000000e+00 1.000000000000000000e+00 9.999271035194396973e-01 8.345258831977844238e-01 9.772072434425354004e-01 9.870404005050659180e-01 1.000000000000000000e+00 -8.392128348350524902e-01 9.999644756317138672e-01 -1.000000000000000000e+00 9.985346198081970215e-01 -9.062606096267700195e-01 -1.000000000000000000e+00 -1.000000000000000000e+00 9.999966025352478027e-01
1.000000000000000000e+00 1.000000000000000000e+00 1.000000000000000000e+00 9.999271035194396973e-01 8.345257043838500977e-01 9.772072434425354004e-01 9.870404005050659180e-01 1.000000000000000000e+00 -8.392128348350524902e-01 9.999644756317138672e-01 -1.000000000000000000e+00 9.985346198081970215e-01 -9.062606096267700195e-01 -1.000000000000000000e+00 -1.000000000000000000e+00 9.999966025352478027e-01
1.000000000000000000e+00 1.000000000000000000e+00 1.000000000000000000e+00 9.999271035194396973e-01 8.345258831977844238e-01 9.772072434425354004e-01 9.870404005050659180e-01 1.000000000000000000e+00 -8.392128348350524902e-01 9.999644756317138672e-01 -1.000000000000000000e+00 9.985346198081970215e-01 -9.062606096267700195e-01 -1.000000000000000000e+00 -1.000000000000000000e+00 9.999966025352478027e-01
1.000000000000000000e+00 1.000000000000000000e+00 1.000000000000000000e+00 9.999271035194396973e-01 8.345257043838500977e-01 9.772072434425354004e-01 9.870404005050659180e-01 1.000000000000000000e+00 -8.392128348350524902e-01 9.999644756317138672e-01 -1.000000000000000000e+00 9.985346198081970215e-01 -9.062606096267700195e-01 -1.000000000000000000e+00 -1.000000000000000000e+00 9.999966025352478027e-01
1.000000000000000000e+00 1.000000000000000000e+00 1.000000000000000000e+00 9.999271035194396973e-01 8.345258831977844238e-01 9.772072434425354004e-01 9.870404005050659180e-01 1.000000000000000000e+00 -8.392128348350524902e-01 9.999644756317138672e-01 -1.000000000000000000e+00 9.985346198081970215e-01 -9.062606096267700195e-01 -1.000000000000000000e+00 -1.000000000000000000e+00 9.999966025352478027e-01
1.000000000000000000e+00 1.000000000000000000e+00 1.000000000000000000e+00 9.999271035194396973e-01 8.345257043838500977e-01 9.772072434425354004e-01 9.870404005050659180e-01 1.000000000000000000e+00 -8.392128348350524902e-01 9.999644756317138672e-01 -1.000000000000000000e+00 9.985346198081970215e-01 -9.062606096267700195e-01 -1.000000000000000000e+00 -1.000000000000000000e+00 9.999966025352478027e-01
1.000000000000000000e+00 -8.390118479728698730e-01 1.000000000000000000e+00 9.999996423721313477e-01 9.926105737686157227e-01 9.999905228614807129e-01 -9.986388087272644043e-01 1.000000000000000000e+00 -7.262322306632995605e-01 8.887743353843688965e-01 -1.000000000000000000e+00 9.999542832374572754e-01 9.786404371261596680e-01 -9.999996423721313477e-01 -1.000000000000000000e+00 1.000000000000000000e+00
1.000000000000000000e+00 -9.821586608886718750e-01 9.999989271163940430e-01 9.999997019767761230e-01 9.912775754928588867e-01 9.999974966049194336e-01 -9.996305108070373535e-01 1.000000000000000000e+00 -9.823020100593566895e-01 1.687944531440734863e-01 -1.000000000000000000e+00 9.999534487724304199e-01 9.947120547294616699e-01 -9.999998807907104492e-01 -1.000000000000000000e+00 1.000000000000000000e+00
1.000000000000000000e+00 -9.786994457244873047e-01 9.999990463256835938e-01 9.999995231628417969e-01 9.815557599067687988e-01 9.999984502792358398e-01 -9.995916485786437988e-01 1.000000000000000000e+00 -9.838041067123413086e-01 1.897266954183578491e-01 -1.000000000000000000e+00 9.999518394470214844e-01 9.964485168457031250e-01 -1.000000000000000000e+00 -1.000000000000000000e+00 1.000000000000000000e+00
1.000000000000000000e+00 -9.789488315582275391e-01 9.999990463256835938e-01 9.999996423721313477e-01 9.820083975791931152e-01 9.999986290931701660e-01 -9.995867609977722168e-01 1.000000000000000000e+00 -9.839888811111450195e-01 1.914695054292678833e-01 -1.000000000000000000e+00 9.999517202377319336e-01 9.963962435722351074e-01 -1.000000000000000000e+00 -1.000000000000000000e+00 1.000000000000000000e+00
1.000000000000000000e+00 -9.789576530456542969e-01 9.999990463256835938e-01 9.999996423721313477e-01 9.820368289947509766e-01 9.999986290931701660e-01 -9.995868802070617676e-01 1.000000000000000000e+00 -9.839879274368286133e-01 1.915196180343627930e-01 -1.000000000000000000e+00 9.999516606330871582e-01 9.963913559913635254e-01 -1.000000000000000000e+00 -1.000000000000000000e+00 1.000000000000000000e+00
1.000000000000000000e+00 -9.789577722549438477e-01 9.999989867210388184e-01 9.999996423721313477e-01 9.820375442504882812e-01 9.999986290931701660e-01 -9.995868206024169922e-01 1.000000000000000000e+00 -9.839874505996704102e-01 1.915185153484344482e-01 -1.000000000000000000e+00 9.999517798423767090e-01 9.963912367820739746e-01 -1.000000000000000000e+00 -1.000000000000000000e+00 1.000000000000000000e+00
1.000000000000000000e+00 -9.789575934410095215e-01 9.999989867210388184e-01 9.999996423721313477e-01 9.820374846458435059e-01 9.999987483024597168e-01 -9.995868206024169922e-01 1.000000000000000000e+00 -9.839873909950256348e-01 1.915184706449508667e-01 -1.000000000000000000e+00 9.999517798423767090e-01 9.963912367820739746e-01 -1.000000000000000000e+00 -1.000000000000000000e+00 1.000000000000000000e+00
1.000000000000000000e+00 -9.789575934410095215e-01 9.999989867210388184e-01 9.999996423721313477e-01 9.820374846458435059e-01 9.999987483024597168e-01 -9.995868206024169922e-01 1.000000000000000000e+00 -9.839873909950256348e-01 1.915184706449508667e-01 -1.000000000000000000e+00 9.999517798423767090e-01 9.963912367820739746e-01 -1.000000000000000000e+00 -1.000000000000000000e+00 1.000000000000000000e+00
1.000000000000000000e+00 -9.789575934410095215e-01 9.999989867210388184e-01 9.999996423721313477e-01 9.820374846458435059e-01 9.999987483024597168e-01 -9.995868206024169922e-01 1.000000000000000000e+00 -9.839873909950256348e-01 1.915184706449508667e-01 -1.000000000000000000e+00 9.999517798423767090e-01 9.963912367820739746e-01 -1.000000000000000000e+00 -1.000000000000000000e+00 1.000000000000000000e+00
1.000000000000000000e+00 -9.789575934410095215e-01 9.999989867210388184e-01 9.999996423721313477e-01 9.820374846458435059e-01 9.999987483024597168e-01 -9.995868206024169922e-01 1.000000000000000000e+00 -9.839873909950256348e-01 1.915184706449508667e-01 -1.000000000000000000e+00 9.999517798423767090e-01 9.963912367820739746e-01 -1.000000000000000000e+00 -1.000000000000000000e+00 1.000000000000000000e+00
1.000000000000000000e+00 -9.789575934410095215e-01 9.999989867210388184e-01 9.999996423721313477e-01 9.820374846458435059e-01 9.999987483024597168e-01 -9.995868206024169922e-01 1.000000000000000000e+00 -9.839873909950256348e-01 1.915184706449508667e-01 -1.000000000000000000e+00 9.999517798423767090e-01 9.963912367820739746e-01 -1.000000000000000000e+00 -1.000000000000000000e+00 1.000000000000000000e+00
1.000000000000000000e+00 -9.789575934410095215e-01 9.999989867210388184e-01 9.999996423721313477e-01 9.820374846458435059e-01 9.999987483024597168e-01 -9.995868206024169922e-01 1.000000000000000000e+00 -9.839873909950256348e-01 1.915184706449508667e-01 -1.000000000000000000e+00 9.999517798423767090e-01 9.963912367820739746e-01 -1.000000000000000000e+00 -1.000000000000000000e+00 1.000000000000000000e+00
1.000000000000000000e+00 -9.789575934410095215e-01 9.999989867210388184e-01 9.999996423721313477e-01 9.820374846458435059e-01 9.999987483024597168e-01 -9.995868206024169922e-01 1.000000000000000000e+00 -9.839873909950256348e-01 1.915184706449508667e-01 -1.000000000000000000e+00 9.999517798423767090e-01 9.963912367820739746e-01 -1.000000000000000000e+00 -1.000000000000000000e+00 1.000000000000000000e+00
1.000000000000000000e+00 -9.789575934410095215e-01 9.999989867210388184e-01 9.999996423721313477e-01 9.820374846458435059e-01 9.999987483024597168e-01 -9.995868206024169922e-01 1.000000000000000000e+00 -9.839873909950256348e-01 1.915184706449508667e-01 -1.000000000000000000e+00 9.999517798423767090e-01 9.963912367820739746e-01 -1.000000000000000000e+00 -1.000000000000000000e+00 1.000000000000000000e+00
1.000000000000000000e+00 -9.789575934410095215e-01 9.999989867210388184e-01 9.999996423721313477e-01 9.820374846458435059e-01 9.999987483024597168e-01 -9.995868206024169922e-01 1.000000000000000000e+00 -9.839873909950256348e-01 1.915184706449508667e-01 -1.000000000000000000e+00 9.999517798423767090e-01 9.963912367820739746e-01 -1.000000000000000000e+00 -1.000000000000000000e+00 1.000000000000000000e+00
1.000000000000000000e+00 -9.789575934410095215e-01 9.999989867210388184e-01 9.999996423721313477e-01 9.820374846458435059e-01 9.999987483024597168e-01 -9.995868206024169922e-01 1.000000000000000000e+00 -9.839873909950256348e-01 1.915184706449508667e-01 -1.000000000000000000e+00 9.999517798423767090e-01 9.963912367820739746e-01 -1.000000000000000000e+00 -1.000000000000000000e+00 1.000000000000000000e+00
1.000000000000000000e+00 -9.789575934410095215e-01 9.999989867210388184e-01 9.999996423721313477e-01 9.820374846458435059e-01 9.999987483024597168e-01 -9.995868206024169922e-01 1.000000000000000000e+00 -9.839873909950256348e-01 1.915184706449508667e-01 -1.000000000000000000e+00 9.999517798423767090e-01 9.963912367820739746e-01 -1.000000000000000000e+00 -1.000000000000000000e+00 1.000000000000000000e+00
1.000000000000000000e+00 -9.789575934410095215e-01 9.999989867210388184e-01 9.999996423721313477e-01 9.820374846458435059e-01 9.999987483024597168e-01 -9.995868206024169922e-01 1.000000000000000000e+00 -9.839873909950256348e-01 1.915184706449508667e-01 -1.000000000000000000e+00 9.999517798423767090e-01 9.963912367820739746e-01 -1.000000000000000000e+00 -1.000000000000000000e+00 1.000000000000000000e+00
1.000000000000000000e+00 -9.789575934410095215e-01 9.999989867210388184e-01 9.999996423721313477e-01 9.820374846458435059e-01 9.999987483024597168e-01 -9.995868206024169922e-01 1.000000000000000000e+00 -9.839873909950256348e-01 1.915184706449508667e-01 -1.000000000000000000e+00 9.999517798423767090e-01 9.963912367820739746e-01 -1.000000000000000000e+00 -1.000000000000000000e+00 1.000000000000000000e+00
1.000000000000000000e+00 -9.789575934410095215e-01 9.999989867210388184e-01 9.999996423721313477e-01 9.820374846458435059e-01 9.999987483024597168e-01 -9.995868206024169922e-01 1.000000000000000000e+00 -9.839873909950256348e-01 1.915184706449508667e-01 -1.000000000000000000e+00 9.999517798423767090e-01 9.963912367820739746e-01 -1.000000000000000000e+00 -1.000000000000000000e+00 1.000000000000000000e+00
1.000000000000000000e+00 -9.789575934410095215e-01 9.999989867210388184e-01 9.999996423721313477e-01 9.820374846458435059e-01 9.999987483024597168e-01 -9.995868206024169922e-01 1.000000000000000000e+00 -9.839873909950256348e-01 1.915184706449508667e-01 -1.000000000000000000e+00 9.999517798423767090e-01 9.963912367820739746e-01 -1.000000000000000000e+00 -1.000000000000000000e+00 1.000000000000000000e+00
1.000000000000000000e+00 -9.789575934410095215e-01 9.999989867210388184e-01 9.999996423721313477e-01 9.820374846458435059e-01 9.999987483024597168e-01 -9.995868206024169922e-01 1.000000000000000000e+00 -9.839873909950256348e-01 1.915184706449508667e-01 -1.000000000000000000e+00 9.999517798423767090e-01 9.963912367820739746e-01 -1.000000000000000000e+00 -1.000000000000000000e+00 1.000000000000000000e+00
1.000000000000000000e+00 -9.789575934410095215e-01 9.999989867210388184e-01 9.999996423721313477e-01 9.820374846458435059e-01 9.999987483024597168e-01 -9.995868206024169922e-01 1.000000000000000000e+00 -9.839873909950256348e-01 1.915184706449508667e-01 -1.000000000000000000e+00 9.999517798423767090e-01 9.963912367820739746e-01 -1.000000000000000000e+00 -1.000000000000000000e+00 1.000000000000000000e+00
1.000000000000000000e+00 -9.789575934410095215e-01 9.999989867210388184e-01 9.999996423721313477e-01 9.820374846458435059e-01 9.999987483024597168e-01 -9.995868206024169922e-01 1.000000000000000000e+00 -9.839873909950256348e-01 1.915184706449508667e-01 -1.000000000000000000e+00 9.999517798423767090e-01 9.963912367820739746e-01 -1.000000000000000000e+00 -1.000000000000000000e+00 1.000000000000000000e+00
1.000000000000000000e+00 -9.789575934410095215e-01 9.999989867210388184e-01 9.999996423721313477e-01 9.820374846458435059e-01 9.999987483024597168e-01 -9.995868206024169922e-01 1.000000000000000000e+00 -9.839873909950256348e-01 1.915184706449508667e-01 -1.000000000000000000e+00 9.999517798423767090e-01 9.963912367820739746e-01 -1.000000000000000000e+00 -1.000000000000000000e+00 1.000000000000000000e+00
1.000000000000000000e+00 -9.789575934410095215e-01 9.999989867210388184e-01 9.999996423721313477e-01 9.820374846458435059e-01 9.999987483024597168e-01 -9.995868206024169922e-01 1.000000000000000000e+00 -9.839873909950256348e-01 1.915184706449508667e-01 -1.000000000000000000e+00 9.999517798423767090e-01 9.963912367820739746e-01 -1.000000000000000000e+00 -1.000000000000000000e+00 1.000000000000000000e+00
1.000000000000000000e+00 -9.789575934410095215e-01 9.999989867210388184e-01 9.999996423721313477e-01 9.820374846458435059e-01 9.999987483024597168e-01 -9.995868206024169922e-01 1.000000000000000000e+00 -9.839873909950256348e-01 1.915184706449508667e-01 -1.000000000000000000e+00 9.999517798423767090e-01 9.963912367820739746e-01 -1.000000000000000000e+00 -1.000000000000000000e+00 1.000000000000000000e+00
1.000000000000000000e+00 -9.789575934410095215e-01 9.999989867210388184e-01 9.999996423721313477e-01 9.820374846458435059e-01 9.999987483024597168e-01 -9.995868206024169922e-01 1.000000000000000000e+00 -9.839873909950256348e-01 1.915184706449508667e-01 -1.000000000000000000e+00 9.999517798423767090e-01 9.963912367820739746e-01 -1.000000000000000000e+00 -1.000000000000000000e+00 1.000000000000000000e+00
1.000000000000000000e+00 -9.789575934410095215e-01 9.999989867210388184e-01 9.999996423721313477e-01 9.820374846458435059e-01 9.999987483024597168e-01 -9.995868206024169922e-01 1.000000000000000000e+00 -9.839873909950256348e-01 1.915184706449508667e-01 -1.000000000000000000e+00 9.999517798423767090e-01 9.963912367820739746e-01 -1.000000000000000000e+00 -1.000000000000000000e+00 1.000000000000000000e+00
1.000000000000000000e+00 -9.789575934410095215e-01 9.999989867210388184e-01 9.999996423721313477e-01 9.820374846458435059e-01 9.999987483024597168e-01 -9.995868206024169922e-01 1.000000000000000000e+00 -9.839873909950256348e-01 1.915184706449508667e-01 -1.000000000000000000e+00 9.999517798423767090e-01 9.963912367820739746e-01 -1.000000000000000000e+00 -1.000000000000000000e+00 1.000000000000000000e+00
1.000000000000000000e+00 -3.242797851562500000e-01 1.000000000000000000e+00 9.819202423095703125e-01 -1.745376139879226685e-01 1.000000000000000000e+00 -9.844645261764526367e-01 1.000000000000000000e+00 -9.995702505111694336e-01 -2.668887376785278320e-01 -1.000000000000000000e+00 9.996179342269897461e-01 9.997181296348571777e-01 -1.000000000000000000e+00 -1.000000000000000000e+00 1.000000000000000000e+00
1.000000000000000000e+00 -4.149512052536010742e-01 1.000000000000000000e+00 9.390613436698913574e-01 -2.004111409187316895e-01 1.000000000000000000e+00 -9.699971079826354980e-01 1.000000000000000000e+00 -9.997842311859130859e-01 -1.361224800348281860e-01 -1.000000000000000000e+00 9.986983537673950195e-01 9.997673034667968750e-01 -1.000000000000000000e+00 -1.000000000000000000e+00 1.000000000000000000e+00
1.000000000000000000e+00 -4.442349076271057129e-01 1.000000000000000000e+00 9.454668164253234863e-01 -9.196837246417999268e-02 1.000000000000000000e+00 -9.691681861877441406e-01 1.000000000000000000e+00 -9.997949600219726562e-01 -9.996128082275390625e-02 -1.000000000000000000e+00 9.987280964851379395e-01 9.997644424438476562e-01 -1.000000000000000000e+00 -1.000000000000000000e+00 1.000000000000000000e+00
1.000000000000000000e+00 -4.312209486961364746e-01 1.000000000000000000e+00 9.507036805152893066e-01 -1.038963198661804199e-01 1.000000000000000000e+00 -9.709132313728332520e-01 1.000000000000000000e+00 -9.997800588607788086e-01 -1.166134551167488098e-01 -1.000000000000000000e+00 9.988548159599304199e-01 9.997560977935791016e-01 -1.000000000000000000e+00 -1.000000000000000000e+00 1.000000000000000000e+00
1.000000000000000000e+00 -4.304075539112091064e-01 1.000000000000000000e+00 9.494557976722717285e-01 -1.127995029091835022e-01 1.000000000000000000e+00 -9.707334041595458984e-01 1.000000000000000000e+00 -9.997808933258056641e-01 -1.185255572199821472e-01 -1.000000000000000000e+00 9.988376498222351074e-01 9.997572302818298340e-01 -1.000000000000000000e+00 -1.000000000000000000e+00 1.000000000000000000e+00
1.000000000000000000e+00 -4.317351579666137695e-01 1.000000000000000000e+00 9.491130113601684570e-01 -1.106992512941360474e-01 1.000000000000000000e+00 -9.705945253372192383e-01 1.000000000000000000e+00 -9.997822642326354980e-01 -1.166627183556556702e-01 -1.000000000000000000e+00 9.988282918930053711e-01 9.997580647468566895e-01 -1.000000000000000000e+00 -1.000000000000000000e+00 1.000000000000000000e+00
1.000000000000000000e+00 -4.316819906234741211e-01 1.000000000000000000e+00 9.492723345756530762e-01 -1.100458204746246338e-01 1.000000000000000000e+00 -9.706262350082397461e-01 1.000000000000000000e+00 -9.997820258140563965e-01 -1.166887134313583374e-01 -1.000000000000000000e+00 9.988308548927307129e-01 9.997577667236328125e-01 -1.000000000000000000e+00 -1.000000000000000000e+00 1.000000000000000000e+00
1.000000000000000000e+00 -4.315555989742279053e-01 1.000000000000000000e+00 9.492888450622558594e-01 -1.103278622031211853e-01 1.000000000000000000e+00 -9.706365466117858887e-01 1.000000000000000000e+00 -9.997820258140563965e-01 -1.168688833713531494e-01 -1.000000000000000000e+00 9.988315105438232422e-01 9.997577667236328125e-01 -1.000000000000000000e+00 -1.000000000000000000e+00 1.000000000000000000e+00
1.000000000000000000e+00 -4.315753877162933350e-01 1.000000000000000000e+00 9.492712616920471191e-01 -1.103602349758148193e-01 1.000000000000000000e+00 -9.706322550773620605e-01 1.000000000000000000e+00 -9.997819066047668457e-01 -1.168461441993713379e-01 -1.000000000000000000e+00 9.988312125205993652e-01 9.997577667236328125e-01 -1.000000000000000000e+00 -1.000000000000000000e+00 1.000000000000000000e+00
