-1.000000000000000000e+00 1.000000000000000000e+00 -9.724782109260559082e-01 1.000000000000000000e+00 -1.000000000000000000e+00 1.000000000000000000e+00 1.000000000000000000e+00 1.000000000000000000e+00 -1.000000000000000000e+00 -1.000000000000000000e+00 9.999487400054931641e-01 -9.999963045120239258e-01 -1.000000000000000000e+00 -9.999037384986877441e-01 -1.000000000000000000e+00 -1.000000000000000000e+00
-9.999992251396179199e-01 1.000000000000000000e+00 8.851991891860961914e-01 1.000000000000000000e+00 -1.000000000000000000e+00 1.000000000000000000e+00 1.000000000000000000e+00 1.000000000000000000e+00 -1.000000000000000000e+00 -1.000000000000000000e+00 1.000000000000000000e+00 -1.000000000000000000e+00 -1.000000000000000000e+00 9.965072870254516602e-01 -1.000000000000000000e+00 -1.000000000000000000e+00
-1.000000000000000000e+00 1.000000000000000000e+00 9.689260721206665039e-01 1.000000000000000000e+00 -1.000000000000000000e+00 1.000000000000000000e+00 1.000000000000000000e+00 1.000000000000000000e+00 -1.000000000000000000e+00 -1.000000000000000000e+00 1.000000000000000000e+00 -1.000000000000000000e+00 -1.000000000000000000e+00 9.869646430015563965e-01 -1.000000000000000000e+00 -1.000000000000000000e+00
-1.000000000000000000e+00 1.000000000000000000e+00 9.688738584518432617e-01 1.000000000000000000e+00 -1.000000000000000000e+00 1.000000000000000000e+00 1.000000000000000000e+00 1.000000000000000000e+00 -1.000000000000000000e+00 -1.000000000000000000e+00 1.000000000000000000e+00 -1.000000000000000000e+00 -1.000000000000000000e+00 9.874324202537536621e-01 -1.000000000000000000e+00 -1.000000000000000000e+00
-1.000000000000000000e+00 1.000000000000000000e+00 9.688826799392700195e-01 1.000000000000000000e+00 -1.000000000000000000e+00 1.000000000000000000e+00 1.000000000000000000e+00 1.000000000000000000e+00 -1.000000000000000000e+00 -1.000000000000000000e+00 1.000000000000000000e+00 -1.000000000000000000e+00 -1.000000000000000000e+00 9.874265193939208984e-01 -1.000000000000000000e+00 -1.000000000000000000e+00
-1.000000000000000000e+00 1.000000000000000000e+00 9.688826203346252441e-01 1.000000000000000000e+00 -1.000000000000000000e+00 1.000000000000000000e+00 1.000000000000000000e+00 1.000000000000000000e+00 -1.000000000000000000e+00 -1.000000000000000000e+00 1.000000000000000000e+00 -1.000000000000000000e+00 -1.000000000000000000e+00 9.874265789985656738e-01 -1.000000000000000000e+00 -1.000000000000000000e+00
-1.000000000000000000e+00 1.000000000000000000e+00 9.688826203346252441e-01 1.000000000000000000e+00 -1.000000000000000000e+00 1.000000000000000000e+00 1.000000000000000000e+00 1.000000000000000000e+00 -1.000000000000000000e+00 -1.000000000000000000e+00 1.000000000000000000e+00 -1.000000000000000000e+00 -1.000000000000000000e+00 9.874265789985656738e-01 -1.000000000000000000e+00 -1.000000000000000000e+00
-1.000000000000000000e+00 1.000000000000000000e+00 9.688826203346252441e-01 1.000000000000000000e+00 -1.000000000000000000e+00 1.000000000000000000e+00 1.000000000000000000e+00 1.000000000000000000e+00 -1.000000000000000000e+00 -1.000000000000000000e+00 1.000000000000000000e+00 -1.000000000000000000e+00 -1.000000000000000000e+00 9.874265789985656738e-01 -1.000000000000000000e+00 -1.000000000000000000e+00
-1.000000000000000000e+00 1.000000000000000000e+00 9.688826203346252441e-01 1.000000000000000000e+00 -1.000000000000000000e+00 1.000000000000000000e+00 1.000000000000000000e+00 1.000000000000000000e+00 -1.000000000000000000e+00 -1.000000000000000000e+00 1.000000000000000000e+00 -1.000000000000000000e+00 -1.000000000000000000e+00 9.874265789985656738e-01 -1.000000000000000000e+00 -1.000000000000000000e+00
-1.000000000000000000e+00 1.000000000000000000e+00 9.688826203346252441e-01 1.000000000000000000e+00 -1.000000000000000000e+00 1.000000000000000000e+00 1.000000000000000000e+00 1.000000000000000000e+00 -1.000000000000000000e+00 -1.000000000000000000e+00 1.000000000000000000e+00 -1.000000000000000000e+00 -1.000000000000000000e+00 9.874265789985656738e-01 -1.000000000000000000e+00 -1.000000000000000000e+00
-1.000000000000000000e+00 1.000000000000000000e+00 9.688826203346252441e-01 1.000000000000000000e+00 -1.000000000000000000e+00 1.000000000000000000e+00 1.000000000000000000e+00 1.000000000000000000e+00 -1.000000000000000000e+00 -1.000000000000000000e+00 1.000000000000000000e+00 -1.000000000000000000e+00 -1.000000000000000000e+00 9.874265789985656738e-01 -1.000000000000000000e+00 -1.000000000000000000e+00
-1.000000000000000000e+00 1.000000000000000000e+00 9.688826203346252441e-01 1.000000000000000000e+00 -1.000000000000000000e+00 1.000000000000000000e+00 1.000000000000000000e+00 1.000000000000000000e+00 -1.000000000000000000e+00 -1.000000000000000000e+00 1.000000000000000000e+00 -1.000000000000000000e+00 -1.000000000000000000e+00 9.874265789985656738e-01 -1.000000000000000000e+00 -1.000000000000000000e+00
-1.000000000000000000e+00 1.000000000000000000e+00 9.688826203346252441e-01 1.000000000000000000e+00 -1.000000000000000000e+00 1.000000000000000000e+00 1.000000000000000000e+00 1.000000000000000000e+00 -1.000000000000000000e+00 -1.000000000000000000e+00 1.000000000000000000e+00 -1.000000000000000000e+00 -1.000000000000000000e+00 9.874265789985656738e-01 -1.000000000000000000e+00 -1.000000000000000000e+00
-1.000000000000000000e+00 1.000000000000000000e+00 9.688826203346252441e-01 1.000000000000000000e+00 -1.000000000000000000e+00 1.000000000000000000e+00 1.000000000000000000e+00 1.000000000000000000e+00 -1.000000000000000000e+00 -1.000000000000000000e+00 1.000000000000000000e+00 -1.000000000000000000e+00 -1.000000000000000000e+00 9.874265789985656738e-01 -1.000000000000000000e+00 -1.000000000000000000e+00
-1.000000000000000000e+00 1.000000000000000000e+00 9.688826203346252441e-01 1.000000000000000000e+00 -1.000000000000000000e+00 1.000000000000000000e+00 1.000000000000000000e+00 1.000000000000000000e+00 -1.000000000000000000e+00 -1.000000000000000000e+00 1.000000000000000000e+00 -1.000000000000000000e+00 -1.000000000000000000e+00 9.874265789985656738e-01 -1.000000000000000000e+00 -1.000000000000000000e+00
-1.000000000000000000e+00 1.000000000000000000e+00 9.688826203346252441e-01 1.000000000000000000e+00 -1.000000000000000000e+00 1.000000000000000000e+00 1.000000000000000000e+00 1.000000000000000000e+00 -1.000000000000000000e+00 -1.000000000000000000e+00 1.000000000000000000e+00 -1.000000000000000000e+00 -1.000000000000000000e+00 9.874265789985656738e-01 -1.000000000000000000e+00 -1.000000000000000000e+00
-1.000000000000000000e+00 1.000000000000000000e+00 9.688826203346252441e-01 1.000000000000000000e+00 -1.000000000000000000e+00 1.000000000000000000e+00 1.000000000000000000e+00 1.000000000000000000e+00 -1.000000000000000000e+00 -1.000000000000000000e+00 1.000000000000000000e+00 -1.000000000000000000e+00 -1.000000000000000000e+00 9.874265789985656738e-01 -1.000000000000000000e+00 -1.000000000000000000e+00
-1.000000000000000000e+00 1.000000000000000000e+00 9.688826203346252441e-01 1.000000000000000000e+00 -1.000000000000000000e+00 1.000000000000000000e+00 1.000000000000000000e+00 1.000000000000000000e+00 -1.000000000000000000e+00 -1.000000000000000000e+00 1.000000000000000000e+00 -1.000000000000000000e+00 -1.000000000000000000e+00 9.874265789985656738e-01 -1.000000000000000000e+00 -1.000000000000000000e+00
-1.000000000000000000e+00 1.000000000000000000e+00 9.688826203346252441e-01 1.000000000000000000e+00 -1.000000000000000000e+00 1.000000000000000000e+00 1.000000000000000000e+00 1.000000000000000000e+00 -1.000000000000000000e+00 -1.000000000000000000e+00 1.000000000000000000e+00 -1.000000000000000000e+00 -1.000000000000000000e+00 9.874265789985656738e-01 -1.000000000000000000e+00 -1.000000000000000000e+00
-1.000000000000000000e+00 1.000000000000000000e+00 9.688826203346252441e-01 1.000000000000000000e+00 -1.000000000000000000e+00 1.000000000000000000e+00 1.000000000000000000e+00 1.000000000000000000e+00 -1.000000000000000000e+00 -1.000000000000000000e+00 1.000000000000000000e+00 -1.000000000000000000e+00 -1.000000000000000000e+00 9.874265789985656738e-01 -1.000000000000000000e+00 -1.000000000000000000e+00
-1.000000000000000000e+00 1.000000000000000000e+00 9.688826203346252441e-01 1.000000000000000000e+00 -1.000000000000000000e+00 1.000000000000000000e+00 1.000000000000000000e+00 1.000000000000000000e+00 -1.000000000000000000e+00 -1.000000000000000000e+00 1.000000000000000000e+00 -1.000000000000000000e+00 -1.000000000000000000e+00 9.874265789985656738e-01 -1.000000000000000000e+00 -1.000000000000000000e+00
-1.000000000000000000e+00 1.000000000000000000e+00 9.688826203346252441e-01 1.000000000000000000e+00 -1.000000000000000000e+00 1.000000000000000000e+00 1.000000000000000000e+00 1.000000000000000000e+00 -1.000000000000000000e+00 -1.000000000000000000e+00 1.000000000000000000e+00 -1.000000000000000000e+00 -1.000000000000000000e+00 9.874265789985656738e-01 -1.000000000000000000e+00 -1.000000000000000000e+00
-1.000000000000000000e+00 1.000000000000000000e+00 9.688826203346252441e-01 1.000000000000000000e+00 -1.000000000000000000e+00 1.000000000000000000e+00 1.000000000000000000e+00 1.000000000000000000e+00 -1.000000000000000000e+00 -1.000000000000000000e+00 1.000000000000000000e+00 -1.000000000000000000e+00 -1.000000000000000000e+00 9.874265789985656738e-01 -1.000000000000000000e+00 -1.000000000000000000e+00
-1.000000000000000000e+00 1.000000000000000000e+00 9.688826203346252441e-01 1.000000000000000000e+00 -1.000000000000000000e+00 1.000000000000000000e+00 1.000000000000000000e+00 1.000000000000000000e+00 -1.000000000000000000e+00 -1.000000000000000000e+00 1.000000000000000000e+00 -1.000000000000000000e+00 -1.000000000000000000e+00 9.874265789985656738e-01 -1.000000000000000000e+00 -1.000000000000000000e+00
-1.000000000000000000e+00 1.000000000000000000e+00 9.688826203346252441e-01 1.000000000000000000e+00 -1.000000000000000000e+00 1.000000000000000000e+00 1.000000000000000000e+00 1.000000000000000000e+00 -1.000000000000000000e+00 -1.000000000000000000e+00 1.000000000000000000e+00 -1.000000000000000000e+00 -1.000000000000000000e+00 9.874265789985656738e-01 -1.000000000000000000e+00 -1.000000000000000000e+00
-1.000000000000000000e+00 1.000000000000000000e+00 9.688826203346252441e-01 1.000000000000000000e+00 -1.000000000000000000e+00 1.000000000000000000e+00 1.000000000000000000e+00 1.000000000000000000e+00 -1.000000000000000000e+00 -1.000000000000000000e+00 1.000000000000000000e+00 -1.000000000000000000e+00 -1.000000000000000000e+00 9.874265789985656738e-01 -1.000000000000000000e+00 -1.000000000000000000e+00
-1.000000000000000000e+00 1.000000000000000000e+00 9.688826203346252441e-01 1.000000000000000000e+00 -1.000000000000000000e+00 1.000000000000000000e+00 1.000000000000000000e+00 1.000000000000000000e+00 -1.000000000000000000e+00 -1.000000000000000000e+00 1.000000000000000000e+00 -1.000000000000000000e+00 -1.000000000000000000e+00 9.874265789985656738e-01 -1.000000000000000000e+00 -1.000000000000000000e+00
-1.000000000000000000e+00 1.000000000000000000e+00 9.688826203346252441e-01 1.000000000000000000e+00 -1.000000000000000000e+00 1.000000000000000000e+00 1.000000000000000000e+00 1.000000000000000000e+00 -1.000000000000000000e+00 -1.000000000000000000e+00 1.000000000000000000e+00 -1.000000000000000000e+00 -1.000000000000000000e+00 9.874265789985656738e-01 -1.000000000000000000e+00 -1.000000000000000000e+00
-1.000000000000000000e+00 1.000000000000000000e+00 9.688826203346252441e-01 1.000000000000000000e+00 -1.000000000000000000e+00 1.000000000000000000e+00 1.000000000000000000e+00 1.000000000000000000e+00 -1.000000000000000000e+00 -1.000000000000000000e+00 1.000000000000000000e+00 -1.000000000000000000e+00 -1.000000000000000000e+00 9.874265789985656738e-01 -1.000000000000000000e+00 -1.000000000000000000e+00
-1.000000000000000000e+00 1.000000000000000000e+00 9.688826203346252441e-01 1.000000000000000000e+00 -1.000000000000000000e+00 1.000000000000000000e+00 1.000000000000000000e+00 1.000000000000000000e+00 -1.000000000000000000e+00 -1.000000000000000000e+00 1.000000000000000000e+00 -1.000000000000000000e+00 -1.000000000000000000e+00 9.874265789985656738e-01 -1.000000000000000000e+00 -1.000000000000000000e+00
-1.000000000000000000e+00 1.000000000000000000e+00 9.688826203346252441e-01 1.000000000000000000e+00 -1.000000000000000000e+00 1.000000000000000000e+00 1.000000000000000000e+00 1.000000000000000000e+00 -1.000000000000000000e+00 -1.000000000000000000e+00 1.000000000000000000e+00 -1.000000000000000000e+00 -1.000000000000000000e+00 9.874265789985656738e-01 -1.000000000000000000e+00 -1.000000000000000000e+00
-1.000000000000000000e+00 1.000000000000000000e+00 8.774855136871337891e-01 1.000000000000000000e+00 -1.000000000000000000e+00 1.000000000000000000e+00 1.000000000000000000e+00 1.000000000000000000e+00 -1.000000000000000000e+00 -1.000000000000000000e+00 1.000000000000000000e+00 -1.000000000000000000e+00 -1.000000000000000000e+00 9.976347088813781738e-01 -1.000000000000000000e+00 -1.000000000000000000e+00
-1.000000000000000000e+00 1.000000000000000000e+00 8.776852488517761230e-01 1.000000000000000000e+00 -1.000000000000000000e+00 1.000000000000000000e+00 1.000000000000000000e+00 1.000000000000000000e+00 -1.000000000000000000e+00 -1.000000000000000000e+00 1.000000000000000000e+00 -1.000000000000000000e+00 -1.000000000000000000e+00 9.975383877754211426e-01 -1.000000000000000000e+00 -1.000000000000000000e+00
-1.000000000000000000e+00 1.000000000000000000e+00 8.776794075965881348e-01 1.000000000000000000e+00 -1.000000000000000000e+00 1.000000000000000000e+00 1.000000000000000000e+00 1.000000000000000000e+00 -1.000000000000000000e+00 -1.000000000000000000e+00 1.000000000000000000e+00 -1.000000000000000000e+00 -1.000000000000000000e+00 9.975388050079345703e-01 -1.000000000000000000e+00 -1.000000000000000000e+00
-1.000000000000000000e+00 1.000000000000000000e+00 8.776794075965881348e-01 1.000000000000000000e+00 -1.000000000000000000e+00 1.000000000000000000e+00 1.000000000000000000e+00 1.000000000000000000e+00 -1.000000000000000000e+00 -1.000000000000000000e+00 1.000000000000000000e+00 -1.000000000000000000e+00 -1.000000000000000000e+00 9.975388646125793457e-01 -1.000000000000000000e+00 -1.000000000000000000e+00
-1.000000000000000000e+00 1.000000000000000000e+00 8.776794075965881348e-01 1.000000000000000000e+00 -1.000000000000000000e+00 1.000000000000000000e+00 1.000000000000000000e+00 1.000000000000000000e+00 -1.000000000000000000e+00 -1.000000000000000000e+00 1.000000000000000000e+00 -1.000000000000000000e+00 -1.000000000000000000e+00 9.975388646125793457e-01 -1.000000000000000000e+00 -1.000000000000000000e+00
-1.000000000000000000e+00 1.000000000000000000e+00 8.776794075965881348e-01 1.000000000000000000e+00 -1.000000000000000000e+00 1.000000000000000000e+00 1.000000000000000000e+00 1.000000000000000000e+00 -1.000000000000000000e+00 -1.000000000000000000e+00 1.000000000000000000e+00 -1.000000000000000000e+00 -1.000000000000000000e+00 9.975388646125793457e-01 -1.000000000000000000e+00 -1.000000000000000000e+00
-1.000000000000000000e+00 1.000000000000000000e+00 8.776794075965881348e-01 1.000000000000000000e+00 -1.000000000000000000e+00 1.000000000000000000e+00 1.000000000000000000e+00 1.000000000000000000e+00 -1.000000000000000000e+00 -1.000000000000000000e+00 1.000000000000000000e+00 -1.000000000000000000e+00 -1.000000000000000000e+00 9.975388646125793457e-01 -1.000000000000000000e+00 -1.000000000000000000e+00
-1.000000000000000000e+00 1.000000000000000000e+00 8.776794075965881348e-01 1.000000000000000000e+00 -1.000000000000000000e+00 1.000000000000000000e+00 1.000000000000000000e+00 1.000000000000000000e+00 -1.000000000000000000e+00 -1.000000000000000000e+00 1.000000000000000000e+00 -1.000000000000000000e+00 -1.000000000000000000e+00 9.975388646125793457e-01 -1.000000000000000000e+00 -1.000000000000000000e+00
-1.000000000000000000e+00 1.000000000000000000e+00 8.776794075965881348e-01 1.000000000000000000e+00 -1.000000000000000000e+00 1.000000000000000000e+00 1.000000000000000000e+00 1.000000000000000000e+00 -1.000000000000000000e+00 -1.000000000000000000e+00 1.000000000000000000e+00 -1.000000000000000000e+00 -1.000000000000000000e+00 9.975388646125793457e-01 -1.000000000000000000e+00 -1.000000000000000000e+00
-1.000000000000000000e+00 1.000000000000000000e+00 8.776794075965881348e-01 1.000000000000000000e+00 -1.000000000000000000e+00 1.000000000000000000e+00 1.000000000000000000e+00 1.000000000000000000e+00 -1.000000000000000000e+00 -1.000000000000000000e+00 1.000000000000000000e+00 -1.000000000000000000e+00 -1.000000000000000000e+00 9.975388646125793457e-01 -1.000000000000000000e+00 -1.000000000000000000e+00
-1.000000000000000000e+00 1.000000000000000000e+00 8.776794075965881348e-01 1.000000000000000000e+00 -1.000000000000000000e+00 1.000000000000000000e+00 1.000000000000000000e+00 1.000000000000000000e+00 -1.000000000000000000e+00 -1.000000000000000000e+00 1.000000000000000000e+00 -1.000000000000000000e+00 -1.000000000000000000e+00 9.975388646125793457e-01 -1.000000000000000000e+00 -1.000000000000000000e+00
-1.000000000000000000e+00 1.000000000000000000e+00 8.776794075965881348e-01 1.000000000000000000e+00 -1.000000000000000000e+00 1.000000000000000000e+00 1.000000000000000000e+00 1.000000000000000000e+00 -1.000000000000000000e+00 -1.000000000000000000e+00 1.000000000000000000e+00 -1.000000000000000000e+00 -1.000000000000000000e+00 9.975388646125793457e-01 -1.000000000000000000e+00 -1.000000000000000000e+00
-1.000000000000000000e+00 1.000000000000000000e+00 8.776794075965881348e-01 1.000000000000000000e+00 -1.000000000000000000e+00 1.000000000000000000e+00 1.000000000000000000e+00 1.000000000000000000e+00 -1.000000000000000000e+00 -1.000000000000000000e+00 1.000000000000000000e+00 -1.000000000000000000e+00 -1.000000000000000000e+00 9.975388646125793457e-01 -1.000000000000000000e+00 -1.000000000000000000e+00
-1.000000000000000000e+00 1.000000000000000000e+00 8.776794075965881348e-01 1.000000000000000000e+00 -1.000000000000000000e+00 1.000000000000000000e+00 1.000000000000000000e+00 1.000000000000000000e+00 -1.000000000000000000e+00 -1.000000000000000000e+00 1.000000000000000000e+00 -1.000000000000000000e+00 -1.000000000000000000e+00 9.975388646125793457e-01 -1.000000000000000000e+00 -1.000000000000000000e+00
-1.000000000000000000e+00 1.000000000000000000e+00 8.776794075965881348e-01 1.000000000000000000e+00 -1.000000000000000000e+00 1.000000000000000000e+00 1.000000000000000000e+00 1.000000000000000000e+00 -1.000000000000000000e+00 -1.000000000000000000e+00 1.000000000000000000e+00 -1.000000000000000000e+00 -1.000000000000000000e+00 9.975388646125793457e-01 -1.000000000000000000e+00 -1.000000000000000000e+00
-1.000000000000000000e+00 1.000000000000000000e+00 8.776794075965881348e-01 1.000000000000000000e+00 -1.000000000000000000e+00 1.000000000000000000e+00 1.000000000000000000e+00 1.000000000000000000e+00 -1.000000000000000000e+00 -1.000000000000000000e+00 1.000000000000000000e+00 -1.000000000000000000e+00 -1.000000000000000000e+00 9.975388646125793457e-01 -1.000000000000000000e+00 -1.000000000000000000e+00
-1.000000000000000000e+00 1.000000000000000000e+00 8.776794075965881348e-01 1.000000000000000000e+00 -1.000000000000000000e+00 1.000000000000000000e+00 1.000000000000000000e+00 1.000000000000000000e+00 -1.000000000000000000e+00 -1.000000000000000000e+00 1.000000000000000000e+00 -1.000000000000000000e+00 -1.000000000000000000e+00 9.975388646125793457e-01 -1.000000000000000000e+00 -1.000000000000000000e+00
-1.000000000000000000e+00 1.000000000000000000e+00 8.776794075965881348e-01 1.000000000000000000e+00 -1.000000000000000000e+00 1.000000000000000000e+00 1.000000000000000000e+00 1.000000000000000000e+00 -1.000000000000000000e+00 -1.000000000000000000e+00 1.000000000000000000e+00 -1.000000000000000000e+00 -1.000000000000000000e+00 9.975388646125793457e-01 -1.000000000000000000e+00 -1.000000000000000000e+00
-1.000000000000000000e+00 1.000000000000000000e+00 8.776794075965881348e-01 1.000000000000000000e+00 -1.000000000000000000e+00 1.000000000000000000e+00 1.000000000000000000e+00 1.000000000000000000e+00 -1.000000000000000000e+00 -1.000000000000000000e+00 1.000000000000000000e+00 -1.000000000000000000e+00 -1.000000000000000000e+00 9.975388646125793457e-01 -1.000000000000000000e+00 -1.000000000000000000e+00
-1.000000000000000000e+00 1.000000000000000000e+00 8.776794075965881348e-01 1.000000000000000000e+00 -1.000000000000000000e+00 1.000000000000000000e+00 1.000000000000000000e+00 1.000000000000000000e+00 -1.000000000000000000e+00 -1.000000000000000000e+00 1.000000000000000000e+00 -1.000000000000000000e+00 -1.000000000000000000e+00 9.975388646125793457e-01 -1.000000000000000000e+00 -1.000000000000000000e+00
-1.000000000000000000e+00 1.000000000000000000e+00 8.776794075965881348e-01 1.000000000000000000e+00 -1.000000000000000000e+00 1.000000000000000000e+00 1.000000000000000000e+00 1.000000000000000000e+00 -1.000000000000000000e+00 -1.000000000000000000e+00 1.000000000000000000e+00 -1.000000000000000000e+00 -1.000000000000000000e+00 9.975388646125793457e-01 -1.000000000000000000e+00 -1.000000000000000000e+00
-1.000000000000000000e+00 1.000000000000000000e+00 8.776794075965881348e-01 1.000000000000000000e+00 -1.000000000000000000e+00 1.000000000000000000e+00 1.000000000000000000e+00 1.000000000000000000e+00 -1.000000000000000000e+00 -1.000000000000000000e+00 1.000000000000000000e+00 -1.000000000000000000e+00 -1.000000000000000000e+00 9.975388646125793457e-01 -1.000000000000000000e+00 -1.000000000000000000e+00
-1.000000000000000000e+00 1.000000000000000000e+00 8.776794075965881348e-01 1.000000000000000000e+00 -1.000000000000000000e+00 1.000000000000000000e+00 1.000000000000000000e+00 1.000000000000000000e+00 -1.000000000000000000e+00 -1.000000000000000000e+00 1.000000000000000000e+00 -1.000000000000000000e+00 -1.000000000000000000e+00 9.975388646125793457e-01 -1.000000000000000000e+00 -1.000000000000000000e+00
-1.000000000000000000e+00 1.000000000000000000e+00 8.776794075965881348e-01 1.000000000000000000e+00 -1.000000000000000000e+00 1.000000000000000000e+00 1.000000000000000000e+00 1.000000000000000000e+00 -1.000000000000000000e+00 -1.000000000000000000e+00 1.000000000000000000e+00 -1.000000000000000000e+00 -1.000000000000000000e+00 9.975388646125793457e-01 -1.000000000000000000e+00 -1.000000000000000000e+00
-1.000000000000000000e+00 1.000000000000000000e+00 8.776794075965881348e-01 1.000000000000000000e+00 -1.000000000000000000e+00 1.000000000000000000e+00 1.000000000000000000e+00 1.000000000000000000e+00 -1.000000000000000000e+00 -1.000000000000000000e+00 1.000000000000000000e+00 -1.000000000000000000e+00 -1.000000000000000000e+00 9.975388646125793457e-01 -1.000000000000000000e+00 -1.000000000000000000e+00
-1.000000000000000000e+00 1.000000000000000000e+00 8.776794075965881348e-01 1.000000000000000000e+00 -1.000000000000000000e+00 1.000000000000000000e+00 1.000000000000000000e+00 1.000000000000000000e+00 -1.000000000000000000e+00 -1.000000000000000000e+00 1.000000000000000000e+00 -1.000000000000000000e+00 -1.000000000000000000e+00 9.975388646125793457e-01 -1.000000000000000000e+00 -1.000000000000000000e+00
-1.000000000000000000e+00 1.000000000000000000e+00 8.776794075965881348e-01 1.000000000000000000e+00 -1.000000000000000000e+00 1.000000000000000000e+00 1.000000000000000000e+00 1.000000000000000000e+00 -1.000000000000000000e+00 -1.000000000000000000e+00 1.000000000000000000e+00 -1.000000000000000000e+00 -1.000000000000000000e+00 9.975388646125793457e-01 -1.000000000000000000e+00 -1.000000000000000000e+00
-1.000000000000000000e+00 1.000000000000000000e+00 8.776794075965881348e-01 1.000000000000000000e+00 -1.000000000000000000e+00 1.000000000000000000e+00 1.000000000000000000e+00 1.000000000000000000e+00 -1.000000000000000000e+00 -1.000000000000000000e+00 1.000000000000000000e+00 -1.000000000000000000e+00 -1.000000000000000000e+00 9.975388646125793457e-01 -1.000000000000000000e+00 -1.000000000000000000e+00
-1.000000000000000000e+00 1.000000000000000000e+00 8.776794075965881348e-01 1.000000000000000000e+00 -1.000000000000000000e+00 1.000000000000000000e+00 1.000000000000000000e+00 1.000000000000000000e+00 -1.000000000000000000e+00 -1.000000000000000000e+00 1.000000000000000000e+00 -1.000000000000000000e+00 -1.000000000000000000e+00 9.975388646125793457e-01 -1.000000000000000000e+00 -1.000000000000000000e+00
-1.000000000000000000e+00 1.000000000000000000e+00 8.776794075965881348e-01 1.000000000000000000e+00 -1.000000000000000000e+00 1.000000000000000000e+00 1.000000000000000000e+00 1.000000000000000000e+00 -1.000000000000000000e+00 -1.000000000000000000e+00 1.000000000000000000e+00 -1.000000000000000000e+00 -1.000000000000000000e+00 9.975388646125793457e-01 -1.000000000000000000e+00 -1.000000000000000000e+00
-1.000000000000000000e+00 1.000000000000000000e+00 9.999039769172668457e-01 1.000000000000000000e+00 -9.999997019767761230e-01 9.999996423721313477e-01 1.000000000000000000e+00 1.000000000000000000e+00 -1.000000000000000000e+00 -1.000000000000000000e+00 1.000000000000000000e+00 -1.000000000000000000e+00 -1.000000000000000000e+00 1.000000000000000000e+00 -1.000000000000000000e+00 -1.000000000000000000e+00
-1.000000000000000000e+00 1.000000000000000000e+00 9.999047517776489258e-01 1.000000000000000000e+00 -9.999995231628417969e-01 9.999995231628417969e-01 1.000000000000000000e+00 1.000000000000000000e+00 -1.000000000000000000e+00 -1.000000000000000000e+00 1.000000000000000000e+00 -1.000000000000000000e+00 -1.000000000000000000e+00 1.000000000000000000e+00 -1.000000000000000000e+00 -1.000000000000000000e+00
-1.000000000000000000e+00 1.000000000000000000e+00 9.999047517776489258e-01 1.000000000000000000e+00 -9.999995231628417969e-01 9.999996423721313477e-01 1.000000000000000000e+00 1.000000000000000000e+00 -1.000000000000000000e+00 -1.000000000000000000e+00 1.000000000000000000e+00 -1.000000000000000000e+00 -1.000000000000000000e+00 1.000000000000000000e+00 -1.000000000000000000e+00 -1.000000000000000000e+00
-1.000000000000000000e+00 1.000000000000000000e+00 9.999046325683593750e-01 1.000000000000000000e+00 -9.999995231628417969e-01 9.999996423721313477e-01 1.000000000000000000e+00 1.000000000000000000e+00 -1.000000000000000000e+00 -1.000000000000000000e+00 1.000000000000000000e+00 -1.000000000000000000e+00 -1.000000000000000000e+00 1.000000000000000000e+00 -1.000000000000000000e+00 -1.000000000000000000e+00
-1.000000000000000000e+00 1.000000000000000000e+00 9.999046325683593750e-01 1.000000000000000000e+00 -9.999995231628417969e-01 9.999996423721313477e-01 1.000000000000000000e+00 1.000000000000000000e+00 -1.000000000000000000e+00 -1.000000000000000000e+00 1.000000000000000000e+00 -1.000000000000000000e+00 -1.000000000000000000e+00 1.000000000000000000e+00 -1.000000000000000000e+00 -1.000000000000000000e+00
-1.000000000000000000e+00 1.000000000000000000e+00 9.999046325683593750e-01 1.000000000000000000e+00 -9.999995231628417969e-01 9.999996423721313477e-01 1.000000000000000000e+00 1.000000000000000000e+00 -1.000000000000000000e+00 -1.000000000000000000e+00 1.000000000000000000e+00 -1.000000000000000000e+00 -1.000000000000000000e+00 1.000000000000000000e+00 -1.000000000000000000e+00 -1.000000000000000000e+00
-1.000000000000000000e+00 1.000000000000000000e+00 9.999046325683593750e-01 1.000000000000000000e+00 -9.999995231628417969e-01 9.999996423721313477e-01 1.000000000000000000e+00 1.000000000000000000e+00 -1.000000000000000000e+00 -1.000000000000000000e+00 1.000000000000000000e+00 -1.000000000000000000e+00 -1.000000000000000000e+00 1.000000000000000000e+00 -1.000000000000000000e+00 -1.000000000000000000e+00
-1.000000000000000000e+00 1.000000000000000000e+00 9.999046325683593750e-01 1.000000000000000000e+00 -9.999995231628417969e-01 9.999996423721313477e-01 1.000000000000000000e+00 1.000000000000000000e+00 -1.000000000000000000e+00 -1.000000000000000000e+00 1.000000000000000000e+00 -1.000000000000000000e+00 -1.000000000000000000e+00 1.000000000000000000e+00 -1.000000000000000000e+00 -1.000000000000000000e+00
-1.000000000000000000e+00 1.000000000000000000e+00 9.999046325683593750e-01 1.000000000000000000e+00 -9.999995231628417969e-01 9.999996423721313477e-01 1.000000000000000000e+00 1.000000000000000000e+00 -1.000000000000000000e+00 -1.000000000000000000e+00 1.000000000000000000e+00 -1.000000000000000000e+00 -1.000000000000000000e+00 1.000000000000000000e+00 -1.000000000000000000e+00 -1.000000000000000000e+00
-1.000000000000000000e+00 1.000000000000000000e+00 9.999046325683593750e-01 1.000000000000000000e+00 -9.999995231628417969e-01 9.999996423721313477e-01 1.000000000000000000e+00 1.000000000000000000e+00 -1.000000000000000000e+00 -1.000000000000000000e+00 1.000000000000000000e+00 -1.000000000000000000e+00 -1.000000000000000000e+00 1.000000000000000000e+00 -1.000000000000000000e+00 -1.000000000000000000e+00
-1.000000000000000000e+00 1.000000000000000000e+00 9.999046325683593750e-01 1.000000000000000000e+00 -9.999995231628417969e-01 9.999996423721313477e-01 1.000000000000000000e+00 1.000000000000000000e+00 -1.000000000000000000e+00 -1.000000000000000000e+00 1.000000000000000000e+00 -1.000000000000000000e+00 -1.000000000000000000e+00 1.000000000000000000e+00 -1.000000000000000000e+00 -1.000000000000000000e+00
-1.000000000000000000e+00 1.000000000000000000e+00 9.999046325683593750e-01 1.000000000000000000e+00 -9.999995231628417969e-01 9.999996423721313477e-01 1.000000000000000000e+00 1.000000000000000000e+00 -1.000000000000000000e+00 -1.000000000000000000e+00 1.000000000000000000e+00 -1.000000000000000000e+00 -1.000000000000000000e+00 1.000000000000000000e+00 -1.000000000000000000e+00 -1.000000000000000000e+00
-1.000000000000000000e+00 1.000000000000000000e+00 9.999046325683593750e-01 1.000000000000000000e+00 -9.999995231628417969e-01 9.999996423721313477e-01 1.000000000000000000e+00 1.000000000000000000e+00 -1.000000000000000000e+00 -1.000000000000000000e+00 1.000000000000000000e+00 -1.000000000000000000e+00 -1.000000000000000000e+00 1.000000000000000000e+00 -1.000000000000000000e+00 -1.000000000000000000e+00
-1.000000000000000000e+00 1.000000000000000000e+00 9.999046325683593750e-01 1.000000000000000000e+00 -9.999995231628417969e-01 9.999996423721313477e-01 1.000000000000000000e+00 1.000000000000000000e+00 -1.000000000000000000e+00 -1.000000000000000000e+00 1.000000000000000000e+00 -1.000000000000000000e+00 -1.000000000000000000e+00 1.000000000000000000e+00 -1.000000000000000000e+00 -1.000000000000000000e+00
-1.000000000000000000e+00 1.000000000000000000e+00 9.999046325683593750e-01 1.000000000000000000e+00 -9.999995231628417969e-01 9.999996423721313477e-01 1.000000000000000000e+00 1.000000000000000000e+00 -1.000000000000000000e+00 -1.000000000000000000e+00 1.000000000000000000e+00 -1.000000000000000000e+00 -1.000000000000000000e+00 1.000000000000000000e+00 -1.000000000000000000e+00 -1.000000000000000000e+00
-1.000000000000000000e+00 1.000000000000000000e+00 9.999046325683593750e-01 1.000000000000000000e+00 -9.999995231628417969e-01 9.999996423721313477e-01 1.000000000000000000e+00 1.000000000000000000e+00 -1.000000000000000000e+00 -1.000000000000000000e+00 1.000000000000000000e+00 -1.000000000000000000e+00 -1.000000000000000000e+00 1.000000000000000000e+00 -1.000000000000000000e+00 -1.000000000000000000e+00
-1.000000000000000000e+00 1.000000000000000000e+00 9.999046325683593750e-01 1.000000000000000000e+00 -9.999995231628417969e-01 9.999996423721313477e-01 1.000000000000000000e+00 1.000000000000000000e+00 -1.000000000000000000e+00 -1.000000000000000000e+00 1.000000000000000000e+00 -1.000000000000000000e+00 -1.000000000000000000e+00 1.000000000000000000e+00 -1.000000000000000000e+00 -1.000000000000000000e+00
-1.000000000000000000e+00 1.000000000000000000e+00 9.999046325683593750e-01 1.000000000000000000e+00 -9.999995231628417969e-01 9.999996423721313477e-01 1.000000000000000000e+00 1.000000000000000000e+00 -1.000000000000000000e+00 -1.000000000000000000e+00 1.000000000000000000e+00 -1.000000000000000000e+00 -1.000000000000000000e+00 1.000000000000000000e+00 -1.000000000000000000e+00 -1.000000000000000000e+00
-1.000000000000000000e+00 1.000000000000000000e+00 9.999046325683593750e-01 1.000000000000000000e+00 -9.999995231628417969e-01 9.999996423721313477e-01 1.000000000000000000e+00 1.000000000000000000e+00 -1.000000000000000000e+00 -1.000000000000000000e+00 1.000000000000000000e+00 -1.000000000000000000e+00 -1.000000000000000000e+00 1.000000000000000000e+00 -1.000000000000000000e+00 -1.000000000000000000e+00
-1.000000000000000000e+00 1.000000000000000000e+00 9.999046325683593750e-01 1.000000000000000000e+00 -9.999995231628417969e-01 9.999996423721313477e-01 1.000000000000000000e+00 1.000000000000000000e+00 -1.000000000000000000e+00 -1.000000000000000000e+00 1.000000000000000000e+00 -1.000000000000000000e+00 -1.000000000000000000e+00 1.000000000000000000e+00 -1.000000000000000000e+00 -1.000000000000000000e+00
-1.000000000000000000e+00 1.000000000000000000e+00 9.999046325683593750e-01 1.000000000000000000e+00 -9.999995231628417969e-01 9.999996423721313477e-01 1.000000000000000000e+00 1.000000000000000000e+00 -1.000000000000000000e+00 -1.000000000000000000e+00 1.000000000000000000e+00 -1.000000000000000000e+00 -1.000000000000000000e+00 1.000000000000000000e+00 -1.000000000000000000e+00 -1.000000000000000000e+00
-1.000000000000000000e+00 1.000000000000000000e+00 9.999046325683593750e-01 1.000000000000000000e+00 -9.999995231628417969e-01 9.999996423721313477e-01 1.000000000000000000e+00 1.000000000000000000e+00 -1.000000000000000000e+00 -1.000000000000000000e+00 1.000000000000000000e+00 -1.000000000000000000e+00 -1.000000000000000000e+00 1.000000000000000000e+00 -1.000000000000000000e+00 -1.000000000000000000e+00
-1.000000000000000000e+00 1.000000000000000000e+00 9.999046325683593750e-01 1.000000000000000000e+00 -9.999995231628417969e-01 9.999996423721313477e-01 1.000000000000000000e+00 1.000000000000000000e+00 -1.000000000000000000e+00 -1.000000000000000000e+00 1.000000000000000000e+00 -1.000000000000000000e+00 -1.000000000000000000e+00 1.000000000000000000e+00 -1.000000000000000000e+00 -1.000000000000000000e+00
-1.000000000000000000e+00 1.000000000000000000e+00 9.999046325683593750e-01 1.000000000000000000e+00 -9.999995231628417969e-01 9.999996423721313477e-01 1.000000000000000000e+00 1.000000000000000000e+00 -1.000000000000000000e+00 -1.000000000000000000e+00 1.000000000000000000e+00 -1.000000000000000000e+00 -1.000000000000000000e+00 1.000000000000000000e+00 -1.000000000000000000e+00 -1.000000000000000000e+00
-1.000000000000000000e+00 1.000000000000000000e+00 9.999046325683593750e-01 1.000000000000000000e+00 -9.999995231628417969e-01 9.999996423721313477e-01 1.000000000000000000e+00 1.000000000000000000e+00 -1.000000000000000000e+00 -1.000000000000000000e+00 1.000000000000000000e+00 -1.000000000000000000e+00 -1.000000000000000000e+00 1.000000000000000000e+00 -1.000000000000000000e+00 -1.000000000000000000e+00
-1.000000000000000000e+00 1.000000000000000000e+00 9.999046325683593750e-01 1.000000000000000000e+00 -9.999995231628417969e-01 9.999996423721313477e-01 1.000000000000000000e+00 1.000000000000000000e+00 -1.000000000000000000e+00 -1.000000000000000000e+00 1.000000000000000000e+00 -1.000000000000000000e+00 -1.000000000000000000e+00 1.000000000000000000e+00 -1.000000000000000000e+00 -1.000000000000000000e+00
-1.000000000000000000e+00 1.000000000000000000e+00 9.999046325683593750e-01 1.000000000000000000e+00 -9.999995231628417969e-01 9.999996423721313477e-01 1.000000000000000000e+00 1.000000000000000000e+00 -1.000000000000000000e+00 -1.000000000000000000e+00 1.000000000000000000e+00 -1.000000000000000000e+00 -1.000000000000000000e+00 1.000000000000000000e+00 -1.000000000000000000e+00 -1.000000000000000000e+00
-1.000000000000000000e+00 1.000000000000000000e+00 9.999046325683593750e-01 1.000000000000000000e+00 -9.999995231628417969e-01 9.999996423721313477e-01 1.000000000000000000e+00 1.000000000000000000e+00 -1.000000000000000000e+00 -1.000000000000000000e+00 1.000000000000000000e+00 -1.000000000000000000e+00 -1.000000000000000000e+00 1.000000000000000000e+00 -1.000000000000000000e+00 -1.000000000000000000e+00
-1.000000000000000000e+00 1.000000000000000000e+00 9.999046325683593750e-01 1.000000000000000000e+00 -9.999995231628417969e-01 9.999996423721313477e-01 1.000000000000000000e+00 1.000000000000000000e+00 -1.000000000000000000e+00 -1.000000000000000000e+00 1.000000000000000000e+00 -1.000000000000000000e+00 -1.000000000000000000e+00 1.000000000000000000e+00 -1.000000000000000000e+00 -1.000000000000000000e+00
-1.000000000000000000e+00 1.000000000000000000e+00 9.999046325683593750e-01 1.000000000000000000e+00 -9.999995231628417969e-01 9.999996423721313477e-01 1.000000000000000000e+00 1.000000000000000000e+00 -1.000000000000000000e+00 -1.000000000000000000e+00 1.000000000000000000e+00 -1.000000000000000000e+00 -1.000000000000000000e+00 1.000000000000000000e+00 -1.000000000000000000e+00 -1.000000000000000000e+00
-1.000000000000000000e+00 1.000000000000000000e+00 9.997006654739379883e-01 1.000000000000000000e+00 -1.000000000000000000e+00 9.999943375587463379e-01 1.000000000000000000e+00 1.000000000000000000e+00 -1.000000000000000000e+00 -1.000000000000000000e+00 1.000000000000000000e+00 -1.000000000000000000e+00 -1.000000000000000000e+00 1.000000000000000000e+00 -1.000000000000000000e+00 -1.000000000000000000e+00
-1.000000000000000000e+00 1.000000000000000000e+00 9.997008442878723145e-01 1.000000000000000000e+00 -1.000000000000000000e+00 9.999943375587463379e-01 1.000000000000000000e+00 1.000000000000000000e+00 -1.000000000000000000e+00 -1.000000000000000000e+00 1.000000000000000000e+00 -1.000000000000000000e+00 -1.000000000000000000e+00 1.000000000000000000e+00 -1.000000000000000000e+00 -1.000000000000000000e+00
-1.000000000000000000e+00 1.000000000000000000e+00 9.997008442878723145e-01 1.000000000000000000e+00 -1.000000000000000000e+00 9.999943375587463379e-01 1.000000000000000000e+00 1.000000000000000000e+00 -1.000000000000000000e+00 -1.000000000000000000e+00 1.000000000000000000e+00 -1.000000000000000000e+00 -1.000000000000000000e+00 1.000000000000000000e+00 -1.000000000000000000e+00 -1.000000000000000000e+00
-1.000000000000000000e+00 1.000000000000000000e+00 9.997008442878723145e-01 1.000000000000000000e+00 -1.000000000000000000e+00 9.999943375587463379e-01 1.000000000000000000e+00 1.000000000000000000e+00 -1.000000000000000000e+00 -1.000000000000000000e+00 1.000000000000000000e+00 -1.000000000000000000e+00 -1.000000000000000000e+00 1.000000000000000000e+00 -1.000000000000000000e+00 -1.000000000000000000e+00
-1.000000000000000000e+00 1.000000000000000000e+00 9.997008442878723145e-01 1.000000000000000000e+00 -1.000000000000000000e+00 9.999943375587463379e-01 1.000000000000000000e+00 1.000000000000000000e+00 -1.000000000000000000e+00 -1.000000000000000000e+00 1.000000000000000000e+00 -1.000000000000000000e+00 -1.000000000000000000e+00 1.000000000000000000e+00 -1.000000000000000000e+00 -1.000000000000000000e+00
-1.000000000000000000e+00 1.000000000000000000e+00 9.997008442878723145e-01 1.000000000000000000e+00 -1.000000000000000000e+00 9.999943375587463379e-01 1.000000000000000000e+00 1.000000000000000000e+00 -1.000000000000000000e+00 -1.000000000000000000e+00 1.000000000000000000e+00 -1.000000000000000000e+00 -1.000000000000000000e+00 1.000000000000000000e+00 -1.000000000000000000e+00 -1.000000000000000000e+00
-1.000000000000000000e+00 1.000000000000000000e+00 9.997008442878723145e-01 1.000000000000000000e+00 -1.000000000000000000e+00 9.999943375587463379e-01 1.000000000000000000e+00 1.000000000000000000e+00 -1.000000000000000000e+00 -1.000000000000000000e+00 1.000000000000000000e+00 -1.000000000000000000e+00 -1.000000000000000000e+00 1.000000000000000000e+00 -1.000000000000000000e+00 -1.000000000000000000e+00
-1.000000000000000000e+00 1.000000000000000000e+00 9.997008442878723145e-01 1.000000000000000000e+00 -1.000000000000000000e+00 9.999943375587463379e-01 1.000000000000000000e+00 1.000000000000000000e+00 -1.000000000000000000e+00 -1.000000000000000000e+00 1.000000000000000000e+00 -1.000000000000000000e+00 -1.000000000000000000e+00 1.000000000000000000e+00 -1.000000000000000000e+00 -1.000000000000000000e+00
-1.000000000000000000e+00 1.000000000000000000e+00 9.997008442878723145e-01 1.000000000000000000e+00 -1.000000000000000000e+00 9.999943375587463379e-01 1.000000000000000000e+00 1.000000000000000000e+00 -1.000000000000000000e+00 -1.000000000000000000e+00 1.000000000000000000e+00 -1.000000000000000000e+00 -1.000000000000000000e+00 1.000000000000000000e+00 -1.000000000000000000e+00 -1.000000000000000000e+00
