-1.000000000000000000e+00 9.092099070549011230e-01 9.991462230682373047e-01 9.999930262565612793e-01 -1.000000000000000000e+00 1.000000000000000000e+00 -1.000000000000000000e+00 -1.000000000000000000e+00 -9.999938607215881348e-01 -1.000000000000000000e+00 -1.000000000000000000e+00 -1.000000000000000000e+00 1.000000000000000000e+00 -1.000000000000000000e+00 1.000000000000000000e+00 -1.000000000000000000e+00
-9.999973177909851074e-01 -9.999983310699462891e-01 1.000000000000000000e+00 9.895885586738586426e-01 -1.000000000000000000e+00 1.000000000000000000e+00 2.456170469522476196e-01 -1.000000000000000000e+00 -1.000000000000000000e+00 -1.000000000000000000e+00 -1.000000000000000000e+00 -1.000000000000000000e+00 1.000000000000000000e+00 -1.000000000000000000e+00 1.000000000000000000e+00 -9.999982118606567383e-01
-9.999915957450866699e-01 -9.999936819076538086e-01 1.000000000000000000e+00 9.943046569824218750e-01 -1.000000000000000000e+00 1.000000000000000000e+00 7.518717050552368164e-01 -1.000000000000000000e+00 -1.000000000000000000e+00 -1.000000000000000000e+00 -1.000000000000000000e+00 -1.000000000000000000e+00 1.000000000000000000e+00 -1.000000000000000000e+00 1.000000000000000000e+00 -9.999992251396179199e-01
-9.999895691871643066e-01 -9.999942183494567871e-01 1.000000000000000000e+00 9.965887665748596191e-01 -1.000000000000000000e+00 1.000000000000000000e+00 8.056712150573730469e-01 -1.000000000000000000e+00 -1.000000000000000000e+00 -1.000000000000000000e+00 -1.000000000000000000e+00 -1.000000000000000000e+00 1.000000000000000000e+00 -1.000000000000000000e+00 1.000000000000000000e+00 -9.999994635581970215e-01
-9.999893307685852051e-01 -9.999941587448120117e-01 1.000000000000000000e+00 9.967631101608276367e-01 -1.000000000000000000e+00 1.000000000000000000e+00 8.108817934989929199e-01 -1.000000000000000000e+00 -1.000000000000000000e+00 -1.000000000000000000e+00 -1.000000000000000000e+00 -1.000000000000000000e+00 1.000000000000000000e+00 -1.000000000000000000e+00 1.000000000000000000e+00 -9.999994635581970215e-01
-9.999892115592956543e-01 -9.999941587448120117e-01 1.000000000000000000e+00 9.967797398567199707e-01 -1.000000000000000000e+00 1.000000000000000000e+00 8.113757967948913574e-01 -1.000000000000000000e+00 -1.000000000000000000e+00 -1.000000000000000000e+00 -1.000000000000000000e+00 -1.000000000000000000e+00 1.000000000000000000e+00 -1.000000000000000000e+00 1.000000000000000000e+00 -9.999995231628417969e-01
-9.999892711639404297e-01 -9.999942183494567871e-01 1.000000000000000000e+00 9.967814087867736816e-01 -1.000000000000000000e+00 1.000000000000000000e+00 8.114225864410400391e-01 -1.000000000000000000e+00 -1.000000000000000000e+00 -1.000000000000000000e+00 -1.000000000000000000e+00 -1.000000000000000000e+00 1.000000000000000000e+00 -1.000000000000000000e+00 1.000000000000000000e+00 -9.999995231628417969e-01
-9.999892711639404297e-01 -9.999943375587463379e-01 1.000000000000000000e+00 9.967814087867736816e-01 -1.000000000000000000e+00 1.000000000000000000e+00 8.114269971847534180e-01 -1.000000000000000000e+00 -1.000000000000000000e+00 -1.000000000000000000e+00 -1.000000000000000000e+00 -1.000000000000000000e+00 1.000000000000000000e+00 -1.000000000000000000e+00 1.000000000000000000e+00 -9.999995827674865723e-01
-9.999893903732299805e-01 -9.999941587448120117e-01 1.000000000000000000e+00 9.967814683914184570e-01 -1.000000000000000000e+00 1.000000000000000000e+00 8.114274740219116211e-01 -1.000000000000000000e+00 -1.000000000000000000e+00 -1.000000000000000000e+00 -1.000000000000000000e+00 -1.000000000000000000e+00 1.000000000000000000e+00 -1.000000000000000000e+00 1.000000000000000000e+00 -9.999993443489074707e-01
-9.999893903732299805e-01 -9.999941587448120117e-01 1.000000000000000000e+00 9.967814087867736816e-01 -1.000000000000000000e+00 1.000000000000000000e+00 8.114275336265563965e-01 -1.000000000000000000e+00 -1.000000000000000000e+00 -1.000000000000000000e+00 -1.000000000000000000e+00 -1.000000000000000000e+00 1.000000000000000000e+00 -1.000000000000000000e+00 1.000000000000000000e+00 -9.999993443489074707e-01
-9.999893903732299805e-01 -9.999941587448120117e-01 1.000000000000000000e+00 9.967814087867736816e-01 -1.000000000000000000e+00 1.000000000000000000e+00 8.114275336265563965e-01 -1.000000000000000000e+00 -1.000000000000000000e+00 -1.000000000000000000e+00 -1.000000000000000000e+00 -1.000000000000000000e+00 1.000000000000000000e+00 -1.000000000000000000e+00 1.000000000000000000e+00 -9.999993443489074707e-01
-9.999943375587463379e-01 -9.999811649322509766e-01 1.000000000000000000e+00 9.995443224906921387e-01 -1.000000000000000000e+00 1.000000000000000000e+00 -9.998640418052673340e-01 -1.000000000000000000e+00 -1.000000000000000000e+00 -1.000000000000000000e+00 -1.000000000000000000e+00 -1.000000000000000000e+00 1.000000000000000000e+00 -1.000000000000000000e+00 1.000000000000000000e+00 -1.000000000000000000e+00
-9.999975562095642090e-01 -9.999746680259704590e-01 1.000000000000000000e+00 9.970757961273193359e-01 -1.000000000000000000e+00 1.000000000000000000e+00 -9.999486207962036133e-01 -1.000000000000000000e+00 -1.000000000000000000e+00 -1.000000000000000000e+00 -1.000000000000000000e+00 -1.000000000000000000e+00 1.000000000000000000e+00 -1.000000000000000000e+00 1.000000000000000000e+00 -1.000000000000000000e+00
-9.999974370002746582e-01 -9.999746680259704590e-01 1.000000000000000000e+00 9.970838427543640137e-01 -1.000000000000000000e+00 1.000000000000000000e+00 -9.999486804008483887e-01 -1.000000000000000000e+00 -1.000000000000000000e+00 -1.000000000000000000e+00 -1.000000000000000000e+00 -1.000000000000000000e+00 1.000000000000000000e+00 -1.000000000000000000e+00 1.000000000000000000e+00 -1.000000000000000000e+00
-9.999975562095642090e-01 -9.999748468399047852e-01 1.000000000000000000e+00 9.970837235450744629e-01 -1.000000000000000000e+00 1.000000000000000000e+00 -9.999487400054931641e-01 -1.000000000000000000e+00 -1.000000000000000000e+00 -1.000000000000000000e+00 -1.000000000000000000e+00 -1.000000000000000000e+00 1.000000000000000000e+00 -1.000000000000000000e+00 1.000000000000000000e+00 -1.000000000000000000e+00
-9.999975562095642090e-01 -9.999746680259704590e-01 1.000000000000000000e+00 9.970837235450744629e-01 -1.000000000000000000e+00 1.000000000000000000e+00 -9.999487400054931641e-01 -1.000000000000000000e+00 -1.000000000000000000e+00 -1.000000000000000000e+00 -1.000000000000000000e+00 -1.000000000000000000e+00 1.000000000000000000e+00 -1.000000000000000000e+00 1.000000000000000000e+00 -1.000000000000000000e+00
-9.999975562095642090e-01 -9.999748468399047852e-01 1.000000000000000000e+00 9.970837235450744629e-01 -1.000000000000000000e+00 1.000000000000000000e+00 -9.999487400054931641e-01 -1.000000000000000000e+00 -1.000000000000000000e+00 -1.000000000000000000e+00 -1.000000000000000000e+00 -1.000000000000000000e+00 1.000000000000000000e+00 -1.000000000000000000e+00 1.000000000000000000e+00 -1.000000000000000000e+00
-9.999975562095642090e-01 -9.999746680259704590e-01 1.000000000000000000e+00 9.970837235450744629e-01 -1.000000000000000000e+00 1.000000000000000000e+00 -9.999487400054931641e-01 -1.000000000000000000e+00 -1.000000000000000000e+00 -1.000000000000000000e+00 -1.000000000000000000e+00 -1.000000000000000000e+00 1.000000000000000000e+00 -1.000000000000000000e+00 1.000000000000000000e+00 -1.000000000000000000e+00
-9.999975562095642090e-01 -9.999748468399047852e-01 1.000000000000000000e+00 9.970837235450744629e-01 -1.000000000000000000e+00 1.000000000000000000e+00 -9.999487400054931641e-01 -1.000000000000000000e+00 -1.000000000000000000e+00 -1.000000000000000000e+00 -1.000000000000000000e+00 -1.000000000000000000e+00 1.000000000000000000e+00 -1.000000000000000000e+00 1.000000000000000000e+00 -1.000000000000000000e+00
-9.999975562095642090e-01 -9.999746680259704590e-01 1.000000000000000000e+00 9.970837235450744629e-01 -1.000000000000000000e+00 1.000000000000000000e+00 -9.999487400054931641e-01 -1.000000000000000000e+00 -1.000000000000000000e+00 -1.000000000000000000e+00 -1.000000000000000000e+00 -1.000000000000000000e+00 1.000000000000000000e+00 -1.000000000000000000e+00 1.000000000000000000e+00 -1.000000000000000000e+00
-9.999975562095642090e-01 -9.999748468399047852e-01 1.000000000000000000e+00 9.970837235450744629e-01 -1.000000000000000000e+00 1.000000000000000000e+00 -9.999487400054931641e-01 -1.000000000000000000e+00 -1.000000000000000000e+00 -1.000000000000000000e+00 -1.000000000000000000e+00 -1.000000000000000000e+00 1.000000000000000000e+00 -1.000000000000000000e+00 1.000000000000000000e+00 -1.000000000000000000e+00
-9.999975562095642090e-01 -9.999746680259704590e-01 1.000000000000000000e+00 9.970837235450744629e-01 -1.000000000000000000e+00 1.000000000000000000e+00 -9.999487400054931641e-01 -1.000000000000000000e+00 -1.000000000000000000e+00 -1.000000000000000000e+00 -1.000000000000000000e+00 -1.000000000000000000e+00 1.000000000000000000e+00 -1.000000000000000000e+00 1.000000000000000000e+00 -1.000000000000000000e+00
-9.999975562095642090e-01 -9.999748468399047852e-01 1.000000000000000000e+00 9.970837235450744629e-01 -1.000000000000000000e+00 1.000000000000000000e+00 -9.999487400054931641e-01 -1.000000000000000000e+00 -1.000000000000000000e+00 -1.000000000000000000e+00 -1.000000000000000000e+00 -1.000000000000000000e+00 1.000000000000000000e+00 -1.000000000000000000e+00 1.000000000000000000e+00 -1.000000000000000000e+00
-9.999975562095642090e-01 -9.999746680259704590e-01 1.000000000000000000e+00 9.970837235450744629e-01 -1.000000000000000000e+00 1.000000000000000000e+00 -9.999487400054931641e-01 -1.000000000000000000e+00 -1.000000000000000000e+00 -1.000000000000000000e+00 -1.000000000000000000e+00 -1.000000000000000000e+00 1.000000000000000000e+00 -1.000000000000000000e+00 1.000000000000000000e+00 -1.000000000000000000e+00
-9.999975562095642090e-01 -9.999748468399047852e-01 1.000000000000000000e+00 9.970837235450744629e-01 -1.000000000000000000e+00 1.000000000000000000e+00 -9.999487400054931641e-01 -1.000000000000000000e+00 -1.000000000000000000e+00 -1.000000000000000000e+00 -1.000000000000000000e+00 -1.000000000000000000e+00 1.000000000000000000e+00 -1.000000000000000000e+00 1.000000000000000000e+00 -1.000000000000000000e+00
-9.999975562095642090e-01 -9.999746680259704590e-01 1.000000000000000000e+00 9.970837235450744629e-01 -1.000000000000000000e+00 1.000000000000000000e+00 -9.999487400054931641e-01 -1.000000000000000000e+00 -1.000000000000000000e+00 -1.000000000000000000e+00 -1.000000000000000000e+00 -1.000000000000000000e+00 1.000000000000000000e+00 -1.000000000000000000e+00 1.000000000000000000e+00 -1.000000000000000000e+00
-9.999975562095642090e-01 -9.999748468399047852e-01 1.000000000000000000e+00 9.970837235450744629e-01 -1.000000000000000000e+00 1.000000000000000000e+00 -9.999487400054931641e-01 -1.000000000000000000e+00 -1.000000000000000000e+00 -1.000000000000000000e+00 -1.000000000000000000e+00 -1.000000000000000000e+00 1.000000000000000000e+00 -1.000000000000000000e+00 1.000000000000000000e+00 -1.000000000000000000e+00
-9.999975562095642090e-01 -9.999746680259704590e-01 1.000000000000000000e+00 9.970837235450744629e-01 -1.000000000000000000e+00 1.000000000000000000e+00 -9.999487400054931641e-01 -1.000000000000000000e+00 -1.000000000000000000e+00 -1.000000000000000000e+00 -1.000000000000000000e+00 -1.000000000000000000e+00 1.000000000000000000e+00 -1.000000000000000000e+00 1.000000000000000000e+00 -1.000000000000000000e+00
-9.999975562095642090e-01 -9.999748468399047852e-01 1.000000000000000000e+00 9.970837235450744629e-01 -1.000000000000000000e+00 1.000000000000000000e+00 -9.999487400054931641e-01 -1.000000000000000000e+00 -1.000000000000000000e+00 -1.000000000000000000e+00 -1.000000000000000000e+00 -1.000000000000000000e+00 1.000000000000000000e+00 -1.000000000000000000e+00 1.000000000000000000e+00 -1.000000000000000000e+00
-9.999975562095642090e-01 -9.999746680259704590e-01 1.000000000000000000e+00 9.970837235450744629e-01 -1.000000000000000000e+00 1.000000000000000000e+00 -9.999487400054931641e-01 -1.000000000000000000e+00 -1.000000000000000000e+00 -1.000000000000000000e+00 -1.000000000000000000e+00 -1.000000000000000000e+00 1.000000000000000000e+00 -1.000000000000000000e+00 1.000000000000000000e+00 -1.000000000000000000e+00
-9.999974966049194336e-01 -9.999746680259704590e-01 1.000000000000000000e+00 9.970837235450744629e-01 -1.000000000000000000e+00 1.000000000000000000e+00 -9.999486804008483887e-01 -1.000000000000000000e+00 -1.000000000000000000e+00 -1.000000000000000000e+00 -1.000000000000000000e+00 -1.000000000000000000e+00 1.000000000000000000e+00 -1.000000000000000000e+00 1.000000000000000000e+00 -1.000000000000000000e+00
-9.999974966049194336e-01 -9.999746680259704590e-01 1.000000000000000000e+00 9.970837235450744629e-01 -1.000000000000000000e+00 1.000000000000000000e+00 -9.999486804008483887e-01 -1.000000000000000000e+00 -1.000000000000000000e+00 -1.000000000000000000e+00 -1.000000000000000000e+00 -1.000000000000000000e+00 1.000000000000000000e+00 -1.000000000000000000e+00 1.000000000000000000e+00 -1.000000000000000000e+00
-9.999975562095642090e-01 -9.999748468399047852e-01 1.000000000000000000e+00 9.970837235450744629e-01 -1.000000000000000000e+00 1.000000000000000000e+00 -9.999487400054931641e-01 -1.000000000000000000e+00 -1.000000000000000000e+00 -1.000000000000000000e+00 -1.000000000000000000e+00 -1.000000000000000000e+00 1.000000000000000000e+00 -1.000000000000000000e+00 1.000000000000000000e+00 -1.000000000000000000e+00
-9.999975562095642090e-01 -9.999746680259704590e-01 1.000000000000000000e+00 9.970837235450744629e-01 -1.000000000000000000e+00 1.000000000000000000e+00 -9.999487400054931641e-01 -1.000000000000000000e+00 -1.000000000000000000e+00 -1.000000000000000000e+00 -1.000000000000000000e+00 -1.000000000000000000e+00 1.000000000000000000e+00 -1.000000000000000000e+00 1.000000000000000000e+00 -1.000000000000000000e+00
-9.999975562095642090e-01 -9.999748468399047852e-01 1.000000000000000000e+00 9.970837235450744629e-01 -1.000000000000000000e+00 1.000000000000000000e+00 -9.999487400054931641e-01 -1.000000000000000000e+00 -1.000000000000000000e+00 -1.000000000000000000e+00 -1.000000000000000000e+00 -1.000000000000000000e+00 1.000000000000000000e+00 -1.000000000000000000e+00 1.000000000000000000e+00 -1.000000000000000000e+00
-9.999975562095642090e-01 -9.999746680259704590e-01 1.000000000000000000e+00 9.970837235450744629e-01 -1.000000000000000000e+00 1.000000000000000000e+00 -9.999487400054931641e-01 -1.000000000000000000e+00 -1.000000000000000000e+00 -1.000000000000000000e+00 -1.000000000000000000e+00 -1.000000000000000000e+00 1.000000000000000000e+00 -1.000000000000000000e+00 1.000000000000000000e+00 -1.000000000000000000e+00
-9.999975562095642090e-01 -9.999748468399047852e-01 1.000000000000000000e+00 9.970837235450744629e-01 -1.000000000000000000e+00 1.000000000000000000e+00 -9.999487400054931641e-01 -1.000000000000000000e+00 -1.000000000000000000e+00 -1.000000000000000000e+00 -1.000000000000000000e+00 -1.000000000000000000e+00 1.000000000000000000e+00 -1.000000000000000000e+00 1.000000000000000000e+00 -1.000000000000000000e+00
-9.999975562095642090e-01 -9.999746680259704590e-01 1.000000000000000000e+00 9.970837235450744629e-01 -1.000000000000000000e+00 1.000000000000000000e+00 -9.999487400054931641e-01 -1.000000000000000000e+00 -1.000000000000000000e+00 -1.000000000000000000e+00 -1.000000000000000000e+00 -1.000000000000000000e+00 1.000000000000000000e+00 -1.000000000000000000e+00 1.000000000000000000e+00 -1.000000000000000000e+00
-9.999975562095642090e-01 -9.999748468399047852e-01 1.000000000000000000e+00 9.970837235450744629e-01 -1.000000000000000000e+00 1.000000000000000000e+00 -9.999487400054931641e-01 -1.000000000000000000e+00 -1.000000000000000000e+00 -1.000000000000000000e+00 -1.000000000000000000e+00 -1.000000000000000000e+00 1.000000000000000000e+00 -1.000000000000000000e+00 1.000000000000000000e+00 -1.000000000000000000e+00
-9.999975562095642090e-01 -9.999746680259704590e-01 1.000000000000000000e+00 9.970837235450744629e-01 -1.000000000000000000e+00 1.000000000000000000e+00 -9.999487400054931641e-01 -1.000000000000000000e+00 -1.000000000000000000e+00 -1.000000000000000000e+00 -1.000000000000000000e+00 -1.000000000000000000e+00 1.000000000000000000e+00 -1.000000000000000000e+00 1.000000000000000000e+00 -1.000000000000000000e+00
-9.999975562095642090e-01 -9.999748468399047852e-01 1.000000000000000000e+00 9.970837235450744629e-01 -1.000000000000000000e+00 1.000000000000000000e+00 -9.999487400054931641e-01 -1.000000000000000000e+00 -1.000000000000000000e+00 -1.000000000000000000e+00 -1.000000000000000000e+00 -1.000000000000000000e+00 1.000000000000000000e+00 -1.000000000000000000e+00 1.000000000000000000e+00 -1.000000000000000000e+00
-9.999975562095642090e-01 -9.999746680259704590e-01 1.000000000000000000e+00 9.970837235450744629e-01 -1.000000000000000000e+00 1.000000000000000000e+00 -9.999487400054931641e-01 -1.000000000000000000e+00 -1.000000000000000000e+00 -1.000000000000000000e+00 -1.000000000000000000e+00 -1.000000000000000000e+00 1.000000000000000000e+00 -1.000000000000000000e+00 1.000000000000000000e+00 -1.000000000000000000e+00
-9.999975562095642090e-01 -9.999748468399047852e-01 1.000000000000000000e+00 9.970837235450744629e-01 -1.000000000000000000e+00 1.000000000000000000e+00 -9.999487400054931641e-01 -1.000000000000000000e+00 -1.000000000000000000e+00 -1.000000000000000000e+00 -1.000000000000000000e+00 -1.000000000000000000e+00 1.000000000000000000e+00 -1.000000000000000000e+00 1.000000000000000000e+00 -1.000000000000000000e+00
-9.999975562095642090e-01 -9.999746680259704590e-01 1.000000000000000000e+00 9.970837235450744629e-01 -1.000000000000000000e+00 1.000000000000000000e+00 -9.999487400054931641e-01 -1.000000000000000000e+00 -1.000000000000000000e+00 -1.000000000000000000e+00 -1.000000000000000000e+00 -1.000000000000000000e+00 1.000000000000000000e+00 -1.000000000000000000e+00 1.000000000000000000e+00 -1.000000000000000000e+00
-9.999975562095642090e-01 -9.999748468399047852e-01 1.000000000000000000e+00 9.970837235450744629e-01 -1.000000000000000000e+00 1.000000000000000000e+00 -9.999487400054931641e-01 -1.000000000000000000e+00 -1.000000000000000000e+00 -1.000000000000000000e+00 -1.000000000000000000e+00 -1.000000000000000000e+00 1.000000000000000000e+00 -1.000000000000000000e+00 1.000000000000000000e+00 -1.000000000000000000e+00
-9.999975562095642090e-01 -9.999746680259704590e-01 1.000000000000000000e+00 9.970837235450744629e-01 -1.000000000000000000e+00 1.000000000000000000e+00 -9.999487400054931641e-01 -1.000000000000000000e+00 -1.000000000000000000e+00 -1.000000000000000000e+00 -1.000000000000000000e+00 -1.000000000000000000e+00 1.000000000000000000e+00 -1.000000000000000000e+00 1.000000000000000000e+00 -1.000000000000000000e+00
-9.999975562095642090e-01 -9.999748468399047852e-01 1.000000000000000000e+00 9.970837235450744629e-01 -1.000000000000000000e+00 1.000000000000000000e+00 -9.999487400054931641e-01 -1.000000000000000000e+00 -1.000000000000000000e+00 -1.000000000000000000e+00 -1.000000000000000000e+00 -1.000000000000000000e+00 1.000000000000000000e+00 -1.000000000000000000e+00 1.000000000000000000e+00 -1.000000000000000000e+00
-9.999975562095642090e-01 -9.999746680259704590e-01 1.000000000000000000e+00 9.970837235450744629e-01 -1.000000000000000000e+00 1.000000000000000000e+00 -9.999487400054931641e-01 -1.000000000000000000e+00 -1.000000000000000000e+00 -1.000000000000000000e+00 -1.000000000000000000e+00 -1.000000000000000000e+00 1.000000000000000000e+00 -1.000000000000000000e+00 1.000000000000000000e+00 -1.000000000000000000e+00
-9.999975562095642090e-01 -9.999748468399047852e-01 1.000000000000000000e+00 9.970837235450744629e-01 -1.000000000000000000e+00 1.000000000000000000e+00 -9.999487400054931641e-01 -1.000000000000000000e+00 -1.000000000000000000e+00 -1.000000000000000000e+00 -1.000000000000000000e+00 -1.000000000000000000e+00 1.000000000000000000e+00 -1.000000000000000000e+00 1.000000000000000000e+00 -1.000000000000000000e+00
-9.999975562095642090e-01 -9.999746680259704590e-01 1.000000000000000000e+00 9.970837235450744629e-01 -1.000000000000000000e+00 1.000000000000000000e+00 -9.999487400054931641e-01 -1.000000000000000000e+00 -1.000000000000000000e+00 -1.000000000000000000e+00 -1.000000000000000000e+00 -1.000000000000000000e+00 1.000000000000000000e+00 -1.000000000000000000e+00 1.000000000000000000e+00 -1.000000000000000000e+00
-9.999975562095642090e-01 -9.999748468399047852e-01 1.000000000000000000e+00 9.970837235450744629e-01 -1.000000000000000000e+00 1.000000000000000000e+00 -9.999487400054931641e-01 -1.000000000000000000e+00 -1.000000000000000000e+00 -1.000000000000000000e+00 -1.000000000000000000e+00 -1.000000000000000000e+00 1.000000000000000000e+00 -1.000000000000000000e+00 1.000000000000000000e+00 -1.000000000000000000e+00
-9.999975562095642090e-01 -9.999748468399047852e-01 1.000000000000000000e+00 9.970837235450744629e-01 -1.000000000000000000e+00 1.000000000000000000e+00 -9.999487400054931641e-01 -1.000000000000000000e+00 -1.000000000000000000e+00 -1.000000000000000000e+00 -1.000000000000000000e+00 -1.000000000000000000e+00 1.000000000000000000e+00 -1.000000000000000000e+00 1.000000000000000000e+00 -1.000000000000000000e+00
-9.999975562095642090e-01 -9.999748468399047852e-01 1.000000000000000000e+00 9.970837235450744629e-01 -1.000000000000000000e+00 1.000000000000000000e+00 -9.999487400054931641e-01 -1.000000000000000000e+00 -1.000000000000000000e+00 -1.000000000000000000e+00 -1.000000000000000000e+00 -1.000000000000000000e+00 1.000000000000000000e+00 -1.000000000000000000e+00 1.000000000000000000e+00 -1.000000000000000000e+00
-9.999975562095642090e-01 -9.999748468399047852e-01 1.000000000000000000e+00 9.970837235450744629e-01 -1.000000000000000000e+00 1.000000000000000000e+00 -9.999487400054931641e-01 -1.000000000000000000e+00 -1.000000000000000000e+00 -1.000000000000000000e+00 -1.000000000000000000e+00 -1.000000000000000000e+00 1.000000000000000000e+00 -1.000000000000000000e+00 1.000000000000000000e+00 -1.000000000000000000e+00
-9.999975562095642090e-01 -9.999748468399047852e-01 1.000000000000000000e+00 9.970837235450744629e-01 -1.000000000000000000e+00 1.000000000000000000e+00 -9.999487400054931641e-01 -1.000000000000000000e+00 -1.000000000000000000e+00 -1.000000000000000000e+00 -1.000000000000000000e+00 -1.000000000000000000e+00 1.000000000000000000e+00 -1.000000000000000000e+00 1.000000000000000000e+00 -1.000000000000000000e+00
-9.999975562095642090e-01 -9.999748468399047852e-01 1.000000000000000000e+00 9.970837235450744629e-01 -1.000000000000000000e+00 1.000000000000000000e+00 -9.999487400054931641e-01 -1.000000000000000000e+00 -1.000000000000000000e+00 -1.000000000000000000e+00 -1.000000000000000000e+00 -1.000000000000000000e+00 1.000000000000000000e+00 -1.000000000000000000e+00 1.000000000000000000e+00 -1.000000000000000000e+00
-9.999975562095642090e-01 -9.999748468399047852e-01 1.000000000000000000e+00 9.970837235450744629e-01 -1.000000000000000000e+00 1.000000000000000000e+00 -9.999487400054931641e-01 -1.000000000000000000e+00 -1.000000000000000000e+00 -1.000000000000000000e+00 -1.000000000000000000e+00 -1.000000000000000000e+00 1.000000000000000000e+00 -1.000000000000000000e+00 1.000000000000000000e+00 -1.000000000000000000e+00
-9.999975562095642090e-01 -9.999748468399047852e-01 1.000000000000000000e+00 9.970837235450744629e-01 -1.000000000000000000e+00 1.000000000000000000e+00 -9.999487400054931641e-01 -1.000000000000000000e+00 -1.000000000000000000e+00 -1.000000000000000000e+00 -1.000000000000000000e+00 -1.000000000000000000e+00 1.000000000000000000e+00 -1.000000000000000000e+00 1.000000000000000000e+00 -1.000000000000000000e+00
-9.999975562095642090e-01 -9.999748468399047852e-01 1.000000000000000000e+00 9.970837235450744629e-01 -1.000000000000000000e+00 1.000000000000000000e+00 -9.999487400054931641e-01 -1.000000000000000000e+00 -1.000000000000000000e+00 -1.000000000000000000e+00 -1.000000000000000000e+00 -1.000000000000000000e+00 1.000000000000000000e+00 -1.000000000000000000e+00 1.000000000000000000e+00 -1.000000000000000000e+00
-9.999975562095642090e-01 -9.999748468399047852e-01 1.000000000000000000e+00 9.970837235450744629e-01 -1.000000000000000000e+00 1.000000000000000000e+00 -9.999487400054931641e-01 -1.000000000000000000e+00 -1.000000000000000000e+00 -1.000000000000000000e+00 -1.000000000000000000e+00 -1.000000000000000000e+00 1.000000000000000000e+00 -1.000000000000000000e+00 1.000000000000000000e+00 -1.000000000000000000e+00
-9.999975562095642090e-01 -9.999748468399047852e-01 1.000000000000000000e+00 9.970837235450744629e-01 -1.000000000000000000e+00 1.000000000000000000e+00 -9.999487400054931641e-01 -1.000000000000000000e+00 -1.000000000000000000e+00 -1.000000000000000000e+00 -1.000000000000000000e+00 -1.000000000000000000e+00 1.000000000000000000e+00 -1.000000000000000000e+00 1.000000000000000000e+00 -1.000000000000000000e+00
-9.999975562095642090e-01 -9.999748468399047852e-01 1.000000000000000000e+00 9.970837235450744629e-01 -1.000000000000000000e+00 1.000000000000000000e+00 -9.999487400054931641e-01 -1.000000000000000000e+00 -1.000000000000000000e+00 -1.000000000000000000e+00 -1.000000000000000000e+00 -1.000000000000000000e+00 1.000000000000000000e+00 -1.000000000000000000e+00 1.000000000000000000e+00 -1.000000000000000000e+00
-9.999974966049194336e-01 -9.999746680259704590e-01 1.000000000000000000e+00 9.970837235450744629e-01 -1.000000000000000000e+00 1.000000000000000000e+00 -9.999486804008483887e-01 -1.000000000000000000e+00 -1.000000000000000000e+00 -1.000000000000000000e+00 -1.000000000000000000e+00 -1.000000000000000000e+00 1.000000000000000000e+00 -1.000000000000000000e+00 1.000000000000000000e+00 -1.000000000000000000e+00
-9.999974966049194336e-01 -9.999746680259704590e-01 1.000000000000000000e+00 9.970837235450744629e-01 -1.000000000000000000e+00 1.000000000000000000e+00 -9.999486804008483887e-01 -1.000000000000000000e+00 -1.000000000000000000e+00 -1.000000000000000000e+00 -1.000000000000000000e+00 -1.000000000000000000e+00 1.000000000000000000e+00 -1.000000000000000000e+00 1.000000000000000000e+00 -1.000000000000000000e+00
-9.999975562095642090e-01 -9.999748468399047852e-01 1.000000000000000000e+00 9.970837235450744629e-01 -1.000000000000000000e+00 1.000000000000000000e+00 -9.999487400054931641e-01 -1.000000000000000000e+00 -1.000000000000000000e+00 -1.000000000000000000e+00 -1.000000000000000000e+00 -1.000000000000000000e+00 1.000000000000000000e+00 -1.000000000000000000e+00 1.000000000000000000e+00 -1.000000000000000000e+00
-9.999975562095642090e-01 -9.999748468399047852e-01 1.000000000000000000e+00 9.970837235450744629e-01 -1.000000000000000000e+00 1.000000000000000000e+00 -9.999487400054931641e-01 -1.000000000000000000e+00 -1.000000000000000000e+00 -1.000000000000000000e+00 -1.000000000000000000e+00 -1.000000000000000000e+00 1.000000000000000000e+00 -1.000000000000000000e+00 1.000000000000000000e+00 -1.000000000000000000e+00
-9.999975562095642090e-01 -9.999748468399047852e-01 1.000000000000000000e+00 9.970837235450744629e-01 -1.000000000000000000e+00 1.000000000000000000e+00 -9.999487400054931641e-01 -1.000000000000000000e+00 -1.000000000000000000e+00 -1.000000000000000000e+00 -1.000000000000000000e+00 -1.000000000000000000e+00 1.000000000000000000e+00 -1.000000000000000000e+00 1.000000000000000000e+00 -1.000000000000000000e+00
-9.999975562095642090e-01 -9.999748468399047852e-01 1.000000000000000000e+00 9.970837235450744629e-01 -1.000000000000000000e+00 1.000000000000000000e+00 -9.999487400054931641e-01 -1.000000000000000000e+00 -1.000000000000000000e+00 -1.000000000000000000e+00 -1.000000000000000000e+00 -1.000000000000000000e+00 1.000000000000000000e+00 -1.000000000000000000e+00 1.000000000000000000e+00 -1.000000000000000000e+00
-9.999975562095642090e-01 -9.999748468399047852e-01 1.000000000000000000e+00 9.970837235450744629e-01 -1.000000000000000000e+00 1.000000000000000000e+00 -9.999487400054931641e-01 -1.000000000000000000e+00 -1.000000000000000000e+00 -1.000000000000000000e+00 -1.000000000000000000e+00 -1.000000000000000000e+00 1.000000000000000000e+00 -1.000000000000000000e+00 1.000000000000000000e+00 -1.000000000000000000e+00
-9.999975562095642090e-01 -9.999748468399047852e-01 1.000000000000000000e+00 9.970837235450744629e-01 -1.000000000000000000e+00 1.000000000000000000e+00 -9.999487400054931641e-01 -1.000000000000000000e+00 -1.000000000000000000e+00 -1.000000000000000000e+00 -1.000000000000000000e+00 -1.000000000000000000e+00 1.000000000000000000e+00 -1.000000000000000000e+00 1.000000000000000000e+00 -1.000000000000000000e+00
-9.999975562095642090e-01 -9.999748468399047852e-01 1.000000000000000000e+00 9.970837235450744629e-01 -1.000000000000000000e+00 1.000000000000000000e+00 -9.999487400054931641e-01 -1.000000000000000000e+00 -1.000000000000000000e+00 -1.000000000000000000e+00 -1.000000000000000000e+00 -1.000000000000000000e+00 1.000000000000000000e+00 -1.000000000000000000e+00 1.000000000000000000e+00 -1.000000000000000000e+00
-9.999975562095642090e-01 -9.999748468399047852e-01 1.000000000000000000e+00 9.970837235450744629e-01 -1.000000000000000000e+00 1.000000000000000000e+00 -9.999487400054931641e-01 -1.000000000000000000e+00 -1.000000000000000000e+00 -1.000000000000000000e+00 -1.000000000000000000e+00 -1.000000000000000000e+00 1.000000000000000000e+00 -1.000000000000000000e+00 1.000000000000000000e+00 -1.000000000000000000e+00
-9.999975562095642090e-01 -9.999748468399047852e-01 1.000000000000000000e+00 9.970837235450744629e-01 -1.000000000000000000e+00 1.000000000000000000e+00 -9.999487400054931641e-01 -1.000000000000000000e+00 -1.000000000000000000e+00 -1.000000000000000000e+00 -1.000000000000000000e+00 -1.000000000000000000e+00 1.000000000000000000e+00 -1.000000000000000000e+00 1.000000000000000000e+00 -1.000000000000000000e+00
-9.999975562095642090e-01 -9.999748468399047852e-01 1.000000000000000000e+00 9.970837235450744629e-01 -1.000000000000000000e+00 1.000000000000000000e+00 -9.999487400054931641e-01 -1.000000000000000000e+00 -1.000000000000000000e+00 -1.000000000000000000e+00 -1.000000000000000000e+00 -1.000000000000000000e+00 1.000000000000000000e+00 -1.000000000000000000e+00 1.000000000000000000e+00 -1.000000000000000000e+00
-9.999975562095642090e-01 -9.999748468399047852e-01 1.000000000000000000e+00 9.970837235450744629e-01 -1.000000000000000000e+00 1.000000000000000000e+00 -9.999487400054931641e-01 -1.000000000000000000e+00 -1.000000000000000000e+00 -1.000000000000000000e+00 -1.000000000000000000e+00 -1.000000000000000000e+00 1.000000000000000000e+00 -1.000000000000000000e+00 1.000000000000000000e+00 -1.000000000000000000e+00
-9.999975562095642090e-01 -9.999748468399047852e-01 1.000000000000000000e+00 9.970837235450744629e-01 -1.000000000000000000e+00 1.000000000000000000e+00 -9.999487400054931641e-01 -1.000000000000000000e+00 -1.000000000000000000e+00 -1.000000000000000000e+00 -1.000000000000000000e+00 -1.000000000000000000e+00 1.000000000000000000e+00 -1.000000000000000000e+00 1.000000000000000000e+00 -1.000000000000000000e+00
-9.999975562095642090e-01 -9.999748468399047852e-01 1.000000000000000000e+00 9.970837235450744629e-01 -1.000000000000000000e+00 1.000000000000000000e+00 -9.999487400054931641e-01 -1.000000000000000000e+00 -1.000000000000000000e+00 -1.000000000000000000e+00 -1.000000000000000000e+00 -1.000000000000000000e+00 1.000000000000000000e+00 -1.000000000000000000e+00 1.000000000000000000e+00 -1.000000000000000000e+00
-9.999975562095642090e-01 -9.999748468399047852e-01 1.000000000000000000e+00 9.970837235450744629e-01 -1.000000000000000000e+00 1.000000000000000000e+00 -9.999487400054931641e-01 -1.000000000000000000e+00 -1.000000000000000000e+00 -1.000000000000000000e+00 -1.000000000000000000e+00 -1.000000000000000000e+00 1.000000000000000000e+00 -1.000000000000000000e+00 1.000000000000000000e+00 -1.000000000000000000e+00
-9.999975562095642090e-01 -9.999748468399047852e-01 1.000000000000000000e+00 9.970837235450744629e-01 -1.000000000000000000e+00 1.000000000000000000e+00 -9.999487400054931641e-01 -1.000000000000000000e+00 -1.000000000000000000e+00 -1.000000000000000000e+00 -1.000000000000000000e+00 -1.000000000000000000e+00 1.000000000000000000e+00 -1.000000000000000000e+00 1.000000000000000000e+00 -1.000000000000000000e+00
-9.999975562095642090e-01 -9.999748468399047852e-01 1.000000000000000000e+00 9.970837235450744629e-01 -1.000000000000000000e+00 1.000000000000000000e+00 -9.999487400054931641e-01 -1.000000000000000000e+00 -1.000000000000000000e+00 -1.000000000000000000e+00 -1.000000000000000000e+00 -1.000000000000000000e+00 1.000000000000000000e+00 -1.000000000000000000e+00 1.000000000000000000e+00 -1.000000000000000000e+00
-9.999975562095642090e-01 -9.999748468399047852e-01 1.000000000000000000e+00 9.970837235450744629e-01 -1.000000000000000000e+00 1.000000000000000000e+00 -9.999487400054931641e-01 -1.000000000000000000e+00 -1.000000000000000000e+00 -1.000000000000000000e+00 -1.000000000000000000e+00 -1.000000000000000000e+00 1.000000000000000000e+00 -1.000000000000000000e+00 1.000000000000000000e+00 -1.000000000000000000e+00
-9.999975562095642090e-01 -9.999748468399047852e-01 1.000000000000000000e+00 9.970837235450744629e-01 -1.000000000000000000e+00 1.000000000000000000e+00 -9.999487400054931641e-01 -1.000000000000000000e+00 -1.000000000000000000e+00 -1.000000000000000000e+00 -1.000000000000000000e+00 -1.000000000000000000e+00 1.000000000000000000e+00 -1.000000000000000000e+00 1.000000000000000000e+00 -1.000000000000000000e+00
-9.999975562095642090e-01 -9.999748468399047852e-01 1.000000000000000000e+00 9.970837235450744629e-01 -1.000000000000000000e+00 1.000000000000000000e+00 -9.999487400054931641e-01 -1.000000000000000000e+00 -1.000000000000000000e+00 -1.000000000000000000e+00 -1.000000000000000000e+00 -1.000000000000000000e+00 1.000000000000000000e+00 -1.000000000000000000e+00 1.000000000000000000e+00 -1.000000000000000000e+00
-9.999975562095642090e-01 -9.999748468399047852e-01 1.000000000000000000e+00 9.970837235450744629e-01 -1.000000000000000000e+00 1.000000000000000000e+00 -9.999487400054931641e-01 -1.000000000000000000e+00 -1.000000000000000000e+00 -1.000000000000000000e+00 -1.000000000000000000e+00 -1.000000000000000000e+00 1.000000000000000000e+00 -1.000000000000000000e+00 1.000000000000000000e+00 -1.000000000000000000e+00
-9.999975562095642090e-01 -9.999748468399047852e-01 1.000000000000000000e+00 9.970837235450744629e-01 -1.000000000000000000e+00 1.000000000000000000e+00 -9.999487400054931641e-01 -1.000000000000000000e+00 -1.000000000000000000e+00 -1.000000000000000000e+00 -1.000000000000000000e+00 -1.000000000000000000e+00 1.000000000000000000e+00 -1.000000000000000000e+00 1.000000000000000000e+00 -1.000000000000000000e+00
-9.999975562095642090e-01 -9.999748468399047852e-01 1.000000000000000000e+00 9.970837235450744629e-01 -1.000000000000000000e+00 1.000000000000000000e+00 -9.999487400054931641e-01 -1.000000000000000000e+00 -1.000000000000000000e+00 -1.000000000000000000e+00 -1.000000000000000000e+00 -1.000000000000000000e+00 1.000000000000000000e+00 -1.000000000000000000e+00 1.000000000000000000e+00 -1.000000000000000000e+00
-9.999975562095642090e-01 -9.999748468399047852e-01 1.000000000000000000e+00 9.970837235450744629e-01 -1.000000000000000000e+00 1.000000000000000000e+00 -9.999487400054931641e-01 -1.000000000000000000e+00 -1.000000000000000000e+00 -1.000000000000000000e+00 -1.000000000000000000e+00 -1.000000000000000000e+00 1.000000000000000000e+00 -1.000000000000000000e+00 1.000000000000000000e+00 -1.000000000000000000e+00
-9.999975562095642090e-01 -9.999748468399047852e-01 1.000000000000000000e+00 9.970837235450744629e-01 -1.000000000000000000e+00 1.000000000000000000e+00 -9.999487400054931641e-01 -1.000000000000000000e+00 -1.000000000000000000e+00 -1.000000000000000000e+00 -1.000000000000000000e+00 -1.000000000000000000e+00 1.000000000000000000e+00 -1.000000000000000000e+00 1.000000000000000000e+00 -1.000000000000000000e+00
-9.999975562095642090e-01 -9.999748468399047852e-01 1.000000000000000000e+00 9.970837235450744629e-01 -1.000000000000000000e+00 1.000000000000000000e+00 -9.999487400054931641e-01 -1.000000000000000000e+00 -1.000000000000000000e+00 -1.000000000000000000e+00 -1.000000000000000000e+00 -1.000000000000000000e+00 1.000000000000000000e+00 -1.000000000000000000e+00 1.000000000000000000e+00 -1.000000000000000000e+00
-9.999975562095642090e-01 -9.999748468399047852e-01 1.000000000000000000e+00 9.970837235450744629e-01 -1.000000000000000000e+00 1.000000000000000000e+00 -9.999487400054931641e-01 -1.000000000000000000e+00 -1.000000000000000000e+00 -1.000000000000000000e+00 -1.000000000000000000e+00 -1.000000000000000000e+00 1.000000000000000000e+00 -1.000000000000000000e+00 1.000000000000000000e+00 -1.000000000000000000e+00
-9.999975562095642090e-01 -9.999748468399047852e-01 1.000000000000000000e+00 9.970837235450744629e-01 -1.000000000000000000e+00 1.000000000000000000e+00 -9.999487400054931641e-01 -1.000000000000000000e+00 -1.000000000000000000e+00 -1.000000000000000000e+00 -1.000000000000000000e+00 -1.000000000000000000e+00 1.000000000000000000e+00 -1.000000000000000000e+00 1.000000000000000000e+00 -1.000000000000000000e+00
-9.999975562095642090e-01 -9.999748468399047852e-01 1.000000000000000000e+00 9.970837235450744629e-01 -1.000000000000000000e+00 1.000000000000000000e+00 -9.999487400054931641e-01 -1.000000000000000000e+00 -1.000000000000000000e+00 -1.000000000000000000e+00 -1.000000000000000000e+00 -1.000000000000000000e+00 1.000000000000000000e+00 -1.000000000000000000e+00 1.000000000000000000e+00 -1.000000000000000000e+00
-9.999975562095642090e-01 -9.999748468399047852e-01 1.000000000000000000e+00 9.970837235450744629e-01 -1.000000000000000000e+00 1.000000000000000000e+00 -9.999487400054931641e-01 -1.000000000000000000e+00 -1.000000000000000000e+00 -1.000000000000000000e+00 -1.000000000000000000e+00 -1.000000000000000000e+00 1.000000000000000000e+00 -1.000000000000000000e+00 1.000000000000000000e+00 -1.000000000000000000e+00
-9.999975562095642090e-01 -9.999748468399047852e-01 1.000000000000000000e+00 9.970837235450744629e-01 -1.000000000000000000e+00 1.000000000000000000e+00 -9.999487400054931641e-01 -1.000000000000000000e+00 -1.000000000000000000e+00 -1.000000000000000000e+00 -1.000000000000000000e+00 -1.000000000000000000e+00 1.000000000000000000e+00 -1.000000000000000000e+00 1.000000000000000000e+00 -1.000000000000000000e+00
-9.999974966049194336e-01 -9.999746680259704590e-01 1.000000000000000000e+00 9.970837235450744629e-01 -1.000000000000000000e+00 1.000000000000000000e+00 -9.999486804008483887e-01 -1.000000000000000000e+00 -1.000000000000000000e+00 -1.000000000000000000e+00 -1.000000000000000000e+00 -1.000000000000000000e+00 1.000000000000000000e+00 -1.000000000000000000e+00 1.000000000000000000e+00 -1.000000000000000000e+00
-9.999974966049194336e-01 -9.999746680259704590e-01 1.000000000000000000e+00 9.970837235450744629e-01 -1.000000000000000000e+00 1.000000000000000000e+00 -9.999486804008483887e-01 -1.000000000000000000e+00 -1.000000000000000000e+00 -1.000000000000000000e+00 -1.000000000000000000e+00 -1.000000000000000000e+00 1.000000000000000000e+00 -1.000000000000000000e+00 1.000000000000000000e+00 -1.000000000000000000e+00
-9.999975562095642090e-01 -9.999748468399047852e-01 1.000000000000000000e+00 9.970837235450744629e-01 -1.000000000000000000e+00 1.000000000000000000e+00 -9.999487400054931641e-01 -1.000000000000000000e+00 -1.000000000000000000e+00 -1.000000000000000000e+00 -1.000000000000000000e+00 -1.000000000000000000e+00 1.000000000000000000e+00 -1.000000000000000000e+00 1.000000000000000000e+00 -1.000000000000000000e+00
-9.999975562095642090e-01 -9.999748468399047852e-01 1.000000000000000000e+00 9.970837235450744629e-01 -1.000000000000000000e+00 1.000000000000000000e+00 -9.999487400054931641e-01 -1.000000000000000000e+00 -1.000000000000000000e+00 -1.000000000000000000e+00 -1.000000000000000000e+00 -1.000000000000000000e+00 1.000000000000000000e+00 -1.000000000000000000e+00 1.000000000000000000e+00 -1.000000000000000000e+00
-9.999975562095642090e-01 -9.999748468399047852e-01 1.000000000000000000e+00 9.970837235450744629e-01 -1.000000000000000000e+00 1.000000000000000000e+00 -9.999487400054931641e-01 -1.000000000000000000e+00 -1.000000000000000000e+00 -1.000000000000000000e+00 -1.000000000000000000e+00 -1.000000000000000000e+00 1.000000000000000000e+00 -1.000000000000000000e+00 1.000000000000000000e+00 -1.000000000000000000e+00
-9.999975562095642090e-01 -9.999748468399047852e-01 1.000000000000000000e+00 9.970837235450744629e-01 -1.000000000000000000e+00 1.000000000000000000e+00 -9.999487400054931641e-01 -1.000000000000000000e+00 -1.000000000000000000e+00 -1.000000000000000000e+00 -1.000000000000000000e+00 -1.000000000000000000e+00 1.000000000000000000e+00 -1.000000000000000000e+00 1.000000000000000000e+00 -1.000000000000000000e+00
