9.996579885482788086e-01 -9.939700365066528320e-01 -9.997739195823669434e-01 1.000000000000000000e+00 -9.999994039535522461e-01 -9.994794130325317383e-01 -1.000000000000000000e+00 -9.999704957008361816e-01 -1.000000000000000000e+00 -1.000000000000000000e+00 -9.999958276748657227e-01 -1.000000000000000000e+00 -1.000000000000000000e+00 -9.998254179954528809e-01 -9.999998211860656738e-01 -1.000000000000000000e+00
-1.000000000000000000e+00 -7.914910912513732910e-01 1.000000000000000000e+00 1.000000000000000000e+00 -1.000000000000000000e+00 -9.999760985374450684e-01 -1.000000000000000000e+00 -1.000000000000000000e+00 -1.000000000000000000e+00 -1.000000000000000000e+00 -3.660913407802581787e-01 -9.517283439636230469e-01 -1.000000000000000000e+00 -9.993878006935119629e-01 -9.999186396598815918e-01 -1.000000000000000000e+00
-9.999998211860656738e-01 -9.813252687454223633e-01 9.999997019767761230e-01 1.000000000000000000e+00 -1.000000000000000000e+00 -9.999882578849792480e-01 -1.000000000000000000e+00 -1.000000000000000000e+00 -1.000000000000000000e+00 -1.000000000000000000e+00 6.287800073623657227e-01 -9.720834493637084961e-01 -1.000000000000000000e+00 -9.995603561401367188e-01 -9.996707439422607422e-01 -1.000000000000000000e+00
-9.999989271163940430e-01 -9.872936010360717773e-01 9.999996423721313477e-01 1.000000000000000000e+00 -1.000000000000000000e+00 -9.999870657920837402e-01 -1.000000000000000000e+00 -1.000000000000000000e+00 -1.000000000000000000e+00 -1.000000000000000000e+00 7.102138400077819824e-01 -9.764783978462219238e-01 -1.000000000000000000e+00 -9.996073842048645020e-01 -9.996498823165893555e-01 -1.000000000000000000e+00
-9.999986886978149414e-01 -9.878235459327697754e-01 9.999996423721313477e-01 1.000000000000000000e+00 -1.000000000000000000e+00 -9.999867081642150879e-01 -1.000000000000000000e+00 -1.000000000000000000e+00 -1.000000000000000000e+00 -1.000000000000000000e+00 7.148946523666381836e-01 -9.770123958587646484e-01 -1.000000000000000000e+00 -9.996101856231689453e-01 -9.996464252471923828e-01 -1.000000000000000000e+00
-9.999986886978149414e-01 -9.878487586975097656e-01 9.999996423721313477e-01 1.000000000000000000e+00 -1.000000000000000000e+00 -9.999868273735046387e-01 -1.000000000000000000e+00 -1.000000000000000000e+00 -1.000000000000000000e+00 -1.000000000000000000e+00 7.151798605918884277e-01 -9.770405292510986328e-01 -1.000000000000000000e+00 -9.996103644371032715e-01 -9.996461272239685059e-01 -1.000000000000000000e+00
-9.999985694885253906e-01 -9.878503084182739258e-01 9.999997019767761230e-01 1.000000000000000000e+00 -1.000000000000000000e+00 -9.999865889549255371e-01 -1.000000000000000000e+00 -1.000000000000000000e+00 -1.000000000000000000e+00 -1.000000000000000000e+00 7.151964306831359863e-01 -9.770424365997314453e-01 -1.000000000000000000e+00 -9.996103644371032715e-01 -9.996461868286132812e-01 -1.000000000000000000e+00
-9.999987483024597168e-01 -9.878504276275634766e-01 9.999995231628417969e-01 1.000000000000000000e+00 -1.000000000000000000e+00 -9.999868869781494141e-01 -1.000000000000000000e+00 -1.000000000000000000e+00 -1.000000000000000000e+00 -1.000000000000000000e+00 7.151973843574523926e-01 -9.770426154136657715e-01 -1.000000000000000000e+00 -9.996101856231689453e-01 -9.996461868286132812e-01 -1.000000000000000000e+00
-9.999988675117492676e-01 -9.878506660461425781e-01 9.999996423721313477e-01 1.000000000000000000e+00 -1.000000000000000000e+00 -9.999868869781494141e-01 -1.000000000000000000e+00 -1.000000000000000000e+00 -1.000000000000000000e+00 -1.000000000000000000e+00 7.151974439620971680e-01 -9.770426154136657715e-01 -1.000000000000000000e+00 -9.996101856231689453e-01 -9.996462464332580566e-01 -1.000000000000000000e+00
-9.999987483024597168e-01 -9.878504276275634766e-01 9.999995231628417969e-01 1.000000000000000000e+00 -1.000000000000000000e+00 -9.999868869781494141e-01 -1.000000000000000000e+00 -1.000000000000000000e+00 -1.000000000000000000e+00 -1.000000000000000000e+00 7.151975631713867188e-01 -9.770424962043762207e-01 -1.000000000000000000e+00 -9.996101856231689453e-01 -9.996462464332580566e-01 -1.000000000000000000e+00
-9.999988675117492676e-01 -9.878506660461425781e-01 9.999995231628417969e-01 1.000000000000000000e+00 -1.000000000000000000e+00 -9.999868869781494141e-01 -1.000000000000000000e+00 -1.000000000000000000e+00 -1.000000000000000000e+00 -1.000000000000000000e+00 7.151974439620971680e-01 -9.770426154136657715e-01 -1.000000000000000000e+00 -9.996101856231689453e-01 -9.996461868286132812e-01 -1.000000000000000000e+00
-8.902298808097839355e-01 -8.552466034889221191e-01 9.997718930244445801e-01 1.000000000000000000e+00 -1.000000000000000000e+00 -1.000000000000000000e+00 -1.000000000000000000e+00 -1.000000000000000000e+00 -1.000000000000000000e+00 -1.000000000000000000e+00 -7.258154153823852539e-01 -9.999982118606567383e-01 -1.000000000000000000e+00 -9.999915361404418945e-01 -9.994409680366516113e-01 -1.000000000000000000e+00
-9.824494719505310059e-01 -6.904265880584716797e-01 9.998614788055419922e-01 1.000000000000000000e+00 -1.000000000000000000e+00 -1.000000000000000000e+00 -1.000000000000000000e+00 -1.000000000000000000e+00 -1.000000000000000000e+00 -1.000000000000000000e+00 -8.094686865806579590e-01 -9.999974966049194336e-01 -1.000000000000000000e+00 -9.999899268150329590e-01 -9.995340108871459961e-01 -1.000000000000000000e+00
-9.860424995422363281e-01 -7.455225586891174316e-01 9.998561739921569824e-01 1.000000000000000000e+00 -1.000000000000000000e+00 -1.000000000000000000e+00 -1.000000000000000000e+00 -1.000000000000000000e+00 -1.000000000000000000e+00 -1.000000000000000000e+00 -8.194425702095031738e-01 -9.999977946281433105e-01 -1.000000000000000000e+00 -9.999894499778747559e-01 -9.994788169860839844e-01 -1.000000000000000000e+00
-9.853752255439758301e-01 -7.283617854118347168e-01 9.998566508293151855e-01 1.000000000000000000e+00 -1.000000000000000000e+00 -1.000000000000000000e+00 -1.000000000000000000e+00 -1.000000000000000000e+00 -1.000000000000000000e+00 -1.000000000000000000e+00 -8.146879673004150391e-01 -9.999976158142089844e-01 -1.000000000000000000e+00 -9.999896883964538574e-01 -9.994860291481018066e-01 -1.000000000000000000e+00
-9.855554699897766113e-01 -7.341328859329223633e-01 9.998563528060913086e-01 1.000000000000000000e+00 -1.000000000000000000e+00 -1.000000000000000000e+00 -1.000000000000000000e+00 -1.000000000000000000e+00 -1.000000000000000000e+00 -1.000000000000000000e+00 -8.160898685455322266e-01 -9.999976754188537598e-01 -1.000000000000000000e+00 -9.999895691871643066e-01 -9.994835257530212402e-01 -1.000000000000000000e+00
-9.854919910430908203e-01 -7.322257757186889648e-01 9.998563528060913086e-01 1.000000000000000000e+00 -1.000000000000000000e+00 -1.000000000000000000e+00 -1.000000000000000000e+00 -1.000000000000000000e+00 -1.000000000000000000e+00 -1.000000000000000000e+00 -8.156164288520812988e-01 -9.999976158142089844e-01 -1.000000000000000000e+00 -9.999896883964538574e-01 -9.994843006134033203e-01 -1.000000000000000000e+00
-9.855128526687622070e-01 -7.328580617904663086e-01 9.998563528060913086e-01 1.000000000000000000e+00 -1.000000000000000000e+00 -1.000000000000000000e+00 -1.000000000000000000e+00 -1.000000000000000000e+00 -1.000000000000000000e+00 -1.000000000000000000e+00 -8.157728910446166992e-01 -9.999976754188537598e-01 -1.000000000000000000e+00 -9.999896883964538574e-01 -9.994840025901794434e-01 -1.000000000000000000e+00
-9.855059385299682617e-01 -7.326485514640808105e-01 9.998563528060913086e-01 1.000000000000000000e+00 -1.000000000000000000e+00 -1.000000000000000000e+00 -1.000000000000000000e+00 -1.000000000000000000e+00 -1.000000000000000000e+00 -1.000000000000000000e+00 -8.157210946083068848e-01 -9.999976158142089844e-01 -1.000000000000000000e+00 -9.999895691871643066e-01 -9.994841217994689941e-01 -1.000000000000000000e+00
-9.855083227157592773e-01 -7.327179908752441406e-01 9.998564720153808594e-01 1.000000000000000000e+00 -1.000000000000000000e+00 -1.000000000000000000e+00 -1.000000000000000000e+00 -1.000000000000000000e+00 -1.000000000000000000e+00 -1.000000000000000000e+00 -8.157383203506469727e-01 -9.999977946281433105e-01 -1.000000000000000000e+00 -9.999895691871643066e-01 -9.994841814041137695e-01 -1.000000000000000000e+00
-9.855076074600219727e-01 -7.326949834823608398e-01 9.998563528060913086e-01 1.000000000000000000e+00 -1.000000000000000000e+00 -1.000000000000000000e+00 -1.000000000000000000e+00 -1.000000000000000000e+00 -1.000000000000000000e+00 -1.000000000000000000e+00 -8.157325387001037598e-01 -9.999977350234985352e-01 -1.000000000000000000e+00 -9.999895691871643066e-01 -9.994840621948242188e-01 -1.000000000000000000e+00
-9.855077862739562988e-01 -7.327026128768920898e-01 9.998564720153808594e-01 1.000000000000000000e+00 -1.000000000000000000e+00 -1.000000000000000000e+00 -1.000000000000000000e+00 -1.000000000000000000e+00 -1.000000000000000000e+00 -1.000000000000000000e+00 -8.157344460487365723e-01 -9.999976158142089844e-01 -1.000000000000000000e+00 -9.999895691871643066e-01 -9.994843006134033203e-01 -1.000000000000000000e+00
-9.855077862739562988e-01 -7.327001094818115234e-01 9.998563528060913086e-01 1.000000000000000000e+00 -1.000000000000000000e+00 -1.000000000000000000e+00 -1.000000000000000000e+00 -1.000000000000000000e+00 -1.000000000000000000e+00 -1.000000000000000000e+00 -8.157338500022888184e-01 -9.999977350234985352e-01 -1.000000000000000000e+00 -9.999895691871643066e-01 -9.994841217994689941e-01 -1.000000000000000000e+00
-9.855077862739562988e-01 -7.327010035514831543e-01 9.998564720153808594e-01 1.000000000000000000e+00 -1.000000000000000000e+00 -1.000000000000000000e+00 -1.000000000000000000e+00 -1.000000000000000000e+00 -1.000000000000000000e+00 -1.000000000000000000e+00 -8.157340884208679199e-01 -9.999976754188537598e-01 -1.000000000000000000e+00 -9.999895691871643066e-01 -9.994841814041137695e-01 -1.000000000000000000e+00
-9.855077266693115234e-01 -7.327006459236145020e-01 9.998564720153808594e-01 1.000000000000000000e+00 -1.000000000000000000e+00 -1.000000000000000000e+00 -1.000000000000000000e+00 -1.000000000000000000e+00 -1.000000000000000000e+00 -1.000000000000000000e+00 -8.157339692115783691e-01 -9.999976158142089844e-01 -1.000000000000000000e+00 -9.999895691871643066e-01 -9.994841217994689941e-01 -1.000000000000000000e+00
-9.855077266693115234e-01 -7.327008247375488281e-01 9.998564720153808594e-01 1.000000000000000000e+00 -1.000000000000000000e+00 -1.000000000000000000e+00 -1.000000000000000000e+00 -1.000000000000000000e+00 -1.000000000000000000e+00 -1.000000000000000000e+00 -8.157339692115783691e-01 -9.999976158142089844e-01 -1.000000000000000000e+00 -9.999895691871643066e-01 -9.994841217994689941e-01 -1.000000000000000000e+00
-9.855077266693115234e-01 -7.327007055282592773e-01 9.998564720153808594e-01 1.000000000000000000e+00 -1.000000000000000000e+00 -1.000000000000000000e+00 -1.000000000000000000e+00 -1.000000000000000000e+00 -1.000000000000000000e+00 -1.000000000000000000e+00 -8.157339692115783691e-01 -9.999976158142089844e-01 -1.000000000000000000e+00 -9.999895691871643066e-01 -9.994841217994689941e-01 -1.000000000000000000e+00
-9.855077266693115234e-01 -7.327008247375488281e-01 9.998564720153808594e-01 1.000000000000000000e+00 -1.000000000000000000e+00 -1.000000000000000000e+00 -1.000000000000000000e+00 -1.000000000000000000e+00 -1.000000000000000000e+00 -1.000000000000000000e+00 -8.157339692115783691e-01 -9.999976158142089844e-01 -1.000000000000000000e+00 -9.999895691871643066e-01 -9.994841217994689941e-01 -1.000000000000000000e+00
-9.855077266693115234e-01 -7.327007055282592773e-01 9.998564720153808594e-01 1.000000000000000000e+00 -1.000000000000000000e+00 -1.000000000000000000e+00 -1.000000000000000000e+00 -1.000000000000000000e+00 -1.000000000000000000e+00 -1.000000000000000000e+00 -8.157339692115783691e-01 -9.999976158142089844e-01 -1.000000000000000000e+00 -9.999895691871643066e-01 -9.994841217994689941e-01 -1.000000000000000000e+00
-9.855077266693115234e-01 -7.327008247375488281e-01 9.998564720153808594e-01 1.000000000000000000e+00 -1.000000000000000000e+00 -1.000000000000000000e+00 -1.000000000000000000e+00 -1.000000000000000000e+00 -1.000000000000000000e+00 -1.000000000000000000e+00 -8.157339692115783691e-01 -9.999976158142089844e-01 -1.000000000000000000e+00 -9.999895691871643066e-01 -9.994841217994689941e-01 -1.000000000000000000e+00
-9.855077266693115234e-01 -7.327005863189697266e-01 9.998563528060913086e-01 1.000000000000000000e+00 -1.000000000000000000e+00 -1.000000000000000000e+00 -1.000000000000000000e+00 -1.000000000000000000e+00 -1.000000000000000000e+00 -1.000000000000000000e+00 -8.157338500022888184e-01 -9.999976158142089844e-01 -1.000000000000000000e+00 -9.999896883964538574e-01 -9.994841217994689941e-01 -1.000000000000000000e+00
-9.855077266693115234e-01 -7.327006459236145020e-01 9.998563528060913086e-01 1.000000000000000000e+00 -1.000000000000000000e+00 -1.000000000000000000e+00 -1.000000000000000000e+00 -1.000000000000000000e+00 -1.000000000000000000e+00 -1.000000000000000000e+00 -8.157339096069335938e-01 -9.999976158142089844e-01 -1.000000000000000000e+00 -9.999896883964538574e-01 -9.994841217994689941e-01 -1.000000000000000000e+00
-9.855077266693115234e-01 -7.327007055282592773e-01 9.998564720153808594e-01 1.000000000000000000e+00 -1.000000000000000000e+00 -1.000000000000000000e+00 -1.000000000000000000e+00 -1.000000000000000000e+00 -1.000000000000000000e+00 -1.000000000000000000e+00 -8.157339692115783691e-01 -9.999976158142089844e-01 -1.000000000000000000e+00 -9.999895691871643066e-01 -9.994841217994689941e-01 -1.000000000000000000e+00
-9.855077266693115234e-01 -7.327008247375488281e-01 9.998564720153808594e-01 1.000000000000000000e+00 -1.000000000000000000e+00 -1.000000000000000000e+00 -1.000000000000000000e+00 -1.000000000000000000e+00 -1.000000000000000000e+00 -1.000000000000000000e+00 -8.157339692115783691e-01 -9.999976158142089844e-01 -1.000000000000000000e+00 -9.999895691871643066e-01 -9.994841217994689941e-01 -1.000000000000000000e+00
-9.855077266693115234e-01 -7.327007055282592773e-01 9.998564720153808594e-01 1.000000000000000000e+00 -1.000000000000000000e+00 -1.000000000000000000e+00 -1.000000000000000000e+00 -1.000000000000000000e+00 -1.000000000000000000e+00 -1.000000000000000000e+00 -8.157339692115783691e-01 -9.999976158142089844e-01 -1.000000000000000000e+00 -9.999895691871643066e-01 -9.994841217994689941e-01 -1.000000000000000000e+00
-9.855077266693115234e-01 -7.327008247375488281e-01 9.998564720153808594e-01 1.000000000000000000e+00 -1.000000000000000000e+00 -1.000000000000000000e+00 -1.000000000000000000e+00 -1.000000000000000000e+00 -1.000000000000000000e+00 -1.000000000000000000e+00 -8.157339692115783691e-01 -9.999976158142089844e-01 -1.000000000000000000e+00 -9.999895691871643066e-01 -9.994841217994689941e-01 -1.000000000000000000e+00
-9.855077266693115234e-01 -7.327007055282592773e-01 9.998564720153808594e-01 1.000000000000000000e+00 -1.000000000000000000e+00 -1.000000000000000000e+00 -1.000000000000000000e+00 -1.000000000000000000e+00 -1.000000000000000000e+00 -1.000000000000000000e+00 -8.157339692115783691e-01 -9.999976158142089844e-01 -1.000000000000000000e+00 -9.999895691871643066e-01 -9.994841217994689941e-01 -1.000000000000000000e+00
-9.855077266693115234e-01 -7.327008247375488281e-01 9.998564720153808594e-01 1.000000000000000000e+00 -1.000000000000000000e+00 -1.000000000000000000e+00 -1.000000000000000000e+00 -1.000000000000000000e+00 -1.000000000000000000e+00 -1.000000000000000000e+00 -8.157339692115783691e-01 -9.999976158142089844e-01 -1.000000000000000000e+00 -9.999895691871643066e-01 -9.994841217994689941e-01 -1.000000000000000000e+00
-9.855077266693115234e-01 -7.327007055282592773e-01 9.998564720153808594e-01 1.000000000000000000e+00 -1.000000000000000000e+00 -1.000000000000000000e+00 -1.000000000000000000e+00 -1.000000000000000000e+00 -1.000000000000000000e+00 -1.000000000000000000e+00 -8.157339692115783691e-01 -9.999976158142089844e-01 -1.000000000000000000e+00 -9.999895691871643066e-01 -9.994841217994689941e-01 -1.000000000000000000e+00
-9.855077266693115234e-01 -7.327008247375488281e-01 9.998564720153808594e-01 1.000000000000000000e+00 -1.000000000000000000e+00 -1.000000000000000000e+00 -1.000000000000000000e+00 -1.000000000000000000e+00 -1.000000000000000000e+00 -1.000000000000000000e+00 -8.157339692115783691e-01 -9.999976158142089844e-01 -1.000000000000000000e+00 -9.999895691871643066e-01 -9.994841217994689941e-01 -1.000000000000000000e+00
-9.855077266693115234e-01 -7.327007055282592773e-01 9.998564720153808594e-01 1.000000000000000000e+00 -1.000000000000000000e+00 -1.000000000000000000e+00 -1.000000000000000000e+00 -1.000000000000000000e+00 -1.000000000000000000e+00 -1.000000000000000000e+00 -8.157339692115783691e-01 -9.999976158142089844e-01 -1.000000000000000000e+00 -9.999895691871643066e-01 -9.994841217994689941e-01 -1.000000000000000000e+00
-9.855077266693115234e-01 -7.327008247375488281e-01 9.998564720153808594e-01 1.000000000000000000e+00 -1.000000000000000000e+00 -1.000000000000000000e+00 -1.000000000000000000e+00 -1.000000000000000000e+00 -1.000000000000000000e+00 -1.000000000000000000e+00 -8.157339692115783691e-01 -9.999976158142089844e-01 -1.000000000000000000e+00 -9.999895691871643066e-01 -9.994841217994689941e-01 -1.000000000000000000e+00
-9.855077266693115234e-01 -7.327007055282592773e-01 9.998564720153808594e-01 1.000000000000000000e+00 -1.000000000000000000e+00 -1.000000000000000000e+00 -1.000000000000000000e+00 -1.000000000000000000e+00 -1.000000000000000000e+00 -1.000000000000000000e+00 -8.157339692115783691e-01 -9.999976158142089844e-01 -1.000000000000000000e+00 -9.999895691871643066e-01 -9.994841217994689941e-01 -1.000000000000000000e+00
-9.855077266693115234e-01 -7.327008247375488281e-01 9.998564720153808594e-01 1.000000000000000000e+00 -1.000000000000000000e+00 -1.000000000000000000e+00 -1.000000000000000000e+00 -1.000000000000000000e+00 -1.000000000000000000e+00 -1.000000000000000000e+00 -8.157339692115783691e-01 -9.999976158142089844e-01 -1.000000000000000000e+00 -9.999895691871643066e-01 -9.994841217994689941e-01 -1.000000000000000000e+00
-9.855077266693115234e-01 -7.327007055282592773e-01 9.998564720153808594e-01 1.000000000000000000e+00 -1.000000000000000000e+00 -1.000000000000000000e+00 -1.000000000000000000e+00 -1.000000000000000000e+00 -1.000000000000000000e+00 -1.000000000000000000e+00 -8.157339692115783691e-01 -9.999976158142089844e-01 -1.000000000000000000e+00 -9.999895691871643066e-01 -9.994841217994689941e-01 -1.000000000000000000e+00
-9.855077266693115234e-01 -7.327008247375488281e-01 9.998564720153808594e-01 1.000000000000000000e+00 -1.000000000000000000e+00 -1.000000000000000000e+00 -1.000000000000000000e+00 -1.000000000000000000e+00 -1.000000000000000000e+00 -1.000000000000000000e+00 -8.157339692115783691e-01 -9.999976158142089844e-01 -1.000000000000000000e+00 -9.999895691871643066e-01 -9.994841217994689941e-01 -1.000000000000000000e+00
-9.855077266693115234e-01 -7.327007055282592773e-01 9.998564720153808594e-01 1.000000000000000000e+00 -1.000000000000000000e+00 -1.000000000000000000e+00 -1.000000000000000000e+00 -1.000000000000000000e+00 -1.000000000000000000e+00 -1.000000000000000000e+00 -8.157339692115783691e-01 -9.999976158142089844e-01 -1.000000000000000000e+00 -9.999895691871643066e-01 -9.994841217994689941e-01 -1.000000000000000000e+00
-9.855077266693115234e-01 -7.327008247375488281e-01 9.998564720153808594e-01 1.000000000000000000e+00 -1.000000000000000000e+00 -1.000000000000000000e+00 -1.000000000000000000e+00 -1.000000000000000000e+00 -1.000000000000000000e+00 -1.000000000000000000e+00 -8.157339692115783691e-01 -9.999976158142089844e-01 -1.000000000000000000e+00 -9.999895691871643066e-01 -9.994841217994689941e-01 -1.000000000000000000e+00
-9.855077266693115234e-01 -7.327007055282592773e-01 9.998564720153808594e-01 1.000000000000000000e+00 -1.000000000000000000e+00 -1.000000000000000000e+00 -1.000000000000000000e+00 -1.000000000000000000e+00 -1.000000000000000000e+00 -1.000000000000000000e+00 -8.157339692115783691e-01 -9.999976158142089844e-01 -1.000000000000000000e+00 -9.999895691871643066e-01 -9.994841217994689941e-01 -1.000000000000000000e+00
-9.855077266693115234e-01 -7.327008247375488281e-01 9.998564720153808594e-01 1.000000000000000000e+00 -1.000000000000000000e+00 -1.000000000000000000e+00 -1.000000000000000000e+00 -1.000000000000000000e+00 -1.000000000000000000e+00 -1.000000000000000000e+00 -8.157339692115783691e-01 -9.999976158142089844e-01 -1.000000000000000000e+00 -9.999895691871643066e-01 -9.994841217994689941e-01 -1.000000000000000000e+00
-9.855077266693115234e-01 -7.327007055282592773e-01 9.998564720153808594e-01 1.000000000000000000e+00 -1.000000000000000000e+00 -1.000000000000000000e+00 -1.000000000000000000e+00 -1.000000000000000000e+00 -1.000000000000000000e+00 -1.000000000000000000e+00 -8.157339692115783691e-01 -9.999976158142089844e-01 -1.000000000000000000e+00 -9.999895691871643066e-01 -9.994841217994689941e-01 -1.000000000000000000e+00
-9.855077266693115234e-01 -7.327007055282592773e-01 9.998564720153808594e-01 1.000000000000000000e+00 -1.000000000000000000e+00 -1.000000000000000000e+00 -1.000000000000000000e+00 -1.000000000000000000e+00 -1.000000000000000000e+00 -1.000000000000000000e+00 -8.157339692115783691e-01 -9.999976158142089844e-01 -1.000000000000000000e+00 -9.999895691871643066e-01 -9.994841217994689941e-01 -1.000000000000000000e+00
-9.855077266693115234e-01 -7.327007055282592773e-01 9.998564720153808594e-01 1.000000000000000000e+00 -1.000000000000000000e+00 -1.000000000000000000e+00 -1.000000000000000000e+00 -1.000000000000000000e+00 -1.000000000000000000e+00 -1.000000000000000000e+00 -8.157339692115783691e-01 -9.999976158142089844e-01 -1.000000000000000000e+00 -9.999895691871643066e-01 -9.994841217994689941e-01 -1.000000000000000000e+00
-9.855077266693115234e-01 -7.327007055282592773e-01 9.998564720153808594e-01 1.000000000000000000e+00 -1.000000000000000000e+00 -1.000000000000000000e+00 -1.000000000000000000e+00 -1.000000000000000000e+00 -1.000000000000000000e+00 -1.000000000000000000e+00 -8.157339692115783691e-01 -9.999976158142089844e-01 -1.000000000000000000e+00 -9.999895691871643066e-01 -9.994841217994689941e-01 -1.000000000000000000e+00
-9.855077266693115234e-01 -7.327007055282592773e-01 9.998564720153808594e-01 1.000000000000000000e+00 -1.000000000000000000e+00 -1.000000000000000000e+00 -1.000000000000000000e+00 -1.000000000000000000e+00 -1.000000000000000000e+00 -1.000000000000000000e+00 -8.157339692115783691e-01 -9.999976158142089844e-01 -1.000000000000000000e+00 -9.999895691871643066e-01 -9.994841217994689941e-01 -1.000000000000000000e+00
-9.855077266693115234e-01 -7.327007055282592773e-01 9.998564720153808594e-01 1.000000000000000000e+00 -1.000000000000000000e+00 -1.000000000000000000e+00 -1.000000000000000000e+00 -1.000000000000000000e+00 -1.000000000000000000e+00 -1.000000000000000000e+00 -8.157339692115783691e-01 -9.999976158142089844e-01 -1.000000000000000000e+00 -9.999895691871643066e-01 -9.994841217994689941e-01 -1.000000000000000000e+00
-9.855077266693115234e-01 -7.327007055282592773e-01 9.998564720153808594e-01 1.000000000000000000e+00 -1.000000000000000000e+00 -1.000000000000000000e+00 -1.000000000000000000e+00 -1.000000000000000000e+00 -1.000000000000000000e+00 -1.000000000000000000e+00 -8.157339692115783691e-01 -9.999976158142089844e-01 -1.000000000000000000e+00 -9.999895691871643066e-01 -9.994841217994689941e-01 -1.000000000000000000e+00
-9.855077266693115234e-01 -7.327007055282592773e-01 9.998564720153808594e-01 1.000000000000000000e+00 -1.000000000000000000e+00 -1.000000000000000000e+00 -1.000000000000000000e+00 -1.000000000000000000e+00 -1.000000000000000000e+00 -1.000000000000000000e+00 -8.157339692115783691e-01 -9.999976158142089844e-01 -1.000000000000000000e+00 -9.999895691871643066e-01 -9.994841217994689941e-01 -1.000000000000000000e+00
-9.855077266693115234e-01 -7.327007055282592773e-01 9.998564720153808594e-01 1.000000000000000000e+00 -1.000000000000000000e+00 -1.000000000000000000e+00 -1.000000000000000000e+00 -1.000000000000000000e+00 -1.000000000000000000e+00 -1.000000000000000000e+00 -8.157339692115783691e-01 -9.999976158142089844e-01 -1.000000000000000000e+00 -9.999895691871643066e-01 -9.994841217994689941e-01 -1.000000000000000000e+00
-9.855077266693115234e-01 -7.327007055282592773e-01 9.998564720153808594e-01 1.000000000000000000e+00 -1.000000000000000000e+00 -1.000000000000000000e+00 -1.000000000000000000e+00 -1.000000000000000000e+00 -1.000000000000000000e+00 -1.000000000000000000e+00 -8.157339692115783691e-01 -9.999976158142089844e-01 -1.000000000000000000e+00 -9.999895691871643066e-01 -9.994841217994689941e-01 -1.000000000000000000e+00
-9.855077266693115234e-01 -7.327007055282592773e-01 9.998564720153808594e-01 1.000000000000000000e+00 -1.000000000000000000e+00 -1.000000000000000000e+00 -1.000000000000000000e+00 -1.000000000000000000e+00 -1.000000000000000000e+00 -1.000000000000000000e+00 -8.157339692115783691e-01 -9.999976158142089844e-01 -1.000000000000000000e+00 -9.999895691871643066e-01 -9.994841217994689941e-01 -1.000000000000000000e+00
-9.855077266693115234e-01 -7.327007055282592773e-01 9.998564720153808594e-01 1.000000000000000000e+00 -1.000000000000000000e+00 -1.000000000000000000e+00 -1.000000000000000000e+00 -1.000000000000000000e+00 -1.000000000000000000e+00 -1.000000000000000000e+00 -8.157339692115783691e-01 -9.999976158142089844e-01 -1.000000000000000000e+00 -9.999895691871643066e-01 -9.994841217994689941e-01 -1.000000000000000000e+00
-9.855079054832458496e-01 -7.327006459236145020e-01 9.998563528060913086e-01 1.000000000000000000e+00 -1.000000000000000000e+00 -1.000000000000000000e+00 -1.000000000000000000e+00 -1.000000000000000000e+00 -1.000000000000000000e+00 -1.000000000000000000e+00 -8.157339096069335938e-01 -9.999976158142089844e-01 -1.000000000000000000e+00 -9.999896883964538574e-01 -9.994841217994689941e-01 -1.000000000000000000e+00
-9.855079054832458496e-01 -7.327006459236145020e-01 9.998563528060913086e-01 1.000000000000000000e+00 -1.000000000000000000e+00 -1.000000000000000000e+00 -1.000000000000000000e+00 -1.000000000000000000e+00 -1.000000000000000000e+00 -1.000000000000000000e+00 -8.157339096069335938e-01 -9.999976158142089844e-01 -1.000000000000000000e+00 -9.999896883964538574e-01 -9.994841217994689941e-01 -1.000000000000000000e+00
-9.855077266693115234e-01 -7.327007055282592773e-01 9.998564720153808594e-01 1.000000000000000000e+00 -1.000000000000000000e+00 -1.000000000000000000e+00 -1.000000000000000000e+00 -1.000000000000000000e+00 -1.000000000000000000e+00 -1.000000000000000000e+00 -8.157339692115783691e-01 -9.999976158142089844e-01 -1.000000000000000000e+00 -9.999895691871643066e-01 -9.994841217994689941e-01 -1.000000000000000000e+00
-9.855077266693115234e-01 -7.327007055282592773e-01 9.998564720153808594e-01 1.000000000000000000e+00 -1.000000000000000000e+00 -1.000000000000000000e+00 -1.000000000000000000e+00 -1.000000000000000000e+00 -1.000000000000000000e+00 -1.000000000000000000e+00 -8.157339692115783691e-01 -9.999976158142089844e-01 -1.000000000000000000e+00 -9.999895691871643066e-01 -9.994841217994689941e-01 -1.000000000000000000e+00
-9.855077266693115234e-01 -7.327007055282592773e-01 9.998564720153808594e-01 1.000000000000000000e+00 -1.000000000000000000e+00 -1.000000000000000000e+00 -1.000000000000000000e+00 -1.000000000000000000e+00 -1.000000000000000000e+00 -1.000000000000000000e+00 -8.157339692115783691e-01 -9.999976158142089844e-01 -1.000000000000000000e+00 -9.999895691871643066e-01 -9.994841217994689941e-01 -1.000000000000000000e+00
-9.855077266693115234e-01 -7.327007055282592773e-01 9.998564720153808594e-01 1.000000000000000000e+00 -1.000000000000000000e+00 -1.000000000000000000e+00 -1.000000000000000000e+00 -1.000000000000000000e+00 -1.000000000000000000e+00 -1.000000000000000000e+00 -8.157339692115783691e-01 -9.999976158142089844e-01 -1.000000000000000000e+00 -9.999895691871643066e-01 -9.994841217994689941e-01 -1.000000000000000000e+00
-9.855077266693115234e-01 -7.327007055282592773e-01 9.998564720153808594e-01 1.000000000000000000e+00 -1.000000000000000000e+00 -1.000000000000000000e+00 -1.000000000000000000e+00 -1.000000000000000000e+00 -1.000000000000000000e+00 -1.000000000000000000e+00 -8.157339692115783691e-01 -9.999976158142089844e-01 -1.000000000000000000e+00 -9.999895691871643066e-01 -9.994841217994689941e-01 -1.000000000000000000e+00
-9.855077266693115234e-01 -7.327007055282592773e-01 9.998564720153808594e-01 1.000000000000000000e+00 -1.000000000000000000e+00 -1.000000000000000000e+00 -1.000000000000000000e+00 -1.000000000000000000e+00 -1.000000000000000000e+00 -1.000000000000000000e+00 -8.157339692115783691e-01 -9.999976158142089844e-01 -1.000000000000000000e+00 -9.999895691871643066e-01 -9.994841217994689941e-01 -1.000000000000000000e+00
-9.855077266693115234e-01 -7.327007055282592773e-01 9.998564720153808594e-01 1.000000000000000000e+00 -1.000000000000000000e+00 -1.000000000000000000e+00 -1.000000000000000000e+00 -1.000000000000000000e+00 -1.000000000000000000e+00 -1.000000000000000000e+00 -8.157339692115783691e-01 -9.999976158142089844e-01 -1.000000000000000000e+00 -9.999895691871643066e-01 -9.994841217994689941e-01 -1.000000000000000000e+00
-9.855077266693115234e-01 -7.327007055282592773e-01 9.998564720153808594e-01 1.000000000000000000e+00 -1.000000000000000000e+00 -1.000000000000000000e+00 -1.000000000000000000e+00 -1.000000000000000000e+00 -1.000000000000000000e+00 -1.000000000000000000e+00 -8.157339692115783691e-01 -9.999976158142089844e-01 -1.000000000000000000e+00 -9.999895691871643066e-01 -9.994841217994689941e-01 -1.000000000000000000e+00
-9.855077266693115234e-01 -7.327007055282592773e-01 9.998564720153808594e-01 1.000000000000000000e+00 -1.000000000000000000e+00 -1.000000000000000000e+00 -1.000000000000000000e+00 -1.000000000000000000e+00 -1.000000000000000000e+00 -1.000000000000000000e+00 -8.157339692115783691e-01 -9.999976158142089844e-01 -1.000000000000000000e+00 -9.999895691871643066e-01 -9.994841217994689941e-01 -1.000000000000000000e+00
-9.855077266693115234e-01 -7.327007055282592773e-01 9.998564720153808594e-01 1.000000000000000000e+00 -1.000000000000000000e+00 -1.000000000000000000e+00 -1.000000000000000000e+00 -1.000000000000000000e+00 -1.000000000000000000e+00 -1.000000000000000000e+00 -8.157339692115783691e-01 -9.999976158142089844e-01 -1.000000000000000000e+00 -9.999895691871643066e-01 -9.994841217994689941e-01 -1.000000000000000000e+00
-9.855077266693115234e-01 -7.327007055282592773e-01 9.998564720153808594e-01 1.000000000000000000e+00 -1.000000000000000000e+00 -1.000000000000000000e+00 -1.000000000000000000e+00 -1.000000000000000000e+00 -1.000000000000000000e+00 -1.000000000000000000e+00 -8.157339692115783691e-01 -9.999976158142089844e-01 -1.000000000000000000e+00 -9.999895691871643066e-01 -9.994841217994689941e-01 -1.000000000000000000e+00
-9.855077266693115234e-01 -7.327007055282592773e-01 9.998564720153808594e-01 1.000000000000000000e+00 -1.000000000000000000e+00 -1.000000000000000000e+00 -1.000000000000000000e+00 -1.000000000000000000e+00 -1.000000000000000000e+00 -1.000000000000000000e+00 -8.157339692115783691e-01 -9.999976158142089844e-01 -1.000000000000000000e+00 -9.999895691871643066e-01 -9.994841217994689941e-01 -1.000000000000000000e+00
-9.855077266693115234e-01 -7.327007055282592773e-01 9.998564720153808594e-01 1.000000000000000000e+00 -1.000000000000000000e+00 -1.000000000000000000e+00 -1.000000000000000000e+00 -1.000000000000000000e+00 -1.000000000000000000e+00 -1.000000000000000000e+00 -8.157339692115783691e-01 -9.999976158142089844e-01 -1.000000000000000000e+00 -9.999895691871643066e-01 -9.994841217994689941e-01 -1.000000000000000000e+00
-9.855077266693115234e-01 -7.327007055282592773e-01 9.998564720153808594e-01 1.000000000000000000e+00 -1.000000000000000000e+00 -1.000000000000000000e+00 -1.000000000000000000e+00 -1.000000000000000000e+00 -1.000000000000000000e+00 -1.000000000000000000e+00 -8.157339692115783691e-01 -9.999976158142089844e-01 -1.000000000000000000e+00 -9.999895691871643066e-01 -9.994841217994689941e-01 -1.000000000000000000e+00
-9.855077266693115234e-01 -7.327007055282592773e-01 9.998564720153808594e-01 1.000000000000000000e+00 -1.000000000000000000e+00 -1.000000000000000000e+00 -1.000000000000000000e+00 -1.000000000000000000e+00 -1.000000000000000000e+00 -1.000000000000000000e+00 -8.157339692115783691e-01 -9.999976158142089844e-01 -1.000000000000000000e+00 -9.999895691871643066e-01 -9.994841217994689941e-01 -1.000000000000000000e+00
-9.855077266693115234e-01 -7.327007055282592773e-01 9.998564720153808594e-01 1.000000000000000000e+00 -1.000000000000000000e+00 -1.000000000000000000e+00 -1.000000000000000000e+00 -1.000000000000000000e+00 -1.000000000000000000e+00 -1.000000000000000000e+00 -8.157339692115783691e-01 -9.999976158142089844e-01 -1.000000000000000000e+00 -9.999895691871643066e-01 -9.994841217994689941e-01 -1.000000000000000000e+00
-9.855077266693115234e-01 -7.327007055282592773e-01 9.998564720153808594e-01 1.000000000000000000e+00 -1.000000000000000000e+00 -1.000000000000000000e+00 -1.000000000000000000e+00 -1.000000000000000000e+00 -1.000000000000000000e+00 -1.000000000000000000e+00 -8.157339692115783691e-01 -9.999976158142089844e-01 -1.000000000000000000e+00 -9.999895691871643066e-01 -9.994841217994689941e-01 -1.000000000000000000e+00
-9.855077266693115234e-01 -7.327007055282592773e-01 9.998564720153808594e-01 1.000000000000000000e+00 -1.000000000000000000e+00 -1.000000000000000000e+00 -1.000000000000000000e+00 -1.000000000000000000e+00 -1.000000000000000000e+00 -1.000000000000000000e+00 -8.157339692115783691e-01 -9.999976158142089844e-01 -1.000000000000000000e+00 -9.999895691871643066e-01 -9.994841217994689941e-01 -1.000000000000000000e+00
-9.855077266693115234e-01 -7.327007055282592773e-01 9.998564720153808594e-01 1.000000000000000000e+00 -1.000000000000000000e+00 -1.000000000000000000e+00 -1.000000000000000000e+00 -1.000000000000000000e+00 -1.000000000000000000e+00 -1.000000000000000000e+00 -8.157339692115783691e-01 -9.999976158142089844e-01 -1.000000000000000000e+00 -9.999895691871643066e-01 -9.994841217994689941e-01 -1.000000000000000000e+00
-9.855077266693115234e-01 -7.327007055282592773e-01 9.998564720153808594e-01 1.000000000000000000e+00 -1.000000000000000000e+00 -1.000000000000000000e+00 -1.000000000000000000e+00 -1.000000000000000000e+00 -1.000000000000000000e+00 -1.000000000000000000e+00 -8.157339692115783691e-01 -9.999976158142089844e-01 -1.000000000000000000e+00 -9.999895691871643066e-01 -9.994841217994689941e-01 -1.000000000000000000e+00
-9.855077266693115234e-01 -7.327007055282592773e-01 9.998564720153808594e-01 1.000000000000000000e+00 -1.000000000000000000e+00 -1.000000000000000000e+00 -1.000000000000000000e+00 -1.000000000000000000e+00 -1.000000000000000000e+00 -1.000000000000000000e+00 -8.157339692115783691e-01 -9.999976158142089844e-01 -1.000000000000000000e+00 -9.999895691871643066e-01 -9.994841217994689941e-01 -1.000000000000000000e+00
-9.855077266693115234e-01 -7.327007055282592773e-01 9.998564720153808594e-01 1.000000000000000000e+00 -1.000000000000000000e+00 -1.000000000000000000e+00 -1.000000000000000000e+00 -1.000000000000000000e+00 -1.000000000000000000e+00 -1.000000000000000000e+00 -8.157339692115783691e-01 -9.999976158142089844e-01 -1.000000000000000000e+00 -9.999895691871643066e-01 -9.994841217994689941e-01 -1.000000000000000000e+00
-9.855077266693115234e-01 -7.327007055282592773e-01 9.998564720153808594e-01 1.000000000000000000e+00 -1.000000000000000000e+00 -1.000000000000000000e+00 -1.000000000000000000e+00 -1.000000000000000000e+00 -1.000000000000000000e+00 -1.000000000000000000e+00 -8.157339692115783691e-01 -9.999976158142089844e-01 -1.000000000000000000e+00 -9.999895691871643066e-01 -9.994841217994689941e-01 -1.000000000000000000e+00
-9.855077266693115234e-01 -7.327007055282592773e-01 9.998564720153808594e-01 1.000000000000000000e+00 -1.000000000000000000e+00 -1.000000000000000000e+00 -1.000000000000000000e+00 -1.000000000000000000e+00 -1.000000000000000000e+00 -1.000000000000000000e+00 -8.157339692115783691e-01 -9.999976158142089844e-01 -1.000000000000000000e+00 -9.999895691871643066e-01 -9.994841217994689941e-01 -1.000000000000000000e+00
-9.855077266693115234e-01 -7.327007055282592773e-01 9.998564720153808594e-01 1.000000000000000000e+00 -1.000000000000000000e+00 -1.000000000000000000e+00 -1.000000000000000000e+00 -1.000000000000000000e+00 -1.000000000000000000e+00 -1.000000000000000000e+00 -8.157339692115783691e-01 -9.999976158142089844e-01 -1.000000000000000000e+00 -9.999895691871643066e-01 -9.994841217994689941e-01 -1.000000000000000000e+00
-9.855077266693115234e-01 -7.327007055282592773e-01 9.998564720153808594e-01 1.000000000000000000e+00 -1.000000000000000000e+00 -1.000000000000000000e+00 -1.000000000000000000e+00 -1.000000000000000000e+00 -1.000000000000000000e+00 -1.000000000000000000e+00 -8.157339692115783691e-01 -9.999976158142089844e-01 -1.000000000000000000e+00 -9.999895691871643066e-01 -9.994841217994689941e-01 -1.000000000000000000e+00
-9.855077266693115234e-01 -7.327007055282592773e-01 9.998564720153808594e-01 1.000000000000000000e+00 -1.000000000000000000e+00 -1.000000000000000000e+00 -1.000000000000000000e+00 -1.000000000000000000e+00 -1.000000000000000000e+00 -1.000000000000000000e+00 -8.157339692115783691e-01 -9.999976158142089844e-01 -1.000000000000000000e+00 -9.999895691871643066e-01 -9.994841217994689941e-01 -1.000000000000000000e+00
-9.855077266693115234e-01 -7.327007055282592773e-01 9.998564720153808594e-01 1.000000000000000000e+00 -1.000000000000000000e+00 -1.000000000000000000e+00 -1.000000000000000000e+00 -1.000000000000000000e+00 -1.000000000000000000e+00 -1.000000000000000000e+00 -8.157339692115783691e-01 -9.999976158142089844e-01 -1.000000000000000000e+00 -9.999895691871643066e-01 -9.994841217994689941e-01 -1.000000000000000000e+00
-9.855077266693115234e-01 -7.327007055282592773e-01 9.998564720153808594e-01 1.000000000000000000e+00 -1.000000000000000000e+00 -1.000000000000000000e+00 -1.000000000000000000e+00 -1.000000000000000000e+00 -1.000000000000000000e+00 -1.000000000000000000e+00 -8.157339692115783691e-01 -9.999976158142089844e-01 -1.000000000000000000e+00 -9.999895691871643066e-01 -9.994841217994689941e-01 -1.000000000000000000e+00
-9.855077266693115234e-01 -7.327007055282592773e-01 9.998564720153808594e-01 1.000000000000000000e+00 -1.000000000000000000e+00 -1.000000000000000000e+00 -1.000000000000000000e+00 -1.000000000000000000e+00 -1.000000000000000000e+00 -1.000000000000000000e+00 -8.157339692115783691e-01 -9.999976158142089844e-01 -1.000000000000000000e+00 -9.999895691871643066e-01 -9.994841217994689941e-01 -1.000000000000000000e+00
-9.855079054832458496e-01 -7.327006459236145020e-01 9.998563528060913086e-01 1.000000000000000000e+00 -1.000000000000000000e+00 -1.000000000000000000e+00 -1.000000000000000000e+00 -1.000000000000000000e+00 -1.000000000000000000e+00 -1.000000000000000000e+00 -8.157339096069335938e-01 -9.999976158142089844e-01 -1.000000000000000000e+00 -9.999896883964538574e-01 -9.994841217994689941e-01 -1.000000000000000000e+00
-9.855079054832458496e-01 -7.327006459236145020e-01 9.998563528060913086e-01 1.000000000000000000e+00 -1.000000000000000000e+00 -1.000000000000000000e+00 -1.000000000000000000e+00 -1.000000000000000000e+00 -1.000000000000000000e+00 -1.000000000000000000e+00 -8.157339096069335938e-01 -9.999976158142089844e-01 -1.000000000000000000e+00 -9.999896883964538574e-01 -9.994841217994689941e-01 -1.000000000000000000e+00
-9.855077266693115234e-01 -7.327007055282592773e-01 9.998564720153808594e-01 1.000000000000000000e+00 -1.000000000000000000e+00 -1.000000000000000000e+00 -1.000000000000000000e+00 -1.000000000000000000e+00 -1.000000000000000000e+00 -1.000000000000000000e+00 -8.157339692115783691e-01 -9.999976158142089844e-01 -1.000000000000000000e+00 -9.999895691871643066e-01 -9.994841217994689941e-01 -1.000000000000000000e+00
-9.855077266693115234e-01 -7.327007055282592773e-01 9.998564720153808594e-01 1.000000000000000000e+00 -1.000000000000000000e+00 -1.000000000000000000e+00 -1.000000000000000000e+00 -1.000000000000000000e+00 -1.000000000000000000e+00 -1.000000000000000000e+00 -8.157339692115783691e-01 -9.999976158142089844e-01 -1.000000000000000000e+00 -9.999895691871643066e-01 -9.994841217994689941e-01 -1.000000000000000000e+00
-9.855077266693115234e-01 -7.327007055282592773e-01 9.998564720153808594e-01 1.000000000000000000e+00 -1.000000000000000000e+00 -1.000000000000000000e+00 -1.000000000000000000e+00 -1.000000000000000000e+00 -1.000000000000000000e+00 -1.000000000000000000e+00 -8.157339692115783691e-01 -9.999976158142089844e-01 -1.000000000000000000e+00 -9.999895691871643066e-01 -9.994841217994689941e-01 -1.000000000000000000e+00
-9.855077266693115234e-01 -7.327007055282592773e-01 9.998564720153808594e-01 1.000000000000000000e+00 -1.000000000000000000e+00 -1.000000000000000000e+00 -1.000000000000000000e+00 -1.000000000000000000e+00 -1.000000000000000000e+00 -1.000000000000000000e+00 -8.157339692115783691e-01 -9.999976158142089844e-01 -1.000000000000000000e+00 -9.999895691871643066e-01 -9.994841217994689941e-01 -1.000000000000000000e+00
