9.989016056060791016e-01 -9.999901652336120605e-01 -1.000000000000000000e+00 -9.996651411056518555e-01 -9.999835491180419922e-01 -9.999927878379821777e-01 1.000000000000000000e+00 1.000000000000000000e+00 -9.951628446578979492e-01 9.999948740005493164e-01 -1.000000000000000000e+00 9.997694492340087891e-01 1.000000000000000000e+00 -9.999580383300781250e-01 1.000000000000000000e+00 -1.000000000000000000e+00
1.000000000000000000e+00 -1.000000000000000000e+00 -1.000000000000000000e+00 -9.964007735252380371e-01 6.783273220062255859e-01 -5.746633410453796387e-01 9.473243951797485352e-01 9.999989271163940430e-01 -5.708473920822143555e-01 9.428266882896423340e-01 -1.000000000000000000e+00 9.999959468841552734e-01 9.999957084655761719e-01 -1.000000000000000000e+00 1.000000000000000000e+00 -1.000000000000000000e+00
9.999994635581970215e-01 -1.000000000000000000e+00 -1.000000000000000000e+00 -9.983773231506347656e-01 5.783514976501464844e-01 -5.853355526924133301e-01 9.711046814918518066e-01 9.999988079071044922e-01 -8.048619627952575684e-01 9.230471253395080566e-01 -1.000000000000000000e+00 9.999973177909851074e-01 9.999818205833435059e-01 -1.000000000000000000e+00 1.000000000000000000e+00 -1.000000000000000000e+00
9.999998807907104492e-01 -1.000000000000000000e+00 -1.000000000000000000e+00 -9.981711506843566895e-01 6.260325312614440918e-01 -6.406349539756774902e-01 9.728977680206298828e-01 9.999989271163940430e-01 -7.679858803749084473e-01 9.231053590774536133e-01 -1.000000000000000000e+00 9.999971985816955566e-01 9.999818801879882812e-01 -1.000000000000000000e+00 1.000000000000000000e+00 -1.000000000000000000e+00
9.999996423721313477e-01 -1.000000000000000000e+00 -1.000000000000000000e+00 -9.982807040214538574e-01 6.105977892875671387e-01 -6.422631740570068359e-01 9.733151197433471680e-01 9.999989867210388184e-01 -7.732420563697814941e-01 9.247968792915344238e-01 -1.000000000000000000e+00 9.999973773956298828e-01 9.999810457229614258e-01 -1.000000000000000000e+00 1.000000000000000000e+00 -1.000000000000000000e+00
9.999997019767761230e-01 -1.000000000000000000e+00 -1.000000000000000000e+00 -9.982658028602600098e-01 6.121076941490173340e-01 -6.425240635871887207e-01 9.731816053390502930e-01 9.999989271163940430e-01 -7.712849378585815430e-01 9.248675107955932617e-01 -1.000000000000000000e+00 9.999973773956298828e-01 9.999813437461853027e-01 -1.000000000000000000e+00 1.000000000000000000e+00 -1.000000000000000000e+00
9.999997019767761230e-01 -1.000000000000000000e+00 -1.000000000000000000e+00 -9.982683062553405762e-01 6.116409897804260254e-01 -6.421830654144287109e-01 9.731779098510742188e-01 9.999988079071044922e-01 -7.716408371925354004e-01 9.248751997947692871e-01 -1.000000000000000000e+00 9.999973773956298828e-01 9.999811053276062012e-01 -1.000000000000000000e+00 1.000000000000000000e+00 -1.000000000000000000e+00
9.999996423721313477e-01 -1.000000000000000000e+00 -1.000000000000000000e+00 -9.982675909996032715e-01 6.117695569992065430e-01 -6.421920061111450195e-01 9.731746912002563477e-01 9.999989271163940430e-01 -7.715786099433898926e-01 9.248650670051574707e-01 -1.000000000000000000e+00 9.999972581863403320e-01 9.999811053276062012e-01 -1.000000000000000000e+00 1.000000000000000000e+00 -1.000000000000000000e+00
9.999997019767761230e-01 -1.000000000000000000e+00 -1.000000000000000000e+00 -9.982678294181823730e-01 6.117507815361022949e-01 -6.421880125999450684e-01 9.731756448745727539e-01 9.999989271163940430e-01 -7.715960741043090820e-01 9.248651862144470215e-01 -1.000000000000000000e+00 9.999972581863403320e-01 9.999813437461853027e-01 -1.000000000000000000e+00 1.000000000000000000e+00 -1.000000000000000000e+00
9.999997615814208984e-01 -1.000000000000000000e+00 -1.000000000000000000e+00 -9.982676506042480469e-01 6.117556095123291016e-01 -6.421903371810913086e-01 9.731756448745727539e-01 9.999989271163940430e-01 -7.715924978256225586e-01 9.248650670051574707e-01 -1.000000000000000000e+00 9.999973177909851074e-01 9.999813437461853027e-01 -1.000000000000000000e+00 1.000000000000000000e+00 -1.000000000000000000e+00
9.999997019767761230e-01 -1.000000000000000000e+00 -1.000000000000000000e+00 -9.982676506042480469e-01 6.117544770240783691e-01 -6.421903371810913086e-01 9.731757044792175293e-01 9.999988079071044922e-01 -7.715932726860046387e-01 9.248650670051574707e-01 -1.000000000000000000e+00 9.999973177909851074e-01 9.999812245368957520e-01 -1.000000000000000000e+00 1.000000000000000000e+00 -1.000000000000000000e+00
9.999998807907104492e-01 -1.000000000000000000e+00 -1.000000000000000000e+00 -9.982677102088928223e-01 6.117545962333679199e-01 -6.421903371810913086e-01 9.731757044792175293e-01 9.999988079071044922e-01 -7.715930938720703125e-01 9.248650670051574707e-01 -1.000000000000000000e+00 9.999973773956298828e-01 9.999812245368957520e-01 -1.000000000000000000e+00 1.000000000000000000e+00 -1.000000000000000000e+00
9.999998807907104492e-01 -1.000000000000000000e+00 -1.000000000000000000e+00 -9.982677102088928223e-01 6.117545366287231445e-01 -6.421903371810913086e-01 9.731757044792175293e-01 9.999988079071044922e-01 -7.715930938720703125e-01 9.248650670051574707e-01 -1.000000000000000000e+00 9.999973773956298828e-01 9.999812245368957520e-01 -1.000000000000000000e+00 1.000000000000000000e+00 -1.000000000000000000e+00
9.999998807907104492e-01 -1.000000000000000000e+00 -1.000000000000000000e+00 -9.982677102088928223e-01 6.117545366287231445e-01 -6.421903371810913086e-01 9.731757044792175293e-01 9.999988079071044922e-01 -7.715930938720703125e-01 9.248650670051574707e-01 -1.000000000000000000e+00 9.999973773956298828e-01 9.999812245368957520e-01 -1.000000000000000000e+00 1.000000000000000000e+00 -1.000000000000000000e+00
9.999998807907104492e-01 -1.000000000000000000e+00 -1.000000000000000000e+00 -9.982677102088928223e-01 6.117545366287231445e-01 -6.421903371810913086e-01 9.731757044792175293e-01 9.999988079071044922e-01 -7.715930938720703125e-01 9.248650670051574707e-01 -1.000000000000000000e+00 9.999973773956298828e-01 9.999812245368957520e-01 -1.000000000000000000e+00 1.000000000000000000e+00 -1.000000000000000000e+00
9.999998807907104492e-01 -1.000000000000000000e+00 -1.000000000000000000e+00 -9.982677102088928223e-01 6.117545366287231445e-01 -6.421903371810913086e-01 9.731757044792175293e-01 9.999988079071044922e-01 -7.715930938720703125e-01 9.248650670051574707e-01 -1.000000000000000000e+00 9.999973773956298828e-01 9.999812245368957520e-01 -1.000000000000000000e+00 1.000000000000000000e+00 -1.000000000000000000e+00
9.999998807907104492e-01 -1.000000000000000000e+00 -1.000000000000000000e+00 -9.982677102088928223e-01 6.117545366287231445e-01 -6.421903371810913086e-01 9.731757044792175293e-01 9.999988079071044922e-01 -7.715930938720703125e-01 9.248650670051574707e-01 -1.000000000000000000e+00 9.999973773956298828e-01 9.999812245368957520e-01 -1.000000000000000000e+00 1.000000000000000000e+00 -1.000000000000000000e+00
9.999998807907104492e-01 -1.000000000000000000e+00 -1.000000000000000000e+00 -9.982677102088928223e-01 6.117545366287231445e-01 -6.421903371810913086e-01 9.731757044792175293e-01 9.999988079071044922e-01 -7.715930938720703125e-01 9.248650670051574707e-01 -1.000000000000000000e+00 9.999973773956298828e-01 9.999812245368957520e-01 -1.000000000000000000e+00 1.000000000000000000e+00 -1.000000000000000000e+00
9.999998807907104492e-01 -1.000000000000000000e+00 -1.000000000000000000e+00 -9.982677102088928223e-01 6.117545366287231445e-01 -6.421903371810913086e-01 9.731757044792175293e-01 9.999988079071044922e-01 -7.715930938720703125e-01 9.248650670051574707e-01 -1.000000000000000000e+00 9.999973773956298828e-01 9.999812245368957520e-01 -1.000000000000000000e+00 1.000000000000000000e+00 -1.000000000000000000e+00
9.999998807907104492e-01 -1.000000000000000000e+00 -1.000000000000000000e+00 -9.982677102088928223e-01 6.117545366287231445e-01 -6.421903371810913086e-01 9.731757044792175293e-01 9.999988079071044922e-01 -7.715930938720703125e-01 9.248650670051574707e-01 -1.000000000000000000e+00 9.999973773956298828e-01 9.999812245368957520e-01 -1.000000000000000000e+00 1.000000000000000000e+00 -1.000000000000000000e+00
9.999998807907104492e-01 -1.000000000000000000e+00 -1.000000000000000000e+00 -9.982677102088928223e-01 6.117545366287231445e-01 -6.421903371810913086e-01 9.731757044792175293e-01 9.999988079071044922e-01 -7.715930938720703125e-01 9.248650670051574707e-01 -1.000000000000000000e+00 9.999973773956298828e-01 9.999812245368957520e-01 -1.000000000000000000e+00 1.000000000000000000e+00 -1.000000000000000000e+00
9.999998807907104492e-01 -1.000000000000000000e+00 -1.000000000000000000e+00 -9.982677102088928223e-01 6.117545366287231445e-01 -6.421903371810913086e-01 9.731757044792175293e-01 9.999988079071044922e-01 -7.715930938720703125e-01 9.248650670051574707e-01 -1.000000000000000000e+00 9.999973773956298828e-01 9.999812245368957520e-01 -1.000000000000000000e+00 1.000000000000000000e+00 -1.000000000000000000e+00
9.999998807907104492e-01 -1.000000000000000000e+00 -1.000000000000000000e+00 -9.982677102088928223e-01 6.117545366287231445e-01 -6.421903371810913086e-01 9.731757044792175293e-01 9.999988079071044922e-01 -7.715930938720703125e-01 9.248650670051574707e-01 -1.000000000000000000e+00 9.999973773956298828e-01 9.999812245368957520e-01 -1.000000000000000000e+00 1.000000000000000000e+00 -1.000000000000000000e+00
9.999998807907104492e-01 -1.000000000000000000e+00 -1.000000000000000000e+00 -9.982677102088928223e-01 6.117545366287231445e-01 -6.421903371810913086e-01 9.731757044792175293e-01 9.999988079071044922e-01 -7.715930938720703125e-01 9.248650670051574707e-01 -1.000000000000000000e+00 9.999973773956298828e-01 9.999812245368957520e-01 -1.000000000000000000e+00 1.000000000000000000e+00 -1.000000000000000000e+00
9.999998807907104492e-01 -1.000000000000000000e+00 -1.000000000000000000e+00 -9.982677102088928223e-01 6.117545366287231445e-01 -6.421903371810913086e-01 9.731757044792175293e-01 9.999988079071044922e-01 -7.715930938720703125e-01 9.248650670051574707e-01 -1.000000000000000000e+00 9.999973773956298828e-01 9.999812245368957520e-01 -1.000000000000000000e+00 1.000000000000000000e+00 -1.000000000000000000e+00
9.999998807907104492e-01 -1.000000000000000000e+00 -1.000000000000000000e+00 -9.982677102088928223e-01 6.117545366287231445e-01 -6.421903371810913086e-01 9.731757044792175293e-01 9.999988079071044922e-01 -7.715930938720703125e-01 9.248650670051574707e-01 -1.000000000000000000e+00 9.999973773956298828e-01 9.999812245368957520e-01 -1.000000000000000000e+00 1.000000000000000000e+00 -1.000000000000000000e+00
9.999998807907104492e-01 -1.000000000000000000e+00 -1.000000000000000000e+00 -9.982677102088928223e-01 6.117545366287231445e-01 -6.421903371810913086e-01 9.731757044792175293e-01 9.999988079071044922e-01 -7.715930938720703125e-01 9.248650670051574707e-01 -1.000000000000000000e+00 9.999973773956298828e-01 9.999812245368957520e-01 -1.000000000000000000e+00 1.000000000000000000e+00 -1.000000000000000000e+00
9.999998807907104492e-01 -1.000000000000000000e+00 -1.000000000000000000e+00 -9.982677102088928223e-01 6.117545366287231445e-01 -6.421903371810913086e-01 9.731757044792175293e-01 9.999988079071044922e-01 -7.715930938720703125e-01 9.248650670051574707e-01 -1.000000000000000000e+00 9.999973773956298828e-01 9.999812245368957520e-01 -1.000000000000000000e+00 1.000000000000000000e+00 -1.000000000000000000e+00
9.999998807907104492e-01 -1.000000000000000000e+00 -1.000000000000000000e+00 -9.982677102088928223e-01 6.117545366287231445e-01 -6.421903371810913086e-01 9.731757044792175293e-01 9.999988079071044922e-01 -7.715930938720703125e-01 9.248650670051574707e-01 -1.000000000000000000e+00 9.999973773956298828e-01 9.999812245368957520e-01 -1.000000000000000000e+00 1.000000000000000000e+00 -1.000000000000000000e+00
9.999998807907104492e-01 -1.000000000000000000e+00 -1.000000000000000000e+00 -9.982677102088928223e-01 6.117545366287231445e-01 -6.421903371810913086e-01 9.731757044792175293e-01 9.999988079071044922e-01 -7.715930938720703125e-01 9.248650670051574707e-01 -1.000000000000000000e+00 9.999973773956298828e-01 9.999812245368957520e-01 -1.000000000000000000e+00 1.000000000000000000e+00 -1.000000000000000000e+00
9.999998807907104492e-01 -1.000000000000000000e+00 -1.000000000000000000e+00 -9.982676506042480469e-01 6.117541790008544922e-01 -6.421911716461181641e-01 9.731756448745727539e-01 9.999988079071044922e-01 -7.715930938720703125e-01 9.248651266098022461e-01 -1.000000000000000000e+00 9.999973177909851074e-01 9.999812245368957520e-01 -1.000000000000000000e+00 1.000000000000000000e+00 -1.000000000000000000e+00
9.999995827674865723e-01 -1.000000000000000000e+00 -9.999989271163940430e-01 -9.996673464775085449e-01 9.174853563308715820e-01 8.273522853851318359e-01 9.273052215576171875e-01 9.999691843986511230e-01 -2.967141866683959961e-01 9.413836598396301270e-01 -1.000000000000000000e+00 9.999895691871643066e-01 9.999794960021972656e-01 -1.000000000000000000e+00 1.000000000000000000e+00 -1.000000000000000000e+00
9.999991655349731445e-01 -1.000000000000000000e+00 -9.999964237213134766e-01 -9.994864463806152344e-01 9.319908618927001953e-01 9.337421059608459473e-01 9.016702771186828613e-01 9.999557137489318848e-01 -5.938164591789245605e-01 8.793957233428955078e-01 -1.000000000000000000e+00 9.999865293502807617e-01 9.999835491180419922e-01 -1.000000000000000000e+00 1.000000000000000000e+00 -1.000000000000000000e+00
9.999992847442626953e-01 -1.000000000000000000e+00 -9.999961853027343750e-01 -9.994211196899414062e-01 9.453256130218505859e-01 9.165884852409362793e-01 9.133235812187194824e-01 9.999621510505676270e-01 -5.517856478691101074e-01 8.789200186729431152e-01 -1.000000000000000000e+00 9.999861717224121094e-01 9.999821782112121582e-01 -1.000000000000000000e+00 1.000000000000000000e+00 -1.000000000000000000e+00
9.999992847442626953e-01 -1.000000000000000000e+00 -9.999961853027343750e-01 -9.994333982467651367e-01 9.433048367500305176e-01 9.196201562881469727e-01 9.123302698135375977e-01 9.999615550041198730e-01 -5.598307847976684570e-01 8.787273168563842773e-01 -1.000000000000000000e+00 9.999863505363464355e-01 9.999817609786987305e-01 -1.000000000000000000e+00 1.000000000000000000e+00 -1.000000000000000000e+00
9.999992847442626953e-01 -1.000000000000000000e+00 -9.999962449073791504e-01 -9.994310736656188965e-01 9.436705112457275391e-01 9.191036224365234375e-01 9.125444889068603516e-01 9.999617338180541992e-01 -5.581652522087097168e-01 8.786627054214477539e-01 -1.000000000000000000e+00 9.999863505363464355e-01 9.999818801879882812e-01 -1.000000000000000000e+00 1.000000000000000000e+00 -1.000000000000000000e+00
9.999992251396179199e-01 -1.000000000000000000e+00 -9.999961853027343750e-01 -9.994313120841979980e-01 9.435970783233642578e-01 9.192225933074951172e-01 9.124941825866699219e-01 9.999615550041198730e-01 -5.585355162620544434e-01 8.786765336990356445e-01 -1.000000000000000000e+00 9.999863505363464355e-01 9.999818801879882812e-01 -1.000000000000000000e+00 1.000000000000000000e+00 -1.000000000000000000e+00
9.999992847442626953e-01 -1.000000000000000000e+00 -9.999961853027343750e-01 -9.994314312934875488e-01 9.436134696006774902e-01 9.191958904266357422e-01 9.125058054924011230e-01 9.999617338180541992e-01 -5.584549903869628906e-01 8.786733746528625488e-01 -1.000000000000000000e+00 9.999862313270568848e-01 9.999817609786987305e-01 -1.000000000000000000e+00 1.000000000000000000e+00 -1.000000000000000000e+00
9.999992251396179199e-01 -1.000000000000000000e+00 -9.999961256980895996e-01 -9.994314312934875488e-01 9.436098337173461914e-01 9.192016720771789551e-01 9.125034213066101074e-01 9.999616742134094238e-01 -5.584723949432373047e-01 8.786740899085998535e-01 -1.000000000000000000e+00 9.999864101409912109e-01 9.999818801879882812e-01 -1.000000000000000000e+00 1.000000000000000000e+00 -1.000000000000000000e+00
9.999992847442626953e-01 -1.000000000000000000e+00 -9.999961853027343750e-01 -9.994315505027770996e-01 9.436106681823730469e-01 9.192004799842834473e-01 9.125037789344787598e-01 9.999618530273437500e-01 -5.584685802459716797e-01 8.786739706993103027e-01 -1.000000000000000000e+00 9.999861121177673340e-01 9.999819993972778320e-01 -1.000000000000000000e+00 1.000000000000000000e+00 -1.000000000000000000e+00
9.999992251396179199e-01 -1.000000000000000000e+00 -9.999961853027343750e-01 -9.994313716888427734e-01 9.436104893684387207e-01 9.192006587982177734e-01 9.125037193298339844e-01 9.999618530273437500e-01 -5.584695339202880859e-01 8.786740303039550781e-01 -1.000000000000000000e+00 9.999861121177673340e-01 9.999819993972778320e-01 -1.000000000000000000e+00 1.000000000000000000e+00 -1.000000000000000000e+00
9.999992251396179199e-01 -1.000000000000000000e+00 -9.999961853027343750e-01 -9.994313716888427734e-01 9.436106085777282715e-01 9.192005991935729980e-01 9.125037789344787598e-01 9.999616146087646484e-01 -5.584692358970642090e-01 8.786740303039550781e-01 -1.000000000000000000e+00 9.999861121177673340e-01 9.999819993972778320e-01 -1.000000000000000000e+00 1.000000000000000000e+00 -1.000000000000000000e+00
9.999992251396179199e-01 -1.000000000000000000e+00 -9.999961853027343750e-01 -9.994313716888427734e-01 9.436104297637939453e-01 9.192005991935729980e-01 9.125037789344787598e-01 9.999616146087646484e-01 -5.584692358970642090e-01 8.786740303039550781e-01 -1.000000000000000000e+00 9.999861121177673340e-01 9.999819993972778320e-01 -1.000000000000000000e+00 1.000000000000000000e+00 -1.000000000000000000e+00
9.999992251396179199e-01 -1.000000000000000000e+00 -9.999961853027343750e-01 -9.994313716888427734e-01 9.436104297637939453e-01 9.192007184028625488e-01 9.125037789344787598e-01 9.999616146087646484e-01 -5.584692358970642090e-01 8.786740303039550781e-01 -1.000000000000000000e+00 9.999861121177673340e-01 9.999819993972778320e-01 -1.000000000000000000e+00 1.000000000000000000e+00 -1.000000000000000000e+00
9.999992251396179199e-01 -1.000000000000000000e+00 -9.999961853027343750e-01 -9.994313716888427734e-01 9.436104297637939453e-01 9.192007184028625488e-01 9.125037789344787598e-01 9.999616146087646484e-01 -5.584692358970642090e-01 8.786740303039550781e-01 -1.000000000000000000e+00 9.999861121177673340e-01 9.999819993972778320e-01 -1.000000000000000000e+00 1.000000000000000000e+00 -1.000000000000000000e+00
9.999992251396179199e-01 -1.000000000000000000e+00 -9.999961853027343750e-01 -9.994313716888427734e-01 9.436104297637939453e-01 9.192007184028625488e-01 9.125037789344787598e-01 9.999616146087646484e-01 -5.584692358970642090e-01 8.786740303039550781e-01 -1.000000000000000000e+00 9.999861121177673340e-01 9.999819993972778320e-01 -1.000000000000000000e+00 1.000000000000000000e+00 -1.000000000000000000e+00
9.999992251396179199e-01 -1.000000000000000000e+00 -9.999961853027343750e-01 -9.994313716888427734e-01 9.436104297637939453e-01 9.192007184028625488e-01 9.125037789344787598e-01 9.999616146087646484e-01 -5.584692358970642090e-01 8.786740303039550781e-01 -1.000000000000000000e+00 9.999861121177673340e-01 9.999819993972778320e-01 -1.000000000000000000e+00 1.000000000000000000e+00 -1.000000000000000000e+00
9.999992251396179199e-01 -1.000000000000000000e+00 -9.999961853027343750e-01 -9.994313716888427734e-01 9.436104297637939453e-01 9.192007184028625488e-01 9.125037789344787598e-01 9.999616146087646484e-01 -5.584692358970642090e-01 8.786740303039550781e-01 -1.000000000000000000e+00 9.999861121177673340e-01 9.999819993972778320e-01 -1.000000000000000000e+00 1.000000000000000000e+00 -1.000000000000000000e+00
9.999992251396179199e-01 -1.000000000000000000e+00 -9.999961853027343750e-01 -9.994313716888427734e-01 9.436104297637939453e-01 9.192007184028625488e-01 9.125037789344787598e-01 9.999616146087646484e-01 -5.584692358970642090e-01 8.786740303039550781e-01 -1.000000000000000000e+00 9.999861121177673340e-01 9.999819993972778320e-01 -1.000000000000000000e+00 1.000000000000000000e+00 -1.000000000000000000e+00
9.999992251396179199e-01 -1.000000000000000000e+00 -9.999961853027343750e-01 -9.994313716888427734e-01 9.436104297637939453e-01 9.192007184028625488e-01 9.125037789344787598e-01 9.999616146087646484e-01 -5.584692358970642090e-01 8.786740303039550781e-01 -1.000000000000000000e+00 9.999861121177673340e-01 9.999819993972778320e-01 -1.000000000000000000e+00 1.000000000000000000e+00 -1.000000000000000000e+00
9.999992251396179199e-01 -1.000000000000000000e+00 -9.999961853027343750e-01 -9.994313716888427734e-01 9.436104297637939453e-01 9.192007184028625488e-01 9.125037789344787598e-01 9.999616146087646484e-01 -5.584692358970642090e-01 8.786740303039550781e-01 -1.000000000000000000e+00 9.999861121177673340e-01 9.999819993972778320e-01 -1.000000000000000000e+00 1.000000000000000000e+00 -1.000000000000000000e+00
9.999992251396179199e-01 -1.000000000000000000e+00 -9.999961853027343750e-01 -9.994313716888427734e-01 9.436104297637939453e-01 9.192007184028625488e-01 9.125037789344787598e-01 9.999616146087646484e-01 -5.584692358970642090e-01 8.786740303039550781e-01 -1.000000000000000000e+00 9.999861121177673340e-01 9.999819993972778320e-01 -1.000000000000000000e+00 1.000000000000000000e+00 -1.000000000000000000e+00
9.999992251396179199e-01 -1.000000000000000000e+00 -9.999961853027343750e-01 -9.994313716888427734e-01 9.436104297637939453e-01 9.192007184028625488e-01 9.125037789344787598e-01 9.999616146087646484e-01 -5.584692358970642090e-01 8.786740303039550781e-01 -1.000000000000000000e+00 9.999861121177673340e-01 9.999819993972778320e-01 -1.000000000000000000e+00 1.000000000000000000e+00 -1.000000000000000000e+00
9.999992251396179199e-01 -1.000000000000000000e+00 -9.999961853027343750e-01 -9.994313716888427734e-01 9.436104297637939453e-01 9.192007184028625488e-01 9.125037789344787598e-01 9.999616146087646484e-01 -5.584692358970642090e-01 8.786740303039550781e-01 -1.000000000000000000e+00 9.999861121177673340e-01 9.999819993972778320e-01 -1.000000000000000000e+00 1.000000000000000000e+00 -1.000000000000000000e+00
9.999992251396179199e-01 -1.000000000000000000e+00 -9.999961853027343750e-01 -9.994313716888427734e-01 9.436104297637939453e-01 9.192007184028625488e-01 9.125037789344787598e-01 9.999616146087646484e-01 -5.584692358970642090e-01 8.786740303039550781e-01 -1.000000000000000000e+00 9.999861121177673340e-01 9.999819993972778320e-01 -1.000000000000000000e+00 1.000000000000000000e+00 -1.000000000000000000e+00
9.999992251396179199e-01 -1.000000000000000000e+00 -9.999961853027343750e-01 -9.994313716888427734e-01 9.436104297637939453e-01 9.192007184028625488e-01 9.125037789344787598e-01 9.999616146087646484e-01 -5.584692358970642090e-01 8.786740303039550781e-01 -1.000000000000000000e+00 9.999861121177673340e-01 9.999819993972778320e-01 -1.000000000000000000e+00 1.000000000000000000e+00 -1.000000000000000000e+00
9.999992251396179199e-01 -1.000000000000000000e+00 -9.999961853027343750e-01 -9.994313716888427734e-01 9.436104297637939453e-01 9.192007184028625488e-01 9.125037789344787598e-01 9.999616146087646484e-01 -5.584692358970642090e-01 8.786740303039550781e-01 -1.000000000000000000e+00 9.999861121177673340e-01 9.999819993972778320e-01 -1.000000000000000000e+00 1.000000000000000000e+00 -1.000000000000000000e+00
9.999992251396179199e-01 -1.000000000000000000e+00 -9.999961853027343750e-01 -9.994313716888427734e-01 9.436104297637939453e-01 9.192007184028625488e-01 9.125037789344787598e-01 9.999616146087646484e-01 -5.584692358970642090e-01 8.786740303039550781e-01 -1.000000000000000000e+00 9.999861121177673340e-01 9.999819993972778320e-01 -1.000000000000000000e+00 1.000000000000000000e+00 -1.000000000000000000e+00
9.999992251396179199e-01 -1.000000000000000000e+00 -9.999961853027343750e-01 -9.994313716888427734e-01 9.436104297637939453e-01 9.192007184028625488e-01 9.125037789344787598e-01 9.999616146087646484e-01 -5.584692358970642090e-01 8.786740303039550781e-01 -1.000000000000000000e+00 9.999861121177673340e-01 9.999819993972778320e-01 -1.000000000000000000e+00 1.000000000000000000e+00 -1.000000000000000000e+00
9.999992251396179199e-01 -1.000000000000000000e+00 -9.999961853027343750e-01 -9.994313716888427734e-01 9.436104297637939453e-01 9.192007184028625488e-01 9.125037789344787598e-01 9.999616146087646484e-01 -5.584692358970642090e-01 8.786740303039550781e-01 -1.000000000000000000e+00 9.999861121177673340e-01 9.999819993972778320e-01 -1.000000000000000000e+00 1.000000000000000000e+00 -1.000000000000000000e+00
9.999992251396179199e-01 -1.000000000000000000e+00 -9.999961853027343750e-01 -9.994313716888427734e-01 9.436104297637939453e-01 9.192007184028625488e-01 9.125037789344787598e-01 9.999616146087646484e-01 -5.584692358970642090e-01 8.786740303039550781e-01 -1.000000000000000000e+00 9.999861121177673340e-01 9.999819993972778320e-01 -1.000000000000000000e+00 1.000000000000000000e+00 -1.000000000000000000e+00
9.999943971633911133e-01 -1.000000000000000000e+00 -9.999970793724060059e-01 -9.837228655815124512e-01 9.999789595603942871e-01 9.999798536300659180e-01 9.461230635643005371e-01 9.998236894607543945e-01 -8.596221208572387695e-01 9.999836683273315430e-01 -1.000000000000000000e+00 1.000000000000000000e+00 1.606806665658950806e-01 -9.999991655349731445e-01 1.000000000000000000e+00 -1.000000000000000000e+00
9.999976754188537598e-01 -1.000000000000000000e+00 -9.999971389770507812e-01 -9.789894223213195801e-01 9.999669194221496582e-01 9.999772906303405762e-01 9.717947244644165039e-01 9.998881220817565918e-01 -8.209357261657714844e-01 9.999831318855285645e-01 -1.000000000000000000e+00 1.000000000000000000e+00 -3.670088946819305420e-02 -9.999991655349731445e-01 1.000000000000000000e+00 -1.000000000000000000e+00
9.999978542327880859e-01 -1.000000000000000000e+00 -9.999973177909851074e-01 -9.781320691108703613e-01 9.999601244926452637e-01 9.999796748161315918e-01 9.741407632827758789e-01 9.998984932899475098e-01 -8.234384655952453613e-01 9.999830722808837891e-01 -1.000000000000000000e+00 1.000000000000000000e+00 -7.117894291877746582e-02 -9.999991059303283691e-01 1.000000000000000000e+00 -1.000000000000000000e+00
9.999980330467224121e-01 -1.000000000000000000e+00 -9.999971985816955566e-01 -9.779450893402099609e-01 9.999591112136840820e-01 9.999797344207763672e-01 9.746513366699218750e-01 9.999005794525146484e-01 -8.230195641517639160e-01 9.999831914901733398e-01 -1.000000000000000000e+00 1.000000000000000000e+00 -7.826344668865203857e-02 -9.999991059303283691e-01 1.000000000000000000e+00 -1.000000000000000000e+00
9.999979138374328613e-01 -1.000000000000000000e+00 -9.999973177909851074e-01 -9.779112935066223145e-01 9.999588131904602051e-01 9.999799132347106934e-01 9.747429490089416504e-01 9.999009966850280762e-01 -8.230361342430114746e-01 9.999833106994628906e-01 -1.000000000000000000e+00 1.000000000000000000e+00 -7.958368957042694092e-02 -9.999991655349731445e-01 1.000000000000000000e+00 -1.000000000000000000e+00
9.999979138374328613e-01 -1.000000000000000000e+00 -9.999973773956298828e-01 -9.779045581817626953e-01 9.999589920043945312e-01 9.999800324440002441e-01 9.747611284255981445e-01 9.999011158943176270e-01 -8.230288028717041016e-01 9.999833106994628906e-01 -1.000000000000000000e+00 1.000000000000000000e+00 -7.984328269958496094e-02 -9.999991655349731445e-01 1.000000000000000000e+00 -1.000000000000000000e+00
9.999980330467224121e-01 -1.000000000000000000e+00 -9.999971985816955566e-01 -9.779033660888671875e-01 9.999587535858154297e-01 9.999799132347106934e-01 9.747647047042846680e-01 9.999010562896728516e-01 -8.230284452438354492e-01 9.999831914901733398e-01 -1.000000000000000000e+00 1.000000000000000000e+00 -7.989285141229629517e-02 -9.999991059303283691e-01 1.000000000000000000e+00 -1.000000000000000000e+00
9.999980330467224121e-01 -1.000000000000000000e+00 -9.999973177909851074e-01 -9.779030680656433105e-01 9.999589323997497559e-01 9.999799132347106934e-01 9.747653603553771973e-01 9.999010562896728516e-01 -8.230283260345458984e-01 9.999831914901733398e-01 -1.000000000000000000e+00 1.000000000000000000e+00 -7.990227639675140381e-02 -9.999991059303283691e-01 1.000000000000000000e+00 -1.000000000000000000e+00
9.999980330467224121e-01 -1.000000000000000000e+00 -9.999972581863403320e-01 -9.779030680656433105e-01 9.999589920043945312e-01 9.999797940254211426e-01 9.747654199600219727e-01 9.999011158943176270e-01 -8.230283260345458984e-01 9.999831914901733398e-01 -1.000000000000000000e+00 1.000000000000000000e+00 -7.990422099828720093e-02 -9.999991059303283691e-01 1.000000000000000000e+00 -1.000000000000000000e+00
9.999980330467224121e-01 -1.000000000000000000e+00 -9.999972581863403320e-01 -9.779030680656433105e-01 9.999586343765258789e-01 9.999799132347106934e-01 9.747654199600219727e-01 9.999010562896728516e-01 -8.230283260345458984e-01 9.999830722808837891e-01 -1.000000000000000000e+00 1.000000000000000000e+00 -7.990457862615585327e-02 -9.999991059303283691e-01 1.000000000000000000e+00 -1.000000000000000000e+00
9.999980330467224121e-01 -1.000000000000000000e+00 -9.999973177909851074e-01 -9.779030680656433105e-01 9.999586343765258789e-01 9.999799132347106934e-01 9.747654199600219727e-01 9.999010562896728516e-01 -8.230283260345458984e-01 9.999830722808837891e-01 -1.000000000000000000e+00 1.000000000000000000e+00 -7.990445941686630249e-02 -9.999991059303283691e-01 1.000000000000000000e+00 -1.000000000000000000e+00
9.999980330467224121e-01 -1.000000000000000000e+00 -9.999972581863403320e-01 -9.779030680656433105e-01 9.999586343765258789e-01 9.999799132347106934e-01 9.747654199600219727e-01 9.999010562896728516e-01 -8.230283260345458984e-01 9.999830722808837891e-01 -1.000000000000000000e+00 1.000000000000000000e+00 -7.990445941686630249e-02 -9.999991059303283691e-01 1.000000000000000000e+00 -1.000000000000000000e+00
9.999980330467224121e-01 -1.000000000000000000e+00 -9.999973177909851074e-01 -9.779030680656433105e-01 9.999586343765258789e-01 9.999799132347106934e-01 9.747654199600219727e-01 9.999010562896728516e-01 -8.230283260345458984e-01 9.999830722808837891e-01 -1.000000000000000000e+00 1.000000000000000000e+00 -7.990445941686630249e-02 -9.999991059303283691e-01 1.000000000000000000e+00 -1.000000000000000000e+00
9.999980330467224121e-01 -1.000000000000000000e+00 -9.999972581863403320e-01 -9.779030680656433105e-01 9.999586343765258789e-01 9.999799132347106934e-01 9.747654199600219727e-01 9.999010562896728516e-01 -8.230283260345458984e-01 9.999830722808837891e-01 -1.000000000000000000e+00 1.000000000000000000e+00 -7.990445941686630249e-02 -9.999991059303283691e-01 1.000000000000000000e+00 -1.000000000000000000e+00
9.999980330467224121e-01 -1.000000000000000000e+00 -9.999973177909851074e-01 -9.779030680656433105e-01 9.999586343765258789e-01 9.999799132347106934e-01 9.747654199600219727e-01 9.999010562896728516e-01 -8.230283260345458984e-01 9.999830722808837891e-01 -1.000000000000000000e+00 1.000000000000000000e+00 -7.990445941686630249e-02 -9.999991059303283691e-01 1.000000000000000000e+00 -1.000000000000000000e+00
9.999980330467224121e-01 -1.000000000000000000e+00 -9.999972581863403320e-01 -9.779030680656433105e-01 9.999586343765258789e-01 9.999799132347106934e-01 9.747654199600219727e-01 9.999010562896728516e-01 -8.230283260345458984e-01 9.999830722808837891e-01 -1.000000000000000000e+00 1.000000000000000000e+00 -7.990445941686630249e-02 -9.999991059303283691e-01 1.000000000000000000e+00 -1.000000000000000000e+00
9.999980330467224121e-01 -1.000000000000000000e+00 -9.999973177909851074e-01 -9.779030680656433105e-01 9.999586343765258789e-01 9.999799132347106934e-01 9.747654199600219727e-01 9.999010562896728516e-01 -8.230283260345458984e-01 9.999830722808837891e-01 -1.000000000000000000e+00 1.000000000000000000e+00 -7.990445941686630249e-02 -9.999991059303283691e-01 1.000000000000000000e+00 -1.000000000000000000e+00
9.999980330467224121e-01 -1.000000000000000000e+00 -9.999972581863403320e-01 -9.779030680656433105e-01 9.999586343765258789e-01 9.999799132347106934e-01 9.747654199600219727e-01 9.999010562896728516e-01 -8.230283260345458984e-01 9.999830722808837891e-01 -1.000000000000000000e+00 1.000000000000000000e+00 -7.990445941686630249e-02 -9.999991059303283691e-01 1.000000000000000000e+00 -1.000000000000000000e+00
9.999980330467224121e-01 -1.000000000000000000e+00 -9.999973177909851074e-01 -9.779030680656433105e-01 9.999586343765258789e-01 9.999799132347106934e-01 9.747654199600219727e-01 9.999010562896728516e-01 -8.230283260345458984e-01 9.999830722808837891e-01 -1.000000000000000000e+00 1.000000000000000000e+00 -7.990445941686630249e-02 -9.999991059303283691e-01 1.000000000000000000e+00 -1.000000000000000000e+00
9.999980330467224121e-01 -1.000000000000000000e+00 -9.999972581863403320e-01 -9.779030680656433105e-01 9.999586343765258789e-01 9.999799132347106934e-01 9.747654199600219727e-01 9.999010562896728516e-01 -8.230283260345458984e-01 9.999830722808837891e-01 -1.000000000000000000e+00 1.000000000000000000e+00 -7.990445941686630249e-02 -9.999991059303283691e-01 1.000000000000000000e+00 -1.000000000000000000e+00
9.999980330467224121e-01 -1.000000000000000000e+00 -9.999973177909851074e-01 -9.779030680656433105e-01 9.999586343765258789e-01 9.999799132347106934e-01 9.747654199600219727e-01 9.999010562896728516e-01 -8.230283260345458984e-01 9.999830722808837891e-01 -1.000000000000000000e+00 1.000000000000000000e+00 -7.990445941686630249e-02 -9.999991059303283691e-01 1.000000000000000000e+00 -1.000000000000000000e+00
9.999980330467224121e-01 -1.000000000000000000e+00 -9.999972581863403320e-01 -9.779030680656433105e-01 9.999586343765258789e-01 9.999799132347106934e-01 9.747654199600219727e-01 9.999010562896728516e-01 -8.230283260345458984e-01 9.999830722808837891e-01 -1.000000000000000000e+00 1.000000000000000000e+00 -7.990445941686630249e-02 -9.999991059303283691e-01 1.000000000000000000e+00 -1.000000000000000000e+00
9.999980330467224121e-01 -1.000000000000000000e+00 -9.999973177909851074e-01 -9.779030680656433105e-01 9.999586343765258789e-01 9.999799132347106934e-01 9.747654199600219727e-01 9.999010562896728516e-01 -8.230283260345458984e-01 9.999830722808837891e-01 -1.000000000000000000e+00 1.000000000000000000e+00 -7.990445941686630249e-02 -9.999991059303283691e-01 1.000000000000000000e+00 -1.000000000000000000e+00
9.999980330467224121e-01 -1.000000000000000000e+00 -9.999972581863403320e-01 -9.779030680656433105e-01 9.999586343765258789e-01 9.999799132347106934e-01 9.747654199600219727e-01 9.999010562896728516e-01 -8.230283260345458984e-01 9.999830722808837891e-01 -1.000000000000000000e+00 1.000000000000000000e+00 -7.990445941686630249e-02 -9.999991059303283691e-01 1.000000000000000000e+00 -1.000000000000000000e+00
9.999980330467224121e-01 -1.000000000000000000e+00 -9.999973177909851074e-01 -9.779030680656433105e-01 9.999586343765258789e-01 9.999799132347106934e-01 9.747654199600219727e-01 9.999010562896728516e-01 -8.230283260345458984e-01 9.999830722808837891e-01 -1.000000000000000000e+00 1.000000000000000000e+00 -7.990445941686630249e-02 -9.999991059303283691e-01 1.000000000000000000e+00 -1.000000000000000000e+00
9.999980330467224121e-01 -1.000000000000000000e+00 -9.999972581863403320e-01 -9.779030680656433105e-01 9.999586343765258789e-01 9.999799132347106934e-01 9.747654199600219727e-01 9.999010562896728516e-01 -8.230283260345458984e-01 9.999830722808837891e-01 -1.000000000000000000e+00 1.000000000000000000e+00 -7.990445941686630249e-02 -9.999991059303283691e-01 1.000000000000000000e+00 -1.000000000000000000e+00
9.999980330467224121e-01 -1.000000000000000000e+00 -9.999973177909851074e-01 -9.779030680656433105e-01 9.999586343765258789e-01 9.999799132347106934e-01 9.747654199600219727e-01 9.999010562896728516e-01 -8.230283260345458984e-01 9.999830722808837891e-01 -1.000000000000000000e+00 1.000000000000000000e+00 -7.990445941686630249e-02 -9.999991059303283691e-01 1.000000000000000000e+00 -1.000000000000000000e+00
9.999980330467224121e-01 -1.000000000000000000e+00 -9.999972581863403320e-01 -9.779030680656433105e-01 9.999586343765258789e-01 9.999799132347106934e-01 9.747654199600219727e-01 9.999010562896728516e-01 -8.230283260345458984e-01 9.999830722808837891e-01 -1.000000000000000000e+00 1.000000000000000000e+00 -7.990445941686630249e-02 -9.999991059303283691e-01 1.000000000000000000e+00 -1.000000000000000000e+00
9.999980330467224121e-01 -1.000000000000000000e+00 -9.999973177909851074e-01 -9.779030680656433105e-01 9.999586343765258789e-01 9.999799132347106934e-01 9.747654199600219727e-01 9.999010562896728516e-01 -8.230283260345458984e-01 9.999830722808837891e-01 -1.000000000000000000e+00 1.000000000000000000e+00 -7.990445941686630249e-02 -9.999991059303283691e-01 1.000000000000000000e+00 -1.000000000000000000e+00
9.999980330467224121e-01 -1.000000000000000000e+00 -9.999972581863403320e-01 -9.779030680656433105e-01 9.999586343765258789e-01 9.999799132347106934e-01 9.747654199600219727e-01 9.999010562896728516e-01 -8.230283260345458984e-01 9.999830722808837891e-01 -1.000000000000000000e+00 1.000000000000000000e+00 -7.990445941686630249e-02 -9.999991059303283691e-01 1.000000000000000000e+00 -1.000000000000000000e+00
9.999995827674865723e-01 -1.000000000000000000e+00 -9.997923970222473145e-01 -9.852856993675231934e-01 1.000000000000000000e+00 9.999986886978149414e-01 8.624354600906372070e-01 9.955107569694519043e-01 7.803565859794616699e-01 9.997923374176025391e-01 -9.999963641166687012e-01 1.000000000000000000e+00 -9.285716414451599121e-01 -9.999994039535522461e-01 1.000000000000000000e+00 -1.000000000000000000e+00
9.999995231628417969e-01 -1.000000000000000000e+00 -9.997866749763488770e-01 -9.891726970672607422e-01 1.000000000000000000e+00 1.000000000000000000e+00 8.054903149604797363e-01 9.956774115562438965e-01 4.254346489906311035e-01 9.998459219932556152e-01 -9.999831914901733398e-01 1.000000000000000000e+00 -9.098090529441833496e-01 -9.999992251396179199e-01 1.000000000000000000e+00 -1.000000000000000000e+00
9.999997019767761230e-01 -1.000000000000000000e+00 -9.997731447219848633e-01 -9.884688854217529297e-01 1.000000000000000000e+00 9.999996423721313477e-01 8.339936733245849609e-01 9.962054491043090820e-01 5.102223753929138184e-01 9.998521804809570312e-01 -9.999849796295166016e-01 1.000000000000000000e+00 -9.165581464767456055e-01 -9.999992847442626953e-01 1.000000000000000000e+00 -1.000000000000000000e+00
9.999996423721313477e-01 -1.000000000000000000e+00 -9.997798800468444824e-01 -9.885700345039367676e-01 1.000000000000000000e+00 1.000000000000000000e+00 8.277538418769836426e-01 9.960637092590332031e-01 4.937815070152282715e-01 9.998489618301391602e-01 -9.999844431877136230e-01 1.000000000000000000e+00 -9.154467582702636719e-01 -9.999992847442626953e-01 1.000000000000000000e+00 -1.000000000000000000e+00
9.999996423721313477e-01 -1.000000000000000000e+00 -9.997783899307250977e-01 -9.885529279708862305e-01 1.000000000000000000e+00 1.000000000000000000e+00 8.289967179298400879e-01 9.960935711860656738e-01 4.968530833721160889e-01 9.998495578765869141e-01 -9.999846816062927246e-01 1.000000000000000000e+00 -9.156518578529357910e-01 -9.999992847442626953e-01 1.000000000000000000e+00 -1.000000000000000000e+00
9.999996423721313477e-01 -1.000000000000000000e+00 -9.997786879539489746e-01 -9.885557889938354492e-01 1.000000000000000000e+00 1.000000000000000000e+00 8.287653326988220215e-01 9.960878491401672363e-01 4.962958097457885742e-01 9.998493790626525879e-01 -9.999846816062927246e-01 1.000000000000000000e+00 -9.156155586242675781e-01 -9.999991059303283691e-01 1.000000000000000000e+00 -1.000000000000000000e+00
9.999995827674865723e-01 -1.000000000000000000e+00 -9.997786283493041992e-01 -9.885554313659667969e-01 1.000000000000000000e+00 1.000000000000000000e+00 8.288074135780334473e-01 9.960886836051940918e-01 4.963955879211425781e-01 9.998493790626525879e-01 -9.999847412109375000e-01 1.000000000000000000e+00 -9.156221151351928711e-01 -9.999992251396179199e-01 1.000000000000000000e+00 -1.000000000000000000e+00
9.999996423721313477e-01 -1.000000000000000000e+00 -9.997786283493041992e-01 -9.885553717613220215e-01 1.000000000000000000e+00 1.000000000000000000e+00 8.287997841835021973e-01 9.960886240005493164e-01 4.963778853416442871e-01 9.998493790626525879e-01 -9.999846816062927246e-01 1.000000000000000000e+00 -9.156209826469421387e-01 -9.999992251396179199e-01 1.000000000000000000e+00 -1.000000000000000000e+00
9.999996423721313477e-01 -1.000000000000000000e+00 -9.997786283493041992e-01 -9.885554909706115723e-01 1.000000000000000000e+00 1.000000000000000000e+00 8.288011550903320312e-01 9.960886240005493164e-01 4.963810145854949951e-01 9.998492598533630371e-01 -9.999846816062927246e-01 1.000000000000000000e+00 -9.156211614608764648e-01 -9.999992847442626953e-01 1.000000000000000000e+00 -1.000000000000000000e+00
