-4.479068815708160400e-01 -4.697796106338500977e-01 -4.557502567768096924e-01 -7.142336964607238770e-01 -3.749248683452606201e-01 -8.069199323654174805e-01 -6.381019949913024902e-01 -9.716855287551879883e-01 -8.902720808982849121e-01 -9.683868288993835449e-01 6.824280023574829102e-01 -7.816499471664428711e-01 8.077923655509948730e-01 9.749829173088073730e-01 -9.057849645614624023e-01 -8.140598535537719727e-01
-4.595621824264526367e-01 -5.097154974937438965e-01 -3.600537776947021484e-01 -8.795102238655090332e-01 -2.748017609119415283e-01 -8.899912834167480469e-01 -5.838909149169921875e-01 -9.554614424705505371e-01 -8.946405053138732910e-01 -9.697555303573608398e-01 6.583032608032226562e-01 -8.500775694847106934e-01 7.150176167488098145e-01 9.584570527076721191e-01 -9.432185292243957520e-01 -8.456348776817321777e-01
-4.454187750816345215e-01 -5.087016224861145020e-01 -3.616707026958465576e-01 -8.567509651184082031e-01 -3.008888363838195801e-01 -9.021371006965637207e-01 -5.277736186981201172e-01 -9.582266211509704590e-01 -8.739076852798461914e-01 -9.766497611999511719e-01 7.052316069602966309e-01 -8.243536949157714844e-01 6.851840615272521973e-01 9.617875218391418457e-01 -9.496687650680541992e-01 -8.657645583152770996e-01
-4.459211826324462891e-01 -4.661076366901397705e-01 -3.523704707622528076e-01 -8.536401987075805664e-01 -3.412950336933135986e-01 -8.956888318061828613e-01 -5.364789366722106934e-01 -9.578042626380920410e-01 -8.759669661521911621e-01 -9.768670201301574707e-01 6.982783079147338867e-01 -8.159387707710266113e-01 6.760722994804382324e-01 9.582259058952331543e-01 -9.469475746154785156e-01 -8.665655255317687988e-01
-4.363385140895843506e-01 -4.527274072170257568e-01 -3.440875709056854248e-01 -8.548126220703125000e-01 -3.456451892852783203e-01 -8.990691304206848145e-01 -5.456251502037048340e-01 -9.580165147781372070e-01 -8.830512166023254395e-01 -9.774248600006103516e-01 7.002295255661010742e-01 -8.203331828117370605e-01 6.833197474479675293e-01 9.589478969573974609e-01 -9.467961788177490234e-01 -8.566467165946960449e-01
-4.388849735260009766e-01 -4.594015181064605713e-01 -3.449782431125640869e-01 -8.556908369064331055e-01 -3.453077375888824463e-01 -9.001904726028442383e-01 -5.572364926338195801e-01 -9.582245349884033203e-01 -8.844767808914184570e-01 -9.776423573493957520e-01 7.051706910133361816e-01 -8.216545581817626953e-01 6.823098659515380859e-01 9.600340127944946289e-01 -9.470945000648498535e-01 -8.534724712371826172e-01
-4.386460185050964355e-01 -4.634639322757720947e-01 -3.449695110321044922e-01 -8.566409945487976074e-01 -3.413271009922027588e-01 -9.002276659011840820e-01 -5.605124831199645996e-01 -9.587172269821166992e-01 -8.844686746597290039e-01 -9.775692224502563477e-01 7.045087218284606934e-01 -8.202538490295410156e-01 6.844456791877746582e-01 9.600992798805236816e-01 -9.479469656944274902e-01 -8.541641831398010254e-01
-4.385930001735687256e-01 -4.653032124042510986e-01 -3.463072180747985840e-01 -8.563873171806335449e-01 -3.381194174289703369e-01 -9.002431631088256836e-01 -5.607783198356628418e-01 -9.587739706039428711e-01 -8.838850259780883789e-01 -9.774957895278930664e-01 7.045689225196838379e-01 -8.206143975257873535e-01 6.842513084411621094e-01 9.599767923355102539e-01 -9.481012821197509766e-01 -8.551362752914428711e-01
-4.392542243003845215e-01 -4.657741189002990723e-01 -3.473460078239440918e-01 -8.563223481178283691e-01 -3.376577794551849365e-01 -9.001725912094116211e-01 -5.598866939544677734e-01 -9.587811827659606934e-01 -8.833764195442199707e-01 -9.774661064147949219e-01 7.037409543991088867e-01 -8.205680847167968750e-01 6.836879253387451172e-01 9.598766565322875977e-01 -9.481439590454101562e-01 -8.556380271911621094e-01
-4.390085637569427490e-01 -4.655064344406127930e-01 -3.474077582359313965e-01 -8.562987446784973145e-01 -3.380391001701354980e-01 -9.001652002334594727e-01 -5.587794184684753418e-01 -9.587785601615905762e-01 -8.832590579986572266e-01 -9.774514436721801758e-01 7.033572196960449219e-01 -8.205718994140625000e-01 6.837235689163208008e-01 9.598362445831298828e-01 -9.480872750282287598e-01 -8.558049798011779785e-01
-4.390248656272888184e-01 -4.651776850223541260e-01 -3.473417758941650391e-01 -8.562445640563964844e-01 -3.386590480804443359e-01 -9.001365303993225098e-01 -5.584816932678222656e-01 -9.587506055831909180e-01 -8.833007812500000000e-01 -9.774539470672607422e-01 7.034962773323059082e-01 -8.206599950790405273e-01 6.836794018745422363e-01 9.598409533500671387e-01 -9.480234980583190918e-01 -8.557870388031005859e-01
-4.728634953498840332e-01 -6.152041554450988770e-01 -4.320986568927764893e-01 -8.292504549026489258e-01 -4.647842645645141602e-01 -7.950186729431152344e-01 -6.153129935264587402e-01 -9.665654301643371582e-01 -8.084416985511779785e-01 -9.643228650093078613e-01 5.925116539001464844e-01 -8.048417568206787109e-01 7.683240175247192383e-01 9.556366205215454102e-01 -9.048363566398620605e-01 -8.719708323478698730e-01
-4.432222247123718262e-01 -6.352016925811767578e-01 -4.232063889503479004e-01 -8.332336544990539551e-01 -4.395082890987396240e-01 -7.680252790451049805e-01 -5.490547418594360352e-01 -9.664618372917175293e-01 -8.379634618759155273e-01 -9.513824582099914551e-01 5.913234949111938477e-01 -8.404504656791687012e-01 8.188353180885314941e-01 9.527891278266906738e-01 -9.138184189796447754e-01 -8.820061087608337402e-01
-4.822613298892974854e-01 -6.498917341232299805e-01 -4.256274104118347168e-01 -8.340945839881896973e-01 -4.569486975669860840e-01 -7.631837129592895508e-01 -5.389218330383300781e-01 -9.623284339904785156e-01 -8.340060710906982422e-01 -9.522558450698852539e-01 6.153645515441894531e-01 -8.458434343338012695e-01 8.139509558677673340e-01 9.535346627235412598e-01 -9.098983407020568848e-01 -8.887017369270324707e-01
-4.820386171340942383e-01 -6.434032320976257324e-01 -4.059521853923797607e-01 -8.377029299736022949e-01 -4.485905766487121582e-01 -7.547535896301269531e-01 -5.249199271202087402e-01 -9.622298479080200195e-01 -8.360520005226135254e-01 -9.525685310363769531e-01 6.120426058769226074e-01 -8.374319076538085938e-01 8.181053996086120605e-01 9.519565701484680176e-01 -9.097724556922912598e-01 -8.892765641212463379e-01
-4.797415733337402344e-01 -6.389776468276977539e-01 -4.042434990406036377e-01 -8.334234356880187988e-01 -4.404388070106506348e-01 -7.549619674682617188e-01 -5.241385102272033691e-01 -9.605836272239685059e-01 -8.351805806159973145e-01 -9.528661370277404785e-01 6.155495047569274902e-01 -8.371407985687255859e-01 8.139932751655578613e-01 9.516801834106445312e-01 -9.081047177314758301e-01 -8.894037008285522461e-01
-4.813856184482574463e-01 -6.372562646865844727e-01 -4.069238603115081787e-01 -8.325259089469909668e-01 -4.395944178104400635e-01 -7.544727921485900879e-01 -5.254324674606323242e-01 -9.602977037429809570e-01 -8.334934711456298828e-01 -9.529318809509277344e-01 6.111806631088256836e-01 -8.361480832099914551e-01 8.116385936737060547e-01 9.515073299407958984e-01 -9.079094529151916504e-01 -8.888248205184936523e-01
-4.791644215583801270e-01 -6.371989846229553223e-01 -4.077067077159881592e-01 -8.324683904647827148e-01 -4.395919144153594971e-01 -7.553077340126037598e-01 -5.233293771743774414e-01 -9.603496193885803223e-01 -8.332974314689636230e-01 -9.527807831764221191e-01 6.090572476387023926e-01 -8.365408182144165039e-01 8.118354678153991699e-01 9.515370726585388184e-01 -9.078019857406616211e-01 -8.885542750358581543e-01
-4.793098866939544678e-01 -6.372713446617126465e-01 -4.085385203361511230e-01 -8.322198987007141113e-01 -4.417288005352020264e-01 -7.553293108940124512e-01 -5.229026079177856445e-01 -9.603499770164489746e-01 -8.332144618034362793e-01 -9.527397751808166504e-01 6.095984578132629395e-01 -8.370079398155212402e-01 8.117489218711853027e-01 9.516642689704895020e-01 -9.075984954833984375e-01 -8.886448144912719727e-01
-4.794730246067047119e-01 -6.370404958724975586e-01 -4.080256223678588867e-01 -8.325281739234924316e-01 -4.427239000797271729e-01 -7.551006674766540527e-01 -5.228615999221801758e-01 -9.603993892669677734e-01 -8.336098790168762207e-01 -9.527379274368286133e-01 6.098015904426574707e-01 -8.370024561882019043e-01 8.121392130851745605e-01 9.516758322715759277e-01 -9.076122045516967773e-01 -8.885530829429626465e-01
-4.794565141201019287e-01 -6.370064616203308105e-01 -4.076295197010040283e-01 -8.326025605201721191e-01 -4.426214396953582764e-01 -7.551396489143371582e-01 -5.231209397315979004e-01 -9.603875875473022461e-01 -8.338484168052673340e-01 -9.527667760848999023e-01 6.103011369705200195e-01 -8.370125293731689453e-01 8.122934699058532715e-01 9.517002105712890625e-01 -9.076163768768310547e-01 -8.884933590888977051e-01
-4.795989394187927246e-01 -6.370466351509094238e-01 -4.075798094272613525e-01 -8.326144814491271973e-01 -4.423349797725677490e-01 -7.551221251487731934e-01 -5.234587788581848145e-01 -9.603841900825500488e-01 -8.338430523872375488e-01 -9.527860879898071289e-01 6.104097366333007812e-01 -8.369382619857788086e-01 8.122509121894836426e-01 9.517003893852233887e-01 -9.076452851295471191e-01 -8.884832859039306641e-01
-4.795629680156707764e-01 -6.370962262153625488e-01 -4.076159596443176270e-01 -8.326142430305480957e-01 -4.420630037784576416e-01 -7.551503777503967285e-01 -5.235117077827453613e-01 -9.603878855705261230e-01 -8.337921500205993652e-01 -9.527849555015563965e-01 6.102995276451110840e-01 -8.369036912918090820e-01 8.122197389602661133e-01 9.516896605491638184e-01 -9.076716899871826172e-01 -8.884901404380798340e-01
-4.795405268669128418e-01 -6.371321082115173340e-01 -4.077092111110687256e-01 -8.325855135917663574e-01 -4.420140683650970459e-01 -7.551713585853576660e-01 -5.234668850898742676e-01 -9.603878259658813477e-01 -8.337349295616149902e-01 -9.527797102928161621e-01 6.102324128150939941e-01 -8.369139432907104492e-01 8.121804594993591309e-01 9.516865015029907227e-01 -9.076723456382751465e-01 -8.885095119476318359e-01
-4.795349538326263428e-01 -6.371310353279113770e-01 -4.077425897121429443e-01 -8.325799703598022461e-01 -4.420743584632873535e-01 -7.551659345626831055e-01 -5.234071612358093262e-01 -9.603897333145141602e-01 -8.337193727493286133e-01 -9.527755975723266602e-01 6.101924777030944824e-01 -8.369227647781372070e-01 8.121759295463562012e-01 9.516848325729370117e-01 -9.076682925224304199e-01 -8.885172009468078613e-01
-4.795287549495697021e-01 -6.371198296546936035e-01 -4.077328145503997803e-01 -8.325816392898559570e-01 -4.421265423297882080e-01 -7.551622390747070312e-01 -5.233762860298156738e-01 -9.603896141052246094e-01 -8.337298035621643066e-01 -9.527745842933654785e-01 6.102007627487182617e-01 -8.369309306144714355e-01 8.121862411499023438e-01 9.516857266426086426e-01 -9.076634645462036133e-01 -8.885165452957153320e-01
-4.795346558094024658e-01 -6.371117234230041504e-01 -4.077176451683044434e-01 -8.325843214988708496e-01 -4.421474933624267578e-01 -7.551581263542175293e-01 -5.233812928199768066e-01 -9.603891372680664062e-01 -8.337406516075134277e-01 -9.527755379676818848e-01 6.102197766304016113e-01 -8.369318246841430664e-01 8.121922612190246582e-01 9.516869783401489258e-01 -9.076613783836364746e-01 -8.885135650634765625e-01
-4.795375466346740723e-01 -6.371096372604370117e-01 -4.077078998088836670e-01 -8.325869441032409668e-01 -4.421408474445343018e-01 -7.551572322845458984e-01 -5.233930945396423340e-01 -9.603888392448425293e-01 -8.337456583976745605e-01 -9.527765512466430664e-01 6.102277040481567383e-01 -8.369292020797729492e-01 8.121948242187500000e-01 9.516872167587280273e-01 -9.076620340347290039e-01 -8.885111808776855469e-01
-4.795378446578979492e-01 -6.371114253997802734e-01 -4.077076017856597900e-01 -8.325868844985961914e-01 -4.421291649341583252e-01 -7.551584243774414062e-01 -5.234003663063049316e-01 -9.603887200355529785e-01 -8.337449431419372559e-01 -9.527767896652221680e-01 6.102284789085388184e-01 -8.369277119636535645e-01 8.121936321258544922e-01 9.516871571540832520e-01 -9.076629877090454102e-01 -8.885109424591064453e-01
-4.795375466346740723e-01 -6.371132731437683105e-01 -4.077107310295104980e-01 -8.325861692428588867e-01 -4.421237409114837646e-01 -7.551592588424682617e-01 -5.234012603759765625e-01 -9.603887796401977539e-01 -8.337426185607910156e-01 -9.527767300605773926e-01 6.102250814437866211e-01 -8.369272351264953613e-01 8.121920824050903320e-01 9.516869783401489258e-01 -9.076635837554931641e-01 -8.885114789009094238e-01
-4.795367121696472168e-01 -6.371139883995056152e-01 -4.077129960060119629e-01 -8.325859308242797852e-01 -4.421240091323852539e-01 -7.551594972610473633e-01 -5.233989953994750977e-01 -9.603888988494873047e-01 -8.337413668632507324e-01 -9.527764916419982910e-01 6.102229356765747070e-01 -8.369275927543640137e-01 8.121914267539978027e-01 9.516869187355041504e-01 -9.076635837554931641e-01 -8.885119557380676270e-01
-4.795364737510681152e-01 -6.371138691902160645e-01 -4.077133238315582275e-01 -8.325856924057006836e-01 -4.421260952949523926e-01 -7.551593780517578125e-01 -5.233973264694213867e-01 -9.603888392448425293e-01 -8.337412476539611816e-01 -9.527765512466430664e-01 6.102225780487060547e-01 -8.369279503822326660e-01 8.121914863586425781e-01 9.516869187355041504e-01 -9.076632857322692871e-01 -8.885121345520019531e-01
-4.795366227626800537e-01 -6.371133327484130859e-01 -4.077130556106567383e-01 -8.325857520103454590e-01 -4.421272873878479004e-01 -7.551590800285339355e-01 -5.233967304229736328e-01 -9.603889584541320801e-01 -8.337417244911193848e-01 -9.527764320373535156e-01 6.102229356765747070e-01 -8.369280695915222168e-01 8.121917247772216797e-01 9.516869187355041504e-01 -9.076631665229797363e-01 -8.885119557380676270e-01
-4.795368313789367676e-01 -6.371131539344787598e-01 -4.077124595642089844e-01 -8.325858116149902344e-01 -4.421277642250061035e-01 -7.551590800285339355e-01 -5.233972072601318359e-01 -9.603888392448425293e-01 -8.337420225143432617e-01 -9.527764320373535156e-01 6.102235317230224609e-01 -8.369280695915222168e-01 8.121919631958007812e-01 9.516869783401489258e-01 -9.076631665229797363e-01 -8.885118961334228516e-01
-4.795368313789367676e-01 -6.371132731437683105e-01 -4.077122211456298828e-01 -8.325859308242797852e-01 -4.421271979808807373e-01 -7.551590800285339355e-01 -5.233975648880004883e-01 -9.603888988494873047e-01 -8.337420225143432617e-01 -9.527765512466430664e-01 6.102237105369567871e-01 -8.369281291961669922e-01 8.121919631958007812e-01 9.516869187355041504e-01 -9.076631665229797363e-01 -8.885117769241333008e-01
-4.795368313789367676e-01 -6.371131539344787598e-01 -4.077123105525970459e-01 -8.325859308242797852e-01 -4.421270191669464111e-01 -7.551591396331787109e-01 -5.233976244926452637e-01 -9.603888988494873047e-01 -8.337420225143432617e-01 -9.527765512466430664e-01 6.102237105369567871e-01 -8.369279503822326660e-01 8.121919035911560059e-01 9.516869783401489258e-01 -9.076632857322692871e-01 -8.885117769241333008e-01
-4.795367717742919922e-01 -6.371132731437683105e-01 -4.077123999595642090e-01 -8.325859308242797852e-01 -4.421268403530120850e-01 -7.551591396331787109e-01 -5.233977437019348145e-01 -9.603888988494873047e-01 -8.337419033050537109e-01 -9.527764320373535156e-01 6.102235913276672363e-01 -8.369278907775878906e-01 8.121919035911560059e-01 9.516869783401489258e-01 -9.076632857322692871e-01 -8.885119557380676270e-01
-4.795367419719696045e-01 -6.371132731437683105e-01 -4.077123999595642090e-01 -8.325859308242797852e-01 -4.421268105506896973e-01 -7.551592588424682617e-01 -5.233976244926452637e-01 -9.603888988494873047e-01 -8.337417840957641602e-01 -9.527764320373535156e-01 6.102235317230224609e-01 -8.369281291961669922e-01 8.121919035911560059e-01 9.516869783401489258e-01 -9.076632857322692871e-01 -8.885119557380676270e-01
-4.795367419719696045e-01 -6.371132731437683105e-01 -4.077123999595642090e-01 -8.325858116149902344e-01 -4.421269893646240234e-01 -7.551591396331787109e-01 -5.233976244926452637e-01 -9.603888392448425293e-01 -8.337417840957641602e-01 -9.527764320373535156e-01 6.102235317230224609e-01 -8.369279503822326660e-01 8.121917843818664551e-01 9.516869783401489258e-01 -9.076632857322692871e-01 -8.885118961334228516e-01
-4.795367419719696045e-01 -6.371132731437683105e-01 -4.077124893665313721e-01 -8.325858116149902344e-01 -4.421270787715911865e-01 -7.551590800285339355e-01 -5.233976244926452637e-01 -9.603888988494873047e-01 -8.337419033050537109e-01 -9.527764320373535156e-01 6.102234125137329102e-01 -8.369279503822326660e-01 8.121919035911560059e-01 9.516870379447937012e-01 -9.076631665229797363e-01 -8.885119557380676270e-01
-4.795368611812591553e-01 -6.371132731437683105e-01 -4.077123999595642090e-01 -8.325859308242797852e-01 -4.421269893646240234e-01 -7.551591396331787109e-01 -5.233975648880004883e-01 -9.603888988494873047e-01 -8.337419033050537109e-01 -9.527764320373535156e-01 6.102235317230224609e-01 -8.369279503822326660e-01 8.121919035911560059e-01 9.516869187355041504e-01 -9.076632857322692871e-01 -8.885119557380676270e-01
-4.795368313789367676e-01 -6.371132731437683105e-01 -4.077123701572418213e-01 -8.325859308242797852e-01 -4.421269893646240234e-01 -7.551591396331787109e-01 -5.233976244926452637e-01 -9.603888988494873047e-01 -8.337419033050537109e-01 -9.527765512466430664e-01 6.102234721183776855e-01 -8.369279503822326660e-01 8.121919035911560059e-01 9.516869187355041504e-01 -9.076632857322692871e-01 -8.885119557380676270e-01
-4.795367717742919922e-01 -6.371132731437683105e-01 -4.077123999595642090e-01 -8.325858116149902344e-01 -4.421269297599792480e-01 -7.551591396331787109e-01 -5.233976244926452637e-01 -9.603888988494873047e-01 -8.337419033050537109e-01 -9.527764320373535156e-01 6.102234721183776855e-01 -8.369279503822326660e-01 8.121919035911560059e-01 9.516870379447937012e-01 -9.076631665229797363e-01 -8.885119557380676270e-01
-4.795367717742919922e-01 -6.371131539344787598e-01 -4.077123999595642090e-01 -8.325859308242797852e-01 -4.421269297599792480e-01 -7.551591396331787109e-01 -5.233976244926452637e-01 -9.603888988494873047e-01 -8.337419033050537109e-01 -9.527764320373535156e-01 6.102234721183776855e-01 -8.369279503822326660e-01 8.121919035911560059e-01 9.516869187355041504e-01 -9.076631665229797363e-01 -8.885118961334228516e-01
-4.795368313789367676e-01 -6.371131539344787598e-01 -4.077123999595642090e-01 -8.325859308242797852e-01 -4.421269297599792480e-01 -7.551592588424682617e-01 -5.233976244926452637e-01 -9.603888988494873047e-01 -8.337419033050537109e-01 -9.527764320373535156e-01 6.102234721183776855e-01 -8.369279503822326660e-01 8.121917843818664551e-01 9.516869783401489258e-01 -9.076631665229797363e-01 -8.885119557380676270e-01
-4.795367419719696045e-01 -6.371131539344787598e-01 -4.077123999595642090e-01 -8.325858116149902344e-01 -4.421269893646240234e-01 -7.551591396331787109e-01 -5.233976244926452637e-01 -9.603888988494873047e-01 -8.337419033050537109e-01 -9.527764320373535156e-01 6.102235317230224609e-01 -8.369279503822326660e-01 8.121919035911560059e-01 9.516869187355041504e-01 -9.076632857322692871e-01 -8.885118961334228516e-01
-4.795368611812591553e-01 -6.371132731437683105e-01 -4.077123999595642090e-01 -8.325859308242797852e-01 -4.421269893646240234e-01 -7.551591396331787109e-01 -5.233975648880004883e-01 -9.603888988494873047e-01 -8.337419033050537109e-01 -9.527764320373535156e-01 6.102235317230224609e-01 -8.369279503822326660e-01 8.121919035911560059e-01 9.516869187355041504e-01 -9.076631665229797363e-01 -8.885119557380676270e-01
-4.795367717742919922e-01 -6.371131539344787598e-01 -4.077124595642089844e-01 -8.325859308242797852e-01 -4.421269297599792480e-01 -7.551590800285339355e-01 -5.233975648880004883e-01 -9.603888988494873047e-01 -8.337419033050537109e-01 -9.527764320373535156e-01 6.102234721183776855e-01 -8.369279503822326660e-01 8.121919035911560059e-01 9.516869783401489258e-01 -9.076631665229797363e-01 -8.885118961334228516e-01
-4.795368611812591553e-01 -6.371131539344787598e-01 -4.077123999595642090e-01 -8.325859308242797852e-01 -4.421269297599792480e-01 -7.551591396331787109e-01 -5.233976840972900391e-01 -9.603888988494873047e-01 -8.337419033050537109e-01 -9.527765512466430664e-01 6.102234721183776855e-01 -8.369279503822326660e-01 8.121917843818664551e-01 9.516869783401489258e-01 -9.076631665229797363e-01 -8.885119557380676270e-01
-4.795368313789367676e-01 -6.371131539344787598e-01 -4.077123999595642090e-01 -8.325859308242797852e-01 -4.421268999576568604e-01 -7.551591396331787109e-01 -5.233976244926452637e-01 -9.603888988494873047e-01 -8.337419033050537109e-01 -9.527764320373535156e-01 6.102235317230224609e-01 -8.369279503822326660e-01 8.121917843818664551e-01 9.516869187355041504e-01 -9.076632857322692871e-01 -8.885118961334228516e-01
-4.795367717742919922e-01 -6.371131539344787598e-01 -4.077125489711761475e-01 -8.325858116149902344e-01 -4.421268403530120850e-01 -7.551591396331787109e-01 -5.233975052833557129e-01 -9.603888988494873047e-01 -8.337419033050537109e-01 -9.527765512466430664e-01 6.102235317230224609e-01 -8.369279503822326660e-01 8.121917843818664551e-01 9.516869783401489258e-01 -9.076631665229797363e-01 -8.885119557380676270e-01
-4.795367717742919922e-01 -6.371131539344787598e-01 -4.077125489711761475e-01 -8.325858116149902344e-01 -4.421268403530120850e-01 -7.551591396331787109e-01 -5.233975052833557129e-01 -9.603888988494873047e-01 -8.337419033050537109e-01 -9.527765512466430664e-01 6.102235317230224609e-01 -8.369279503822326660e-01 8.121917843818664551e-01 9.516869783401489258e-01 -9.076631665229797363e-01 -8.885119557380676270e-01
-4.795367717742919922e-01 -6.371131539344787598e-01 -4.077125489711761475e-01 -8.325858116149902344e-01 -4.421268403530120850e-01 -7.551591396331787109e-01 -5.233975052833557129e-01 -9.603888988494873047e-01 -8.337419033050537109e-01 -9.527765512466430664e-01 6.102235317230224609e-01 -8.369279503822326660e-01 8.121917843818664551e-01 9.516869783401489258e-01 -9.076631665229797363e-01 -8.885119557380676270e-01
-4.795367717742919922e-01 -6.371131539344787598e-01 -4.077125489711761475e-01 -8.325858116149902344e-01 -4.421268403530120850e-01 -7.551591396331787109e-01 -5.233975052833557129e-01 -9.603888988494873047e-01 -8.337419033050537109e-01 -9.527765512466430664e-01 6.102235317230224609e-01 -8.369279503822326660e-01 8.121917843818664551e-01 9.516869783401489258e-01 -9.076631665229797363e-01 -8.885119557380676270e-01
-4.795367717742919922e-01 -6.371131539344787598e-01 -4.077125489711761475e-01 -8.325858116149902344e-01 -4.421268403530120850e-01 -7.551591396331787109e-01 -5.233975052833557129e-01 -9.603888988494873047e-01 -8.337419033050537109e-01 -9.527765512466430664e-01 6.102235317230224609e-01 -8.369279503822326660e-01 8.121917843818664551e-01 9.516869783401489258e-01 -9.076631665229797363e-01 -8.885119557380676270e-01
-4.795367717742919922e-01 -6.371131539344787598e-01 -4.077125489711761475e-01 -8.325858116149902344e-01 -4.421268403530120850e-01 -7.551591396331787109e-01 -5.233975052833557129e-01 -9.603888988494873047e-01 -8.337419033050537109e-01 -9.527765512466430664e-01 6.102235317230224609e-01 -8.369279503822326660e-01 8.121917843818664551e-01 9.516869783401489258e-01 -9.076631665229797363e-01 -8.885119557380676270e-01
-4.795367717742919922e-01 -6.371131539344787598e-01 -4.077125489711761475e-01 -8.325858116149902344e-01 -4.421268403530120850e-01 -7.551591396331787109e-01 -5.233975052833557129e-01 -9.603888988494873047e-01 -8.337419033050537109e-01 -9.527765512466430664e-01 6.102235317230224609e-01 -8.369279503822326660e-01 8.121917843818664551e-01 9.516869783401489258e-01 -9.076631665229797363e-01 -8.885119557380676270e-01
-4.795367717742919922e-01 -6.371131539344787598e-01 -4.077125489711761475e-01 -8.325858116149902344e-01 -4.421268403530120850e-01 -7.551591396331787109e-01 -5.233975052833557129e-01 -9.603888988494873047e-01 -8.337419033050537109e-01 -9.527765512466430664e-01 6.102235317230224609e-01 -8.369279503822326660e-01 8.121917843818664551e-01 9.516869783401489258e-01 -9.076631665229797363e-01 -8.885119557380676270e-01
-4.795367717742919922e-01 -6.371131539344787598e-01 -4.077125489711761475e-01 -8.325858116149902344e-01 -4.421268403530120850e-01 -7.551591396331787109e-01 -5.233975052833557129e-01 -9.603888988494873047e-01 -8.337419033050537109e-01 -9.527765512466430664e-01 6.102235317230224609e-01 -8.369279503822326660e-01 8.121917843818664551e-01 9.516869783401489258e-01 -9.076631665229797363e-01 -8.885119557380676270e-01
-4.795367717742919922e-01 -6.371131539344787598e-01 -4.077125489711761475e-01 -8.325858116149902344e-01 -4.421268403530120850e-01 -7.551591396331787109e-01 -5.233975052833557129e-01 -9.603888988494873047e-01 -8.337419033050537109e-01 -9.527765512466430664e-01 6.102235317230224609e-01 -8.369279503822326660e-01 8.121917843818664551e-01 9.516869783401489258e-01 -9.076631665229797363e-01 -8.885119557380676270e-01
-4.795367717742919922e-01 -6.371131539344787598e-01 -4.077125489711761475e-01 -8.325858116149902344e-01 -4.421268403530120850e-01 -7.551591396331787109e-01 -5.233975052833557129e-01 -9.603888988494873047e-01 -8.337419033050537109e-01 -9.527765512466430664e-01 6.102235317230224609e-01 -8.369279503822326660e-01 8.121917843818664551e-01 9.516869783401489258e-01 -9.076631665229797363e-01 -8.885119557380676270e-01
-4.795367717742919922e-01 -6.371131539344787598e-01 -4.077125489711761475e-01 -8.325858116149902344e-01 -4.421268403530120850e-01 -7.551591396331787109e-01 -5.233975052833557129e-01 -9.603888988494873047e-01 -8.337419033050537109e-01 -9.527765512466430664e-01 6.102235317230224609e-01 -8.369279503822326660e-01 8.121917843818664551e-01 9.516869783401489258e-01 -9.076631665229797363e-01 -8.885119557380676270e-01
-4.795367419719696045e-01 -6.371132731437683105e-01 -4.077124893665313721e-01 -8.325859308242797852e-01 -4.421270787715911865e-01 -7.551590800285339355e-01 -5.233976244926452637e-01 -9.603888988494873047e-01 -8.337420225143432617e-01 -9.527764320373535156e-01 6.102234721183776855e-01 -8.369279503822326660e-01 8.121919035911560059e-01 9.516869783401489258e-01 -9.076631665229797363e-01 -8.885119557380676270e-01
-4.795367419719696045e-01 -6.371132731437683105e-01 -4.077124893665313721e-01 -8.325859308242797852e-01 -4.421270787715911865e-01 -7.551590800285339355e-01 -5.233976244926452637e-01 -9.603888988494873047e-01 -8.337420225143432617e-01 -9.527764320373535156e-01 6.102234721183776855e-01 -8.369279503822326660e-01 8.121919035911560059e-01 9.516869783401489258e-01 -9.076631665229797363e-01 -8.885119557380676270e-01
-4.795367717742919922e-01 -6.371131539344787598e-01 -4.077125489711761475e-01 -8.325858116149902344e-01 -4.421268403530120850e-01 -7.551591396331787109e-01 -5.233975052833557129e-01 -9.603888988494873047e-01 -8.337419033050537109e-01 -9.527765512466430664e-01 6.102235317230224609e-01 -8.369279503822326660e-01 8.121917843818664551e-01 9.516869783401489258e-01 -9.076631665229797363e-01 -8.885119557380676270e-01
-4.795367717742919922e-01 -6.371131539344787598e-01 -4.077125489711761475e-01 -8.325858116149902344e-01 -4.421268403530120850e-01 -7.551591396331787109e-01 -5.233975052833557129e-01 -9.603888988494873047e-01 -8.337419033050537109e-01 -9.527765512466430664e-01 6.102235317230224609e-01 -8.369279503822326660e-01 8.121917843818664551e-01 9.516869783401489258e-01 -9.076631665229797363e-01 -8.885119557380676270e-01
-4.795367717742919922e-01 -6.371131539344787598e-01 -4.077125489711761475e-01 -8.325858116149902344e-01 -4.421268403530120850e-01 -7.551591396331787109e-01 -5.233975052833557129e-01 -9.603888988494873047e-01 -8.337419033050537109e-01 -9.527765512466430664e-01 6.102235317230224609e-01 -8.369279503822326660e-01 8.121917843818664551e-01 9.516869783401489258e-01 -9.076631665229797363e-01 -8.885119557380676270e-01
-4.795367717742919922e-01 -6.371131539344787598e-01 -4.077125489711761475e-01 -8.325858116149902344e-01 -4.421268403530120850e-01 -7.551591396331787109e-01 -5.233975052833557129e-01 -9.603888988494873047e-01 -8.337419033050537109e-01 -9.527765512466430664e-01 6.102235317230224609e-01 -8.369279503822326660e-01 8.121917843818664551e-01 9.516869783401489258e-01 -9.076631665229797363e-01 -8.885119557380676270e-01
-4.795367717742919922e-01 -6.371131539344787598e-01 -4.077125489711761475e-01 -8.325858116149902344e-01 -4.421268403530120850e-01 -7.551591396331787109e-01 -5.233975052833557129e-01 -9.603888988494873047e-01 -8.337419033050537109e-01 -9.527765512466430664e-01 6.102235317230224609e-01 -8.369279503822326660e-01 8.121917843818664551e-01 9.516869783401489258e-01 -9.076631665229797363e-01 -8.885119557380676270e-01
-4.795367717742919922e-01 -6.371131539344787598e-01 -4.077125489711761475e-01 -8.325858116149902344e-01 -4.421268403530120850e-01 -7.551591396331787109e-01 -5.233975052833557129e-01 -9.603888988494873047e-01 -8.337419033050537109e-01 -9.527765512466430664e-01 6.102235317230224609e-01 -8.369279503822326660e-01 8.121917843818664551e-01 9.516869783401489258e-01 -9.076631665229797363e-01 -8.885119557380676270e-01
-4.795367717742919922e-01 -6.371131539344787598e-01 -4.077125489711761475e-01 -8.325858116149902344e-01 -4.421268403530120850e-01 -7.551591396331787109e-01 -5.233975052833557129e-01 -9.603888988494873047e-01 -8.337419033050537109e-01 -9.527765512466430664e-01 6.102235317230224609e-01 -8.369279503822326660e-01 8.121917843818664551e-01 9.516869783401489258e-01 -9.076631665229797363e-01 -8.885119557380676270e-01
-4.795367717742919922e-01 -6.371131539344787598e-01 -4.077125489711761475e-01 -8.325858116149902344e-01 -4.421268403530120850e-01 -7.551591396331787109e-01 -5.233975052833557129e-01 -9.603888988494873047e-01 -8.337419033050537109e-01 -9.527765512466430664e-01 6.102235317230224609e-01 -8.369279503822326660e-01 8.121917843818664551e-01 9.516869783401489258e-01 -9.076631665229797363e-01 -8.885119557380676270e-01
-4.795367717742919922e-01 -6.371131539344787598e-01 -4.077125489711761475e-01 -8.325858116149902344e-01 -4.421268403530120850e-01 -7.551591396331787109e-01 -5.233975052833557129e-01 -9.603888988494873047e-01 -8.337419033050537109e-01 -9.527765512466430664e-01 6.102235317230224609e-01 -8.369279503822326660e-01 8.121917843818664551e-01 9.516869783401489258e-01 -9.076631665229797363e-01 -8.885119557380676270e-01
-4.795367717742919922e-01 -6.371131539344787598e-01 -4.077125489711761475e-01 -8.325858116149902344e-01 -4.421268403530120850e-01 -7.551591396331787109e-01 -5.233975052833557129e-01 -9.603888988494873047e-01 -8.337419033050537109e-01 -9.527765512466430664e-01 6.102235317230224609e-01 -8.369279503822326660e-01 8.121917843818664551e-01 9.516869783401489258e-01 -9.076631665229797363e-01 -8.885119557380676270e-01
-4.795367717742919922e-01 -6.371131539344787598e-01 -4.077125489711761475e-01 -8.325858116149902344e-01 -4.421268403530120850e-01 -7.551591396331787109e-01 -5.233975052833557129e-01 -9.603888988494873047e-01 -8.337419033050537109e-01 -9.527765512466430664e-01 6.102235317230224609e-01 -8.369279503822326660e-01 8.121917843818664551e-01 9.516869783401489258e-01 -9.076631665229797363e-01 -8.885119557380676270e-01
-4.795367717742919922e-01 -6.371131539344787598e-01 -4.077125489711761475e-01 -8.325858116149902344e-01 -4.421268403530120850e-01 -7.551591396331787109e-01 -5.233975052833557129e-01 -9.603888988494873047e-01 -8.337419033050537109e-01 -9.527765512466430664e-01 6.102235317230224609e-01 -8.369279503822326660e-01 8.121917843818664551e-01 9.516869783401489258e-01 -9.076631665229797363e-01 -8.885119557380676270e-01
-4.795367717742919922e-01 -6.371131539344787598e-01 -4.077125489711761475e-01 -8.325858116149902344e-01 -4.421268403530120850e-01 -7.551591396331787109e-01 -5.233975052833557129e-01 -9.603888988494873047e-01 -8.337419033050537109e-01 -9.527765512466430664e-01 6.102235317230224609e-01 -8.369279503822326660e-01 8.121917843818664551e-01 9.516869783401489258e-01 -9.076631665229797363e-01 -8.885119557380676270e-01
-4.795367717742919922e-01 -6.371131539344787598e-01 -4.077125489711761475e-01 -8.325858116149902344e-01 -4.421268403530120850e-01 -7.551591396331787109e-01 -5.233975052833557129e-01 -9.603888988494873047e-01 -8.337419033050537109e-01 -9.527765512466430664e-01 6.102235317230224609e-01 -8.369279503822326660e-01 8.121917843818664551e-01 9.516869783401489258e-01 -9.076631665229797363e-01 -8.885119557380676270e-01
-4.795367717742919922e-01 -6.371131539344787598e-01 -4.077125489711761475e-01 -8.325858116149902344e-01 -4.421268403530120850e-01 -7.551591396331787109e-01 -5.233975052833557129e-01 -9.603888988494873047e-01 -8.337419033050537109e-01 -9.527765512466430664e-01 6.102235317230224609e-01 -8.369279503822326660e-01 8.121917843818664551e-01 9.516869783401489258e-01 -9.076631665229797363e-01 -8.885119557380676270e-01
-4.795367717742919922e-01 -6.371131539344787598e-01 -4.077125489711761475e-01 -8.325858116149902344e-01 -4.421268403530120850e-01 -7.551591396331787109e-01 -5.233975052833557129e-01 -9.603888988494873047e-01 -8.337419033050537109e-01 -9.527765512466430664e-01 6.102235317230224609e-01 -8.369279503822326660e-01 8.121917843818664551e-01 9.516869783401489258e-01 -9.076631665229797363e-01 -8.885119557380676270e-01
-4.795367717742919922e-01 -6.371131539344787598e-01 -4.077125489711761475e-01 -8.325858116149902344e-01 -4.421268403530120850e-01 -7.551591396331787109e-01 -5.233975052833557129e-01 -9.603888988494873047e-01 -8.337419033050537109e-01 -9.527765512466430664e-01 6.102235317230224609e-01 -8.369279503822326660e-01 8.121917843818664551e-01 9.516869783401489258e-01 -9.076631665229797363e-01 -8.885119557380676270e-01
-4.795367717742919922e-01 -6.371131539344787598e-01 -4.077125489711761475e-01 -8.325858116149902344e-01 -4.421268403530120850e-01 -7.551591396331787109e-01 -5.233975052833557129e-01 -9.603888988494873047e-01 -8.337419033050537109e-01 -9.527765512466430664e-01 6.102235317230224609e-01 -8.369279503822326660e-01 8.121917843818664551e-01 9.516869783401489258e-01 -9.076631665229797363e-01 -8.885119557380676270e-01
-4.795367717742919922e-01 -6.371131539344787598e-01 -4.077125489711761475e-01 -8.325858116149902344e-01 -4.421268403530120850e-01 -7.551591396331787109e-01 -5.233975052833557129e-01 -9.603888988494873047e-01 -8.337419033050537109e-01 -9.527765512466430664e-01 6.102235317230224609e-01 -8.369279503822326660e-01 8.121917843818664551e-01 9.516869783401489258e-01 -9.076631665229797363e-01 -8.885119557380676270e-01
-4.795367717742919922e-01 -6.371131539344787598e-01 -4.077125489711761475e-01 -8.325858116149902344e-01 -4.421268403530120850e-01 -7.551591396331787109e-01 -5.233975052833557129e-01 -9.603888988494873047e-01 -8.337419033050537109e-01 -9.527765512466430664e-01 6.102235317230224609e-01 -8.369279503822326660e-01 8.121917843818664551e-01 9.516869783401489258e-01 -9.076631665229797363e-01 -8.885119557380676270e-01
-4.795367717742919922e-01 -6.371131539344787598e-01 -4.077125489711761475e-01 -8.325858116149902344e-01 -4.421268403530120850e-01 -7.551591396331787109e-01 -5.233975052833557129e-01 -9.603888988494873047e-01 -8.337419033050537109e-01 -9.527765512466430664e-01 6.102235317230224609e-01 -8.369279503822326660e-01 8.121917843818664551e-01 9.516869783401489258e-01 -9.076631665229797363e-01 -8.885119557380676270e-01
-4.795367717742919922e-01 -6.371131539344787598e-01 -4.077125489711761475e-01 -8.325858116149902344e-01 -4.421268403530120850e-01 -7.551591396331787109e-01 -5.233975052833557129e-01 -9.603888988494873047e-01 -8.337419033050537109e-01 -9.527765512466430664e-01 6.102235317230224609e-01 -8.369279503822326660e-01 8.121917843818664551e-01 9.516869783401489258e-01 -9.076631665229797363e-01 -8.885119557380676270e-01
-4.795367717742919922e-01 -6.371131539344787598e-01 -4.077125489711761475e-01 -8.325858116149902344e-01 -4.421268403530120850e-01 -7.551591396331787109e-01 -5.233975052833557129e-01 -9.603888988494873047e-01 -8.337419033050537109e-01 -9.527765512466430664e-01 6.102235317230224609e-01 -8.369279503822326660e-01 8.121917843818664551e-01 9.516869783401489258e-01 -9.076631665229797363e-01 -8.885119557380676270e-01
-4.795367717742919922e-01 -6.371131539344787598e-01 -4.077125489711761475e-01 -8.325858116149902344e-01 -4.421268403530120850e-01 -7.551591396331787109e-01 -5.233975052833557129e-01 -9.603888988494873047e-01 -8.337419033050537109e-01 -9.527765512466430664e-01 6.102235317230224609e-01 -8.369279503822326660e-01 8.121917843818664551e-01 9.516869783401489258e-01 -9.076631665229797363e-01 -8.885119557380676270e-01
-4.795367717742919922e-01 -6.371131539344787598e-01 -4.077125489711761475e-01 -8.325858116149902344e-01 -4.421268403530120850e-01 -7.551591396331787109e-01 -5.233975052833557129e-01 -9.603888988494873047e-01 -8.337419033050537109e-01 -9.527765512466430664e-01 6.102235317230224609e-01 -8.369279503822326660e-01 8.121917843818664551e-01 9.516869783401489258e-01 -9.076631665229797363e-01 -8.885119557380676270e-01
-4.795367717742919922e-01 -6.371131539344787598e-01 -4.077125489711761475e-01 -8.325858116149902344e-01 -4.421268403530120850e-01 -7.551591396331787109e-01 -5.233975052833557129e-01 -9.603888988494873047e-01 -8.337419033050537109e-01 -9.527765512466430664e-01 6.102235317230224609e-01 -8.369279503822326660e-01 8.121917843818664551e-01 9.516869783401489258e-01 -9.076631665229797363e-01 -8.885119557380676270e-01
-4.795367717742919922e-01 -6.371131539344787598e-01 -4.077125489711761475e-01 -8.325858116149902344e-01 -4.421268403530120850e-01 -7.551591396331787109e-01 -5.233975052833557129e-01 -9.603888988494873047e-01 -8.337419033050537109e-01 -9.527765512466430664e-01 6.102235317230224609e-01 -8.369279503822326660e-01 8.121917843818664551e-01 9.516869783401489258e-01 -9.076631665229797363e-01 -8.885119557380676270e-01
-4.795367717742919922e-01 -6.371131539344787598e-01 -4.077125489711761475e-01 -8.325858116149902344e-01 -4.421268403530120850e-01 -7.551591396331787109e-01 -5.233975052833557129e-01 -9.603888988494873047e-01 -8.337419033050537109e-01 -9.527765512466430664e-01 6.102235317230224609e-01 -8.369279503822326660e-01 8.121917843818664551e-01 9.516869783401489258e-01 -9.076631665229797363e-01 -8.885119557380676270e-01
-4.795367717742919922e-01 -6.371131539344787598e-01 -4.077125489711761475e-01 -8.325858116149902344e-01 -4.421268403530120850e-01 -7.551591396331787109e-01 -5.233975052833557129e-01 -9.603888988494873047e-01 -8.337419033050537109e-01 -9.527765512466430664e-01 6.102235317230224609e-01 -8.369279503822326660e-01 8.121917843818664551e-01 9.516869783401489258e-01 -9.076631665229797363e-01 -8.885119557380676270e-01
-4.795367717742919922e-01 -6.371131539344787598e-01 -4.077125489711761475e-01 -8.325858116149902344e-01 -4.421268403530120850e-01 -7.551591396331787109e-01 -5.233975052833557129e-01 -9.603888988494873047e-01 -8.337419033050537109e-01 -9.527765512466430664e-01 6.102235317230224609e-01 -8.369279503822326660e-01 8.121917843818664551e-01 9.516869783401489258e-01 -9.076631665229797363e-01 -8.885119557380676270e-01
-4.795367419719696045e-01 -6.371132731437683105e-01 -4.077124893665313721e-01 -8.325859308242797852e-01 -4.421270787715911865e-01 -7.551590800285339355e-01 -5.233976244926452637e-01 -9.603888988494873047e-01 -8.337420225143432617e-01 -9.527764320373535156e-01 6.102234721183776855e-01 -8.369279503822326660e-01 8.121919035911560059e-01 9.516869783401489258e-01 -9.076631665229797363e-01 -8.885119557380676270e-01
-4.795367419719696045e-01 -6.371132731437683105e-01 -4.077124893665313721e-01 -8.325859308242797852e-01 -4.421270787715911865e-01 -7.551590800285339355e-01 -5.233976244926452637e-01 -9.603888988494873047e-01 -8.337420225143432617e-01 -9.527764320373535156e-01 6.102234721183776855e-01 -8.369279503822326660e-01 8.121919035911560059e-01 9.516869783401489258e-01 -9.076631665229797363e-01 -8.885119557380676270e-01
-4.795367717742919922e-01 -6.371131539344787598e-01 -4.077125489711761475e-01 -8.325858116149902344e-01 -4.421268403530120850e-01 -7.551591396331787109e-01 -5.233975052833557129e-01 -9.603888988494873047e-01 -8.337419033050537109e-01 -9.527765512466430664e-01 6.102235317230224609e-01 -8.369279503822326660e-01 8.121917843818664551e-01 9.516869783401489258e-01 -9.076631665229797363e-01 -8.885119557380676270e-01
-4.795367717742919922e-01 -6.371131539344787598e-01 -4.077125489711761475e-01 -8.325858116149902344e-01 -4.421268403530120850e-01 -7.551591396331787109e-01 -5.233975052833557129e-01 -9.603888988494873047e-01 -8.337419033050537109e-01 -9.527765512466430664e-01 6.102235317230224609e-01 -8.369279503822326660e-01 8.121917843818664551e-01 9.516869783401489258e-01 -9.076631665229797363e-01 -8.885119557380676270e-01
-4.795367717742919922e-01 -6.371131539344787598e-01 -4.077125489711761475e-01 -8.325858116149902344e-01 -4.421268403530120850e-01 -7.551591396331787109e-01 -5.233975052833557129e-01 -9.603888988494873047e-01 -8.337419033050537109e-01 -9.527765512466430664e-01 6.102235317230224609e-01 -8.369279503822326660e-01 8.121917843818664551e-01 9.516869783401489258e-01 -9.076631665229797363e-01 -8.885119557380676270e-01
-4.795367717742919922e-01 -6.371131539344787598e-01 -4.077125489711761475e-01 -8.325858116149902344e-01 -4.421268403530120850e-01 -7.551591396331787109e-01 -5.233975052833557129e-01 -9.603888988494873047e-01 -8.337419033050537109e-01 -9.527765512466430664e-01 6.102235317230224609e-01 -8.369279503822326660e-01 8.121917843818664551e-01 9.516869783401489258e-01 -9.076631665229797363e-01 -8.885119557380676270e-01
