-9.443662762641906738e-01 -9.164285063743591309e-01 7.685855031013488770e-01 9.739535450935363770e-01 1.001312211155891418e-01 9.489623904228210449e-01 -9.327282905578613281e-01 1.491073369979858398e-01 -1.562199294567108154e-01 -9.908395409584045410e-01 5.366701483726501465e-01 -6.995539367198944092e-02 3.288590013980865479e-01 9.860590696334838867e-01 8.106475472450256348e-01 9.608027338981628418e-01
-9.203349351882934570e-01 -8.318303227424621582e-01 8.268732428550720215e-01 9.534865021705627441e-01 -3.562041819095611572e-01 8.570877909660339355e-01 -8.866780996322631836e-01 -7.224527001380920410e-02 -2.952802181243896484e-01 -9.935318231582641602e-01 8.177696466445922852e-01 1.763307154178619385e-01 3.641927838325500488e-01 9.866484403610229492e-01 8.528122901916503906e-01 9.708658456802368164e-01
-9.187045693397521973e-01 -8.739593625068664551e-01 8.602591156959533691e-01 9.797465801239013672e-01 -2.932434342801570892e-02 8.897782564163208008e-01 -8.891623616218566895e-01 -3.875117050483822823e-03 -4.037568867206573486e-01 -9.919210076332092285e-01 8.489315509796142578e-01 -8.938759565353393555e-03 3.981886506080627441e-01 9.835556149482727051e-01 7.964454293251037598e-01 9.710367918014526367e-01
-9.366012215614318848e-01 -8.668017387390136719e-01 8.420701622962951660e-01 9.670037031173706055e-01 -1.205524206161499023e-01 8.846194744110107422e-01 -8.864550590515136719e-01 1.422501802444458008e-01 -3.908803761005401611e-01 -9.923122525215148926e-01 8.214303851127624512e-01 1.116029918193817139e-01 3.110102713108062744e-01 9.869393706321716309e-01 7.886827588081359863e-01 9.753156900405883789e-01
-9.312255382537841797e-01 -8.653833270072937012e-01 8.305205106735229492e-01 9.703286290168762207e-01 -8.294598013162612915e-02 8.634245395660400391e-01 -9.016498923301696777e-01 9.264101833105087280e-02 -3.294858932495117188e-01 -9.930071234703063965e-01 8.381981849670410156e-01 1.062502637505531311e-01 2.821078300476074219e-01 9.833876490592956543e-01 8.009846210479736328e-01 9.699977040290832520e-01
-9.316806197166442871e-01 -8.662831783294677734e-01 8.264864683151245117e-01 9.710602760314941406e-01 -1.502863913774490356e-01 8.772119879722595215e-01 -8.971172571182250977e-01 8.472265303134918213e-02 -3.451291620731353760e-01 -9.928580522537231445e-01 8.275340795516967773e-01 9.195854514837265015e-02 2.867882847785949707e-01 9.830717444419860840e-01 8.020659685134887695e-01 9.700339436531066895e-01
-9.291674494743347168e-01 -8.692151308059692383e-01 8.285886049270629883e-01 9.723578691482543945e-01 -1.094635054469108582e-01 8.724032640457153320e-01 -8.947146534919738770e-01 6.842145323753356934e-02 -3.473781943321228027e-01 -9.929646253585815430e-01 8.355153799057006836e-01 7.635985314846038818e-02 3.066295385360717773e-01 9.837425351142883301e-01 8.027548193931579590e-01 9.702287912368774414e-01
-9.308648109436035156e-01 -8.685147762298583984e-01 8.303589820861816406e-01 9.709894061088562012e-01 -1.253302842378616333e-01 8.769612312316894531e-01 -8.936689496040344238e-01 8.554492145776748657e-02 -3.537693917751312256e-01 -9.927746057510375977e-01 8.308074474334716797e-01 8.530964702367782593e-02 3.035037815570831299e-01 9.841367602348327637e-01 8.006559014320373535e-01 9.713030457496643066e-01
-9.304385185241699219e-01 -8.681709766387939453e-01 8.302262425422668457e-01 9.712833762168884277e-01 -1.119524538516998291e-01 8.733421564102172852e-01 -8.952724933624267578e-01 8.153430372476577759e-02 -3.478974997997283936e-01 -9.928721785545349121e-01 8.336727619171142578e-01 8.493260294198989868e-02 3.022199273109436035e-01 9.839398860931396484e-01 8.016312122344970703e-01 9.708493351936340332e-01
-9.308955669403076172e-01 -8.678419589996337891e-01 8.297315239906311035e-01 9.710857272148132324e-01 -1.227104067802429199e-01 8.751541376113891602e-01 -8.950936198234558105e-01 8.372141420841217041e-02 -3.493631184101104736e-01 -9.928333759307861328e-01 8.316674828529357910e-01 8.646118640899658203e-02 2.999889552593231201e-01 9.838826656341552734e-01 8.014080524444580078e-01 9.709243178367614746e-01
-9.304723739624023438e-01 -8.681505322456359863e-01 8.296909928321838379e-01 9.713687896728515625e-01 -1.169608384370803833e-01 8.740620613098144531e-01 -8.951299190521240234e-01 8.035783469676971436e-02 -3.484529554843902588e-01 -9.928691387176513672e-01 8.329982161521911621e-01 8.435400575399398804e-02 3.017170727252960205e-01 9.838702082633972168e-01 8.016999363899230957e-01 9.707787036895751953e-01
-8.944156765937805176e-01 -9.380017518997192383e-01 7.634282112121582031e-01 9.778103828430175781e-01 -7.155714929103851318e-02 9.460253715515136719e-01 -9.237778782844543457e-01 2.479875981807708740e-01 -2.860761284828186035e-01 -9.913861155509948730e-01 5.521264076232910156e-01 2.425437867641448975e-01 4.219557046890258789e-01 9.830551147460937500e-01 8.062210083007812500e-01 9.610275626182556152e-01
-8.623301982879638672e-01 -9.269101619720458984e-01 8.058581352233886719e-01 9.722232222557067871e-01 -1.357056200504302979e-01 9.296801090240478516e-01 -9.435380697250366211e-01 1.719404160976409912e-01 -1.888839900493621826e-01 -9.915596842765808105e-01 5.587004423141479492e-01 3.119130134582519531e-01 4.821137487888336182e-01 9.818097949028015137e-01 8.555141091346740723e-01 9.532939195632934570e-01
-8.600749373435974121e-01 -9.216994047164916992e-01 8.313059806823730469e-01 9.769620299339294434e-01 -1.362187564373016357e-01 9.396736025810241699e-01 -9.445636272430419922e-01 1.385625749826431274e-01 -2.323672473430633545e-01 -9.908889532089233398e-01 5.401822328567504883e-01 2.434074133634567261e-01 5.207056999206542969e-01 9.811126589775085449e-01 8.618760108947753906e-01 9.544495940208435059e-01
-8.625754117965698242e-01 -9.201977252960205078e-01 8.343663215637207031e-01 9.761665463447570801e-01 -1.114336028695106506e-01 9.384301304817199707e-01 -9.413473010063171387e-01 1.390153914690017700e-01 -2.489878982305526733e-01 -9.907630085945129395e-01 5.393005609512329102e-01 2.538099586963653564e-01 5.274802446365356445e-01 9.836357235908508301e-01 8.570508360862731934e-01 9.585815668106079102e-01
-8.638623952865600586e-01 -9.199755191802978516e-01 8.359511494636535645e-01 9.755924344062805176e-01 -1.142368763685226440e-01 9.387711882591247559e-01 -9.422071576118469238e-01 1.520947068929672241e-01 -2.479682266712188721e-01 -9.906972050666809082e-01 5.372783541679382324e-01 2.704001367092132568e-01 5.214262008666992188e-01 9.835664629936218262e-01 8.538597226142883301e-01 9.585785865783691406e-01
-8.633560538291931152e-01 -9.195830225944519043e-01 8.358145356178283691e-01 9.758083224296569824e-01 -1.128245219588279724e-01 9.380025267601013184e-01 -9.432573318481445312e-01 1.517540812492370605e-01 -2.441369444131851196e-01 -9.907812476158142090e-01 5.391843318939208984e-01 2.717523276805877686e-01 5.180346965789794922e-01 9.831443428993225098e-01 8.545687794685363770e-01 9.576556682586669922e-01
-8.635833859443664551e-01 -9.195786118507385254e-01 8.351947069168090820e-01 9.758914113044738770e-01 -1.158870384097099304e-01 9.382735490798950195e-01 -9.432600140571594238e-01 1.511867195367813110e-01 -2.444735169410705566e-01 -9.907863736152648926e-01 5.377596616744995117e-01 2.704622447490692139e-01 5.176793336868286133e-01 9.830728769302368164e-01 8.547948002815246582e-01 9.575029015541076660e-01
-8.631963729858398438e-01 -9.196583628654479980e-01 8.351213932037353516e-01 9.759337902069091797e-01 -1.147407665848731995e-01 9.381278753280639648e-01 -9.431452155113220215e-01 1.495636999607086182e-01 -2.444807440042495728e-01 -9.907922744750976562e-01 5.385762453079223633e-01 2.700069546699523926e-01 5.184531807899475098e-01 9.831116199493408203e-01 8.548719286918640137e-01 9.575212597846984863e-01
-8.633190989494323730e-01 -9.197100996971130371e-01 8.352808356285095215e-01 9.759165048599243164e-01 -1.152403578162193298e-01 9.383054971694946289e-01 -9.430923461914062500e-01 1.504010707139968872e-01 -2.450392246246337891e-01 -9.907791614532470703e-01 5.380786061286926270e-01 2.699846625328063965e-01 5.186246633529663086e-01 9.831338524818420410e-01 8.547358512878417969e-01 9.575777053833007812e-01
-8.632718324661254883e-01 -9.196799397468566895e-01 8.352876305580139160e-01 9.759091138839721680e-01 -1.146136671304702759e-01 9.381941556930541992e-01 -9.431232810020446777e-01 1.502535641193389893e-01 -2.447506636381149292e-01 -9.907838702201843262e-01 5.383798480033874512e-01 2.701517343521118164e-01 5.185236334800720215e-01 9.831358194351196289e-01 8.547737002372741699e-01 9.575755000114440918e-01
-8.633351922035217285e-01 -9.196752905845642090e-01 8.352714776992797852e-01 9.759047627449035645e-01 -1.150559112429618835e-01 9.382475614547729492e-01 -9.431282877922058105e-01 1.504505723714828491e-01 -2.448066473007202148e-01 -9.907820224761962891e-01 5.381618142127990723e-01 2.701845467090606689e-01 5.184405446052551270e-01 9.831288456916809082e-01 8.547570109367370605e-01 9.575712680816650391e-01
-8.632865548133850098e-01 -9.196736216545104980e-01 8.352622985839843750e-01 9.759116172790527344e-01 -1.148393079638481140e-01 9.382100701332092285e-01 -9.431307911872863770e-01 1.502401530742645264e-01 -2.447346001863479614e-01 -9.907842874526977539e-01 5.383129715919494629e-01 2.701452970504760742e-01 5.184772014617919922e-01 9.831280112266540527e-01 8.547810912132263184e-01 9.575635194778442383e-01
-8.633114695549011230e-01 -9.196792244911193848e-01 8.352691531181335449e-01 9.759098887443542480e-01 -1.149802654981613159e-01 9.382390975952148438e-01 -9.431240558624267578e-01 1.503478288650512695e-01 -2.448116242885589600e-01 -9.907824993133544922e-01 5.382173061370849609e-01 2.701319754123687744e-01 5.184845924377441406e-01 9.831292629241943359e-01 8.547652959823608398e-01 9.575687050819396973e-01
-8.632961511611938477e-01 -9.196770191192626953e-01 8.352684974670410156e-01 9.759101867675781250e-01 -1.148706898093223572e-01 9.382207393646240234e-01 -9.431265592575073242e-01 1.502914279699325562e-01 -2.447714954614639282e-01 -9.907834529876708984e-01 5.382786989212036133e-01 2.701428830623626709e-01 5.184865593910217285e-01 9.831298589706420898e-01 8.547725081443786621e-01 9.575678706169128418e-01
-8.633076548576354980e-01 -9.196777939796447754e-01 8.352693915367126465e-01 9.759094119071960449e-01 -1.149420067667961121e-01 9.382320642471313477e-01 -9.431259632110595703e-01 1.503371000289916992e-01 -2.447921931743621826e-01 -9.907828569412231445e-01 5.382374525070190430e-01 2.701451480388641357e-01 5.184789896011352539e-01 9.831294417381286621e-01 8.547673225402832031e-01 9.575685858726501465e-01
-8.633000850677490234e-01 -9.196769595146179199e-01 8.352680802345275879e-01 9.759101271629333496e-01 -1.148985847830772400e-01 9.382243156433105469e-01 -9.431269168853759766e-01 1.503048092126846313e-01 -2.447758615016937256e-01 -9.907832741737365723e-01 5.382648110389709473e-01 2.701437175273895264e-01 5.184818506240844727e-01 9.831293225288391113e-01 8.547713756561279297e-01 9.575674533843994141e-01
-8.633047342300415039e-01 -9.196775555610656738e-01 8.352686762809753418e-01 9.759097695350646973e-01 -1.149277091026306152e-01 9.382295608520507812e-01 -9.431261420249938965e-01 1.503239423036575317e-01 -2.447877675294876099e-01 -9.907830357551574707e-01 5.382468700408935547e-01 2.701425850391387939e-01 5.184811353683471680e-01 9.831293225288391113e-01 8.547688126564025879e-01 9.575680494308471680e-01
-8.633015751838684082e-01 -9.196771383285522461e-01 8.352684378623962402e-01 9.759098887443542480e-01 -1.149077191948890686e-01 9.382261633872985840e-01 -9.431265592575073242e-01 1.503116935491561890e-01 -2.447804808616638184e-01 -9.907831549644470215e-01 5.382587313652038574e-01 2.701432704925537109e-01 5.184820890426635742e-01 9.831295013427734375e-01 8.547703623771667480e-01 9.575677514076232910e-01
-8.633036613464355469e-01 -9.196774363517761230e-01 8.352686762809753418e-01 9.759098291397094727e-01 -1.149208247661590576e-01 9.382284283638000488e-01 -9.431263804435729980e-01 1.503202021121978760e-01 -2.447850108146667480e-01 -9.907831549644470215e-01 5.382509231567382812e-01 2.701433002948760986e-01 5.184812545776367188e-01 9.831294417381286621e-01 8.547692298889160156e-01 9.575679898262023926e-01
-8.633022904396057129e-01 -9.196772575378417969e-01 8.352684974670410156e-01 9.759098291397094727e-01 -1.149123832583427429e-01 9.382269978523254395e-01 -9.431264400482177734e-01 1.503145694732666016e-01 -2.447820752859115601e-01 -9.907831549644470215e-01 5.382559895515441895e-01 2.701433897018432617e-01 5.184817314147949219e-01 9.831294417381286621e-01 8.547700047492980957e-01 9.575678110122680664e-01
-8.633031845092773438e-01 -9.196773767471313477e-01 8.352684974670410156e-01 9.759098291397094727e-01 -1.149177700281143188e-01 9.382278919219970703e-01 -9.431263208389282227e-01 1.503181606531143188e-01 -2.447840869426727295e-01 -9.907831549644470215e-01 5.382525920867919922e-01 2.701432108879089355e-01 5.184813141822814941e-01 9.831294417381286621e-01 8.547696471214294434e-01 9.575679302215576172e-01
-8.633025288581848145e-01 -9.196772575378417969e-01 8.352684974670410156e-01 9.759099483489990234e-01 -1.149143725633621216e-01 9.382272958755493164e-01 -9.431264400482177734e-01 1.503156572580337524e-01 -2.447827607393264771e-01 -9.907830953598022461e-01 5.382549166679382324e-01 2.701432108879089355e-01 5.184816718101501465e-01 9.831294417381286621e-01 8.547700047492980957e-01 9.575679302215576172e-01
-8.633030056953430176e-01 -9.196773767471313477e-01 8.352684974670410156e-01 9.759098291397094727e-01 -1.149166002869606018e-01 9.382278323173522949e-01 -9.431264400482177734e-01 1.503171771764755249e-01 -2.447832226753234863e-01 -9.907832145690917969e-01 5.382533669471740723e-01 2.701431512832641602e-01 5.184816122055053711e-01 9.831294417381286621e-01 8.547696471214294434e-01 9.575679302215576172e-01
-8.633027672767639160e-01 -9.196773767471313477e-01 8.352684974670410156e-01 9.759099483489990234e-01 -1.149151697754859924e-01 9.382274746894836426e-01 -9.431263208389282227e-01 1.503161191940307617e-01 -2.447828799486160278e-01 -9.907831549644470215e-01 5.382543802261352539e-01 2.701432108879089355e-01 5.184816122055053711e-01 9.831294417381286621e-01 8.547698855400085449e-01 9.575679898262023926e-01
-8.633029460906982422e-01 -9.196773767471313477e-01 8.352684974670410156e-01 9.759098291397094727e-01 -1.149160191416740417e-01 9.382275938987731934e-01 -9.431263804435729980e-01 1.503172814846038818e-01 -2.447831630706787109e-01 -9.907831549644470215e-01 5.382538437843322754e-01 2.701432108879089355e-01 5.184816122055053711e-01 9.831294417381286621e-01 8.547696471214294434e-01 9.575679302215576172e-01
-8.633028268814086914e-01 -9.196773767471313477e-01 8.352684974670410156e-01 9.759098291397094727e-01 -1.149154752492904663e-01 9.382274746894836426e-01 -9.431263208389282227e-01 1.503163576126098633e-01 -2.447829246520996094e-01 -9.907831549644470215e-01 5.382542014122009277e-01 2.701431214809417725e-01 5.184815526008605957e-01 9.831294417381286621e-01 8.547698855400085449e-01 9.575679898262023926e-01
-8.633028268814086914e-01 -9.196773767471313477e-01 8.352684974670410156e-01 9.759098291397094727e-01 -1.149157732725143433e-01 9.382276535034179688e-01 -9.431263208389282227e-01 1.503169536590576172e-01 -2.447831630706787109e-01 -9.907831549644470215e-01 5.382539629936218262e-01 2.701431512832641602e-01 5.184816122055053711e-01 9.831294417381286621e-01 8.547697067260742188e-01 9.575679302215576172e-01
-8.633028268814086914e-01 -9.196773767471313477e-01 8.352684974670410156e-01 9.759098291397094727e-01 -1.149156019091606140e-01 9.382275342941284180e-01 -9.431263208389282227e-01 1.503165811300277710e-01 -2.447830438613891602e-01 -9.907831549644470215e-01 5.382540822029113770e-01 2.701431810855865479e-01 5.184816122055053711e-01 9.831294417381286621e-01 8.547698855400085449e-01 9.575679898262023926e-01
-8.633028268814086914e-01 -9.196773767471313477e-01 8.352684974670410156e-01 9.759098291397094727e-01 -1.149157360196113586e-01 9.382275342941284180e-01 -9.431263208389282227e-01 1.503168195486068726e-01 -2.447831630706787109e-01 -9.907831549644470215e-01 5.382539629936218262e-01 2.701432108879089355e-01 5.184816122055053711e-01 9.831294417381286621e-01 8.547697067260742188e-01 9.575679898262023926e-01
-8.633028268814086914e-01 -9.196773767471313477e-01 8.352684974670410156e-01 9.759098291397094727e-01 -1.149156615138053894e-01 9.382275342941284180e-01 -9.431263208389282227e-01 1.503167003393173218e-01 -2.447830438613891602e-01 -9.907831549644470215e-01 5.382540822029113770e-01 2.701431810855865479e-01 5.184816122055053711e-01 9.831294417381286621e-01 8.547698855400085449e-01 9.575679898262023926e-01
-8.633028268814086914e-01 -9.196773767471313477e-01 8.352684974670410156e-01 9.759098291397094727e-01 -1.149157136678695679e-01 9.382275342941284180e-01 -9.431263208389282227e-01 1.503168195486068726e-01 -2.447831630706787109e-01 -9.907831549644470215e-01 5.382539629936218262e-01 2.701431512832641602e-01 5.184816122055053711e-01 9.831294417381286621e-01 8.547697067260742188e-01 9.575679898262023926e-01
-8.633028268814086914e-01 -9.196773767471313477e-01 8.352684974670410156e-01 9.759098291397094727e-01 -1.149156242609024048e-01 9.382275342941284180e-01 -9.431263208389282227e-01 1.503165811300277710e-01 -2.447830438613891602e-01 -9.907831549644470215e-01 5.382540822029113770e-01 2.701431810855865479e-01 5.184815526008605957e-01 9.831294417381286621e-01 8.547698259353637695e-01 9.575679898262023926e-01
-8.633028268814086914e-01 -9.196773767471313477e-01 8.352684974670410156e-01 9.759098291397094727e-01 -1.149157732725143433e-01 9.382275342941284180e-01 -9.431263804435729980e-01 1.503167003393173218e-01 -2.447831630706787109e-01 -9.907831549644470215e-01 5.382539629936218262e-01 2.701431512832641602e-01 5.184816122055053711e-01 9.831294417381286621e-01 8.547698259353637695e-01 9.575679898262023926e-01
-8.633028268814086914e-01 -9.196773767471313477e-01 8.352684974670410156e-01 9.759098291397094727e-01 -1.149156242609024048e-01 9.382275342941284180e-01 -9.431263208389282227e-01 1.503165811300277710e-01 -2.447830438613891602e-01 -9.907831549644470215e-01 5.382540822029113770e-01 2.701431810855865479e-01 5.184815526008605957e-01 9.831294417381286621e-01 8.547698259353637695e-01 9.575679898262023926e-01
-8.633028268814086914e-01 -9.196773767471313477e-01 8.352684974670410156e-01 9.759098291397094727e-01 -1.149157136678695679e-01 9.382275342941284180e-01 -9.431263804435729980e-01 1.503168195486068726e-01 -2.447831630706787109e-01 -9.907831549644470215e-01 5.382540225982666016e-01 2.701431512832641602e-01 5.184816122055053711e-01 9.831294417381286621e-01 8.547697067260742188e-01 9.575679898262023926e-01
-8.633028268814086914e-01 -9.196773767471313477e-01 8.352684974670410156e-01 9.759098291397094727e-01 -1.149157136678695679e-01 9.382275342941284180e-01 -9.431263208389282227e-01 1.503168195486068726e-01 -2.447830438613891602e-01 -9.907831549644470215e-01 5.382540822029113770e-01 2.701431512832641602e-01 5.184816122055053711e-01 9.831294417381286621e-01 8.547698259353637695e-01 9.575679898262023926e-01
-8.633028268814086914e-01 -9.196773767471313477e-01 8.352684974670410156e-01 9.759098291397094727e-01 -1.149157360196113586e-01 9.382275342941284180e-01 -9.431263804435729980e-01 1.503168195486068726e-01 -2.447831630706787109e-01 -9.907831549644470215e-01 5.382539629936218262e-01 2.701431512832641602e-01 5.184816122055053711e-01 9.831294417381286621e-01 8.547697067260742188e-01 9.575679898262023926e-01
-8.633028268814086914e-01 -9.196773767471313477e-01 8.352684974670410156e-01 9.759098291397094727e-01 -1.149157136678695679e-01 9.382275342941284180e-01 -9.431263804435729980e-01 1.503168195486068726e-01 -2.447831630706787109e-01 -9.907831549644470215e-01 5.382539629936218262e-01 2.701431512832641602e-01 5.184816122055053711e-01 9.831294417381286621e-01 8.547697067260742188e-01 9.575679898262023926e-01
-8.633028268814086914e-01 -9.196773767471313477e-01 8.352684974670410156e-01 9.759098291397094727e-01 -1.149157360196113586e-01 9.382275342941284180e-01 -9.431263804435729980e-01 1.503168195486068726e-01 -2.447831630706787109e-01 -9.907831549644470215e-01 5.382539629936218262e-01 2.701431512832641602e-01 5.184816122055053711e-01 9.831294417381286621e-01 8.547697067260742188e-01 9.575679898262023926e-01
-8.633028268814086914e-01 -9.196773767471313477e-01 8.352684974670410156e-01 9.759098291397094727e-01 -1.149157732725143433e-01 9.382275342941284180e-01 -9.431263804435729980e-01 1.503168195486068726e-01 -2.447831630706787109e-01 -9.907831549644470215e-01 5.382539629936218262e-01 2.701431512832641602e-01 5.184816122055053711e-01 9.831294417381286621e-01 8.547697067260742188e-01 9.575679898262023926e-01
-8.633028268814086914e-01 -9.196773767471313477e-01 8.352684974670410156e-01 9.759098291397094727e-01 -1.149157732725143433e-01 9.382275342941284180e-01 -9.431263804435729980e-01 1.503168195486068726e-01 -2.447831630706787109e-01 -9.907831549644470215e-01 5.382539629936218262e-01 2.701431512832641602e-01 5.184816122055053711e-01 9.831294417381286621e-01 8.547697067260742188e-01 9.575679898262023926e-01
-8.633028268814086914e-01 -9.196773767471313477e-01 8.352684974670410156e-01 9.759098291397094727e-01 -1.149157732725143433e-01 9.382275342941284180e-01 -9.431263804435729980e-01 1.503168195486068726e-01 -2.447831630706787109e-01 -9.907831549644470215e-01 5.382539629936218262e-01 2.701431512832641602e-01 5.184816122055053711e-01 9.831294417381286621e-01 8.547697067260742188e-01 9.575679898262023926e-01
-8.633028268814086914e-01 -9.196773767471313477e-01 8.352684974670410156e-01 9.759098291397094727e-01 -1.149157732725143433e-01 9.382275342941284180e-01 -9.431263804435729980e-01 1.503168195486068726e-01 -2.447831630706787109e-01 -9.907831549644470215e-01 5.382539629936218262e-01 2.701431512832641602e-01 5.184816122055053711e-01 9.831294417381286621e-01 8.547697067260742188e-01 9.575679898262023926e-01
-8.633028268814086914e-01 -9.196773767471313477e-01 8.352684974670410156e-01 9.759098291397094727e-01 -1.149157732725143433e-01 9.382275342941284180e-01 -9.431263804435729980e-01 1.503168195486068726e-01 -2.447831630706787109e-01 -9.907831549644470215e-01 5.382539629936218262e-01 2.701431512832641602e-01 5.184816122055053711e-01 9.831294417381286621e-01 8.547697067260742188e-01 9.575679898262023926e-01
-8.633028268814086914e-01 -9.196773767471313477e-01 8.352684974670410156e-01 9.759098291397094727e-01 -1.149157732725143433e-01 9.382275342941284180e-01 -9.431263804435729980e-01 1.503168195486068726e-01 -2.447831630706787109e-01 -9.907831549644470215e-01 5.382539629936218262e-01 2.701431512832641602e-01 5.184816122055053711e-01 9.831294417381286621e-01 8.547697067260742188e-01 9.575679898262023926e-01
-8.633028268814086914e-01 -9.196773767471313477e-01 8.352684974670410156e-01 9.759098291397094727e-01 -1.149157732725143433e-01 9.382275342941284180e-01 -9.431263804435729980e-01 1.503168195486068726e-01 -2.447831630706787109e-01 -9.907831549644470215e-01 5.382539629936218262e-01 2.701431512832641602e-01 5.184816122055053711e-01 9.831294417381286621e-01 8.547697067260742188e-01 9.575679898262023926e-01
-8.633028268814086914e-01 -9.196773767471313477e-01 8.352684974670410156e-01 9.759098291397094727e-01 -1.149157732725143433e-01 9.382275342941284180e-01 -9.431263804435729980e-01 1.503168195486068726e-01 -2.447831630706787109e-01 -9.907831549644470215e-01 5.382539629936218262e-01 2.701431512832641602e-01 5.184816122055053711e-01 9.831294417381286621e-01 8.547697067260742188e-01 9.575679898262023926e-01
-8.633028268814086914e-01 -9.196773767471313477e-01 8.352684974670410156e-01 9.759098291397094727e-01 -1.149157732725143433e-01 9.382275342941284180e-01 -9.431263804435729980e-01 1.503168195486068726e-01 -2.447831630706787109e-01 -9.907831549644470215e-01 5.382539629936218262e-01 2.701431512832641602e-01 5.184816122055053711e-01 9.831294417381286621e-01 8.547697067260742188e-01 9.575679898262023926e-01
-8.633028268814086914e-01 -9.196773767471313477e-01 8.352684974670410156e-01 9.759098291397094727e-01 -1.149157732725143433e-01 9.382275342941284180e-01 -9.431263804435729980e-01 1.503168195486068726e-01 -2.447831630706787109e-01 -9.907831549644470215e-01 5.382539629936218262e-01 2.701431512832641602e-01 5.184816122055053711e-01 9.831294417381286621e-01 8.547697067260742188e-01 9.575679898262023926e-01
-8.633028268814086914e-01 -9.196773767471313477e-01 8.352684974670410156e-01 9.759098291397094727e-01 -1.149157732725143433e-01 9.382275342941284180e-01 -9.431263804435729980e-01 1.503168195486068726e-01 -2.447831630706787109e-01 -9.907831549644470215e-01 5.382539629936218262e-01 2.701431512832641602e-01 5.184816122055053711e-01 9.831294417381286621e-01 8.547697067260742188e-01 9.575679898262023926e-01
-8.633028268814086914e-01 -9.196773767471313477e-01 8.352684974670410156e-01 9.759098291397094727e-01 -1.149157732725143433e-01 9.382275342941284180e-01 -9.431263804435729980e-01 1.503168195486068726e-01 -2.447831630706787109e-01 -9.907831549644470215e-01 5.382539629936218262e-01 2.701431512832641602e-01 5.184816122055053711e-01 9.831294417381286621e-01 8.547697067260742188e-01 9.575679898262023926e-01
-8.633028268814086914e-01 -9.196773171424865723e-01 8.352684974670410156e-01 9.759098291397094727e-01 -1.149156242609024048e-01 9.382275342941284180e-01 -9.431263208389282227e-01 1.503167599439620972e-01 -2.447832077741622925e-01 -9.907831549644470215e-01 5.382540822029113770e-01 2.701431512832641602e-01 5.184815526008605957e-01 9.831294417381286621e-01 8.547697067260742188e-01 9.575679898262023926e-01
-8.633028268814086914e-01 -9.196773171424865723e-01 8.352684974670410156e-01 9.759098291397094727e-01 -1.149156242609024048e-01 9.382275342941284180e-01 -9.431263208389282227e-01 1.503167599439620972e-01 -2.447832077741622925e-01 -9.907831549644470215e-01 5.382540822029113770e-01 2.701431512832641602e-01 5.184815526008605957e-01 9.831294417381286621e-01 8.547697067260742188e-01 9.575679898262023926e-01
-8.633028268814086914e-01 -9.196773767471313477e-01 8.352684974670410156e-01 9.759098291397094727e-01 -1.149157732725143433e-01 9.382275342941284180e-01 -9.431263804435729980e-01 1.503168195486068726e-01 -2.447831630706787109e-01 -9.907831549644470215e-01 5.382539629936218262e-01 2.701431512832641602e-01 5.184816122055053711e-01 9.831294417381286621e-01 8.547697067260742188e-01 9.575679898262023926e-01
-8.633028268814086914e-01 -9.196773767471313477e-01 8.352684974670410156e-01 9.759098291397094727e-01 -1.149157732725143433e-01 9.382275342941284180e-01 -9.431263804435729980e-01 1.503168195486068726e-01 -2.447831630706787109e-01 -9.907831549644470215e-01 5.382539629936218262e-01 2.701431512832641602e-01 5.184816122055053711e-01 9.831294417381286621e-01 8.547697067260742188e-01 9.575679898262023926e-01
-8.633028268814086914e-01 -9.196773767471313477e-01 8.352684974670410156e-01 9.759098291397094727e-01 -1.149157732725143433e-01 9.382275342941284180e-01 -9.431263804435729980e-01 1.503168195486068726e-01 -2.447831630706787109e-01 -9.907831549644470215e-01 5.382539629936218262e-01 2.701431512832641602e-01 5.184816122055053711e-01 9.831294417381286621e-01 8.547697067260742188e-01 9.575679898262023926e-01
-8.633028268814086914e-01 -9.196773767471313477e-01 8.352684974670410156e-01 9.759098291397094727e-01 -1.149157732725143433e-01 9.382275342941284180e-01 -9.431263804435729980e-01 1.503168195486068726e-01 -2.447831630706787109e-01 -9.907831549644470215e-01 5.382539629936218262e-01 2.701431512832641602e-01 5.184816122055053711e-01 9.831294417381286621e-01 8.547697067260742188e-01 9.575679898262023926e-01
-8.633028268814086914e-01 -9.196773767471313477e-01 8.352684974670410156e-01 9.759098291397094727e-01 -1.149157732725143433e-01 9.382275342941284180e-01 -9.431263804435729980e-01 1.503168195486068726e-01 -2.447831630706787109e-01 -9.907831549644470215e-01 5.382539629936218262e-01 2.701431512832641602e-01 5.184816122055053711e-01 9.831294417381286621e-01 8.547697067260742188e-01 9.575679898262023926e-01
-8.633028268814086914e-01 -9.196773767471313477e-01 8.352684974670410156e-01 9.759098291397094727e-01 -1.149157732725143433e-01 9.382275342941284180e-01 -9.431263804435729980e-01 1.503168195486068726e-01 -2.447831630706787109e-01 -9.907831549644470215e-01 5.382539629936218262e-01 2.701431512832641602e-01 5.184816122055053711e-01 9.831294417381286621e-01 8.547697067260742188e-01 9.575679898262023926e-01
-8.633028268814086914e-01 -9.196773767471313477e-01 8.352684974670410156e-01 9.759098291397094727e-01 -1.149157732725143433e-01 9.382275342941284180e-01 -9.431263804435729980e-01 1.503168195486068726e-01 -2.447831630706787109e-01 -9.907831549644470215e-01 5.382539629936218262e-01 2.701431512832641602e-01 5.184816122055053711e-01 9.831294417381286621e-01 8.547697067260742188e-01 9.575679898262023926e-01
-8.633028268814086914e-01 -9.196773767471313477e-01 8.352684974670410156e-01 9.759098291397094727e-01 -1.149157732725143433e-01 9.382275342941284180e-01 -9.431263804435729980e-01 1.503168195486068726e-01 -2.447831630706787109e-01 -9.907831549644470215e-01 5.382539629936218262e-01 2.701431512832641602e-01 5.184816122055053711e-01 9.831294417381286621e-01 8.547697067260742188e-01 9.575679898262023926e-01
-8.633028268814086914e-01 -9.196773767471313477e-01 8.352684974670410156e-01 9.759098291397094727e-01 -1.149157732725143433e-01 9.382275342941284180e-01 -9.431263804435729980e-01 1.503168195486068726e-01 -2.447831630706787109e-01 -9.907831549644470215e-01 5.382539629936218262e-01 2.701431512832641602e-01 5.184816122055053711e-01 9.831294417381286621e-01 8.547697067260742188e-01 9.575679898262023926e-01
-8.633028268814086914e-01 -9.196773767471313477e-01 8.352684974670410156e-01 9.759098291397094727e-01 -1.149157732725143433e-01 9.382275342941284180e-01 -9.431263804435729980e-01 1.503168195486068726e-01 -2.447831630706787109e-01 -9.907831549644470215e-01 5.382539629936218262e-01 2.701431512832641602e-01 5.184816122055053711e-01 9.831294417381286621e-01 8.547697067260742188e-01 9.575679898262023926e-01
-8.633028268814086914e-01 -9.196773767471313477e-01 8.352684974670410156e-01 9.759098291397094727e-01 -1.149157732725143433e-01 9.382275342941284180e-01 -9.431263804435729980e-01 1.503168195486068726e-01 -2.447831630706787109e-01 -9.907831549644470215e-01 5.382539629936218262e-01 2.701431512832641602e-01 5.184816122055053711e-01 9.831294417381286621e-01 8.547697067260742188e-01 9.575679898262023926e-01
-8.633028268814086914e-01 -9.196773767471313477e-01 8.352684974670410156e-01 9.759098291397094727e-01 -1.149157732725143433e-01 9.382275342941284180e-01 -9.431263804435729980e-01 1.503168195486068726e-01 -2.447831630706787109e-01 -9.907831549644470215e-01 5.382539629936218262e-01 2.701431512832641602e-01 5.184816122055053711e-01 9.831294417381286621e-01 8.547697067260742188e-01 9.575679898262023926e-01
-8.633028268814086914e-01 -9.196773767471313477e-01 8.352684974670410156e-01 9.759098291397094727e-01 -1.149157732725143433e-01 9.382275342941284180e-01 -9.431263804435729980e-01 1.503168195486068726e-01 -2.447831630706787109e-01 -9.907831549644470215e-01 5.382539629936218262e-01 2.701431512832641602e-01 5.184816122055053711e-01 9.831294417381286621e-01 8.547697067260742188e-01 9.575679898262023926e-01
-8.633028268814086914e-01 -9.196773767471313477e-01 8.352684974670410156e-01 9.759098291397094727e-01 -1.149157732725143433e-01 9.382275342941284180e-01 -9.431263804435729980e-01 1.503168195486068726e-01 -2.447831630706787109e-01 -9.907831549644470215e-01 5.382539629936218262e-01 2.701431512832641602e-01 5.184816122055053711e-01 9.831294417381286621e-01 8.547697067260742188e-01 9.575679898262023926e-01
-8.633028268814086914e-01 -9.196773767471313477e-01 8.352684974670410156e-01 9.759098291397094727e-01 -1.149157732725143433e-01 9.382275342941284180e-01 -9.431263804435729980e-01 1.503168195486068726e-01 -2.447831630706787109e-01 -9.907831549644470215e-01 5.382539629936218262e-01 2.701431512832641602e-01 5.184816122055053711e-01 9.831294417381286621e-01 8.547697067260742188e-01 9.575679898262023926e-01
-8.633028268814086914e-01 -9.196773767471313477e-01 8.352684974670410156e-01 9.759098291397094727e-01 -1.149157732725143433e-01 9.382275342941284180e-01 -9.431263804435729980e-01 1.503168195486068726e-01 -2.447831630706787109e-01 -9.907831549644470215e-01 5.382539629936218262e-01 2.701431512832641602e-01 5.184816122055053711e-01 9.831294417381286621e-01 8.547697067260742188e-01 9.575679898262023926e-01
-8.633028268814086914e-01 -9.196773767471313477e-01 8.352684974670410156e-01 9.759098291397094727e-01 -1.149157732725143433e-01 9.382275342941284180e-01 -9.431263804435729980e-01 1.503168195486068726e-01 -2.447831630706787109e-01 -9.907831549644470215e-01 5.382539629936218262e-01 2.701431512832641602e-01 5.184816122055053711e-01 9.831294417381286621e-01 8.547697067260742188e-01 9.575679898262023926e-01
-8.633028268814086914e-01 -9.196773767471313477e-01 8.352684974670410156e-01 9.759098291397094727e-01 -1.149157732725143433e-01 9.382275342941284180e-01 -9.431263804435729980e-01 1.503168195486068726e-01 -2.447831630706787109e-01 -9.907831549644470215e-01 5.382539629936218262e-01 2.701431512832641602e-01 5.184816122055053711e-01 9.831294417381286621e-01 8.547697067260742188e-01 9.575679898262023926e-01
-8.633028268814086914e-01 -9.196773767471313477e-01 8.352684974670410156e-01 9.759098291397094727e-01 -1.149157732725143433e-01 9.382275342941284180e-01 -9.431263804435729980e-01 1.503168195486068726e-01 -2.447831630706787109e-01 -9.907831549644470215e-01 5.382539629936218262e-01 2.701431512832641602e-01 5.184816122055053711e-01 9.831294417381286621e-01 8.547697067260742188e-01 9.575679898262023926e-01
-8.633028268814086914e-01 -9.196773767471313477e-01 8.352684974670410156e-01 9.759098291397094727e-01 -1.149157732725143433e-01 9.382275342941284180e-01 -9.431263804435729980e-01 1.503168195486068726e-01 -2.447831630706787109e-01 -9.907831549644470215e-01 5.382539629936218262e-01 2.701431512832641602e-01 5.184816122055053711e-01 9.831294417381286621e-01 8.547697067260742188e-01 9.575679898262023926e-01
-8.633028268814086914e-01 -9.196773767471313477e-01 8.352684974670410156e-01 9.759098291397094727e-01 -1.149157732725143433e-01 9.382275342941284180e-01 -9.431263804435729980e-01 1.503168195486068726e-01 -2.447831630706787109e-01 -9.907831549644470215e-01 5.382539629936218262e-01 2.701431512832641602e-01 5.184816122055053711e-01 9.831294417381286621e-01 8.547697067260742188e-01 9.575679898262023926e-01
-8.633028268814086914e-01 -9.196773767471313477e-01 8.352684974670410156e-01 9.759098291397094727e-01 -1.149157732725143433e-01 9.382275342941284180e-01 -9.431263804435729980e-01 1.503168195486068726e-01 -2.447831630706787109e-01 -9.907831549644470215e-01 5.382539629936218262e-01 2.701431512832641602e-01 5.184816122055053711e-01 9.831294417381286621e-01 8.547697067260742188e-01 9.575679898262023926e-01
-8.633028268814086914e-01 -9.196773767471313477e-01 8.352684974670410156e-01 9.759098291397094727e-01 -1.149157732725143433e-01 9.382275342941284180e-01 -9.431263804435729980e-01 1.503168195486068726e-01 -2.447831630706787109e-01 -9.907831549644470215e-01 5.382539629936218262e-01 2.701431512832641602e-01 5.184816122055053711e-01 9.831294417381286621e-01 8.547697067260742188e-01 9.575679898262023926e-01
-8.633028268814086914e-01 -9.196773767471313477e-01 8.352684974670410156e-01 9.759098291397094727e-01 -1.149157732725143433e-01 9.382275342941284180e-01 -9.431263804435729980e-01 1.503168195486068726e-01 -2.447831630706787109e-01 -9.907831549644470215e-01 5.382539629936218262e-01 2.701431512832641602e-01 5.184816122055053711e-01 9.831294417381286621e-01 8.547697067260742188e-01 9.575679898262023926e-01
-8.633028268814086914e-01 -9.196773767471313477e-01 8.352684974670410156e-01 9.759098291397094727e-01 -1.149157732725143433e-01 9.382275342941284180e-01 -9.431263804435729980e-01 1.503168195486068726e-01 -2.447831630706787109e-01 -9.907831549644470215e-01 5.382539629936218262e-01 2.701431512832641602e-01 5.184816122055053711e-01 9.831294417381286621e-01 8.547697067260742188e-01 9.575679898262023926e-01
-8.633028268814086914e-01 -9.196773767471313477e-01 8.352684974670410156e-01 9.759098291397094727e-01 -1.149157732725143433e-01 9.382275342941284180e-01 -9.431263804435729980e-01 1.503168195486068726e-01 -2.447831630706787109e-01 -9.907831549644470215e-01 5.382539629936218262e-01 2.701431512832641602e-01 5.184816122055053711e-01 9.831294417381286621e-01 8.547697067260742188e-01 9.575679898262023926e-01
-8.633028268814086914e-01 -9.196773767471313477e-01 8.352684974670410156e-01 9.759098291397094727e-01 -1.149157732725143433e-01 9.382275342941284180e-01 -9.431263804435729980e-01 1.503168195486068726e-01 -2.447831630706787109e-01 -9.907831549644470215e-01 5.382539629936218262e-01 2.701431512832641602e-01 5.184816122055053711e-01 9.831294417381286621e-01 8.547697067260742188e-01 9.575679898262023926e-01
-8.633028268814086914e-01 -9.196773767471313477e-01 8.352684974670410156e-01 9.759098291397094727e-01 -1.149157732725143433e-01 9.382275342941284180e-01 -9.431263804435729980e-01 1.503168195486068726e-01 -2.447831630706787109e-01 -9.907831549644470215e-01 5.382539629936218262e-01 2.701431512832641602e-01 5.184816122055053711e-01 9.831294417381286621e-01 8.547697067260742188e-01 9.575679898262023926e-01
-8.633028268814086914e-01 -9.196773767471313477e-01 8.352684974670410156e-01 9.759098291397094727e-01 -1.149157732725143433e-01 9.382275342941284180e-01 -9.431263804435729980e-01 1.503168195486068726e-01 -2.447831630706787109e-01 -9.907831549644470215e-01 5.382539629936218262e-01 2.701431512832641602e-01 5.184816122055053711e-01 9.831294417381286621e-01 8.547697067260742188e-01 9.575679898262023926e-01
-8.633028268814086914e-01 -9.196773767471313477e-01 8.352684974670410156e-01 9.759098291397094727e-01 -1.149157732725143433e-01 9.382275342941284180e-01 -9.431263804435729980e-01 1.503168195486068726e-01 -2.447831630706787109e-01 -9.907831549644470215e-01 5.382539629936218262e-01 2.701431512832641602e-01 5.184816122055053711e-01 9.831294417381286621e-01 8.547697067260742188e-01 9.575679898262023926e-01
-8.633028268814086914e-01 -9.196773171424865723e-01 8.352684974670410156e-01 9.759098291397094727e-01 -1.149156242609024048e-01 9.382275342941284180e-01 -9.431263208389282227e-01 1.503167599439620972e-01 -2.447832077741622925e-01 -9.907831549644470215e-01 5.382540822029113770e-01 2.701431512832641602e-01 5.184815526008605957e-01 9.831294417381286621e-01 8.547697067260742188e-01 9.575679898262023926e-01
-8.633028268814086914e-01 -9.196773171424865723e-01 8.352684974670410156e-01 9.759098291397094727e-01 -1.149156242609024048e-01 9.382275342941284180e-01 -9.431263208389282227e-01 1.503167599439620972e-01 -2.447832077741622925e-01 -9.907831549644470215e-01 5.382540822029113770e-01 2.701431512832641602e-01 5.184815526008605957e-01 9.831294417381286621e-01 8.547697067260742188e-01 9.575679898262023926e-01
-8.633028268814086914e-01 -9.196773767471313477e-01 8.352684974670410156e-01 9.759098291397094727e-01 -1.149157732725143433e-01 9.382275342941284180e-01 -9.431263804435729980e-01 1.503168195486068726e-01 -2.447831630706787109e-01 -9.907831549644470215e-01 5.382539629936218262e-01 2.701431512832641602e-01 5.184816122055053711e-01 9.831294417381286621e-01 8.547697067260742188e-01 9.575679898262023926e-01
-8.633028268814086914e-01 -9.196773767471313477e-01 8.352684974670410156e-01 9.759098291397094727e-01 -1.149157732725143433e-01 9.382275342941284180e-01 -9.431263804435729980e-01 1.503168195486068726e-01 -2.447831630706787109e-01 -9.907831549644470215e-01 5.382539629936218262e-01 2.701431512832641602e-01 5.184816122055053711e-01 9.831294417381286621e-01 8.547697067260742188e-01 9.575679898262023926e-01
-8.633028268814086914e-01 -9.196773767471313477e-01 8.352684974670410156e-01 9.759098291397094727e-01 -1.149157732725143433e-01 9.382275342941284180e-01 -9.431263804435729980e-01 1.503168195486068726e-01 -2.447831630706787109e-01 -9.907831549644470215e-01 5.382539629936218262e-01 2.701431512832641602e-01 5.184816122055053711e-01 9.831294417381286621e-01 8.547697067260742188e-01 9.575679898262023926e-01
-8.633028268814086914e-01 -9.196773767471313477e-01 8.352684974670410156e-01 9.759098291397094727e-01 -1.149157732725143433e-01 9.382275342941284180e-01 -9.431263804435729980e-01 1.503168195486068726e-01 -2.447831630706787109e-01 -9.907831549644470215e-01 5.382539629936218262e-01 2.701431512832641602e-01 5.184816122055053711e-01 9.831294417381286621e-01 8.547697067260742188e-01 9.575679898262023926e-01
