-0.087722 -0.287897 0.531367 -0.672555 -0.406905 -0.209379 -0.314824 0.458654 -0.608668 0.558227 -0.327530 0.164810 0.017295 -0.452612 0.130964 0.538480
-0.847433 -0.987484 -0.960534 -0.966425 -1.000000 -0.962621 -0.999926 -1.000000 -0.970989 0.306406 -1.000000 1.000000 -0.999390 1.000000 -0.611045 -0.999132
-0.631020 -0.998478 -0.783853 -0.969993 -1.000000 -0.961128 -0.999757 -1.000000 -0.115721 -0.831465 -1.000000 1.000000 -0.999885 1.000000 -0.983367 -0.998384
-0.532819 -0.997672 -0.964719 -0.964691 -1.000000 -0.922761 -0.999499 -1.000000 -0.082986 -0.951375 -1.000000 1.000000 -0.999947 1.000000 -0.972623 -0.997753
-0.527461 -0.997710 -0.965120 -0.962519 -1.000000 -0.903676 -0.999382 -1.000000 -0.074935 -0.958132 -1.000000 1.000000 -0.999952 1.000000 -0.974640 -0.997447
-0.531269 -0.997699 -0.965870 -0.962115 -1.000000 -0.903468 -0.999373 -1.000000 -0.080236 -0.958877 -1.000000 1.000000 -0.999951 1.000000 -0.974405 -0.997415
-0.531673 -0.997698 -0.965794 -0.961999 -1.000000 -0.903782 -0.999376 -1.000000 -0.078889 -0.958821 -1.000000 1.000000 -0.999951 1.000000 -0.974613 -0.997425
-0.531704 -0.997698 -0.965841 -0.962015 -1.000000 -0.903762 -0.999376 -1.000000 -0.078613 -0.958793 -1.000000 1.000000 -0.999951 1.000000 -0.974593 -0.997425
-0.531739 -0.997698 -0.965850 -0.962020 -1.000000 -0.903749 -0.999376 -1.000000 -0.078583 -0.958789 -1.000000 1.000000 -0.999951 1.000000 -0.974588 -0.997425
-0.531752 -0.997699 -0.965851 -0.962020 -1.000000 -0.903749 -0.999376 -1.000000 -0.078570 -0.958788 -1.000000 1.000000 -0.999951 1.000000 -0.974588 -0.997425
-0.531756 -0.997699 -0.965852 -0.962020 -1.000000 -0.903749 -0.999376 -1.000000 -0.078563 -0.958787 -1.000000 1.000000 -0.999951 1.000000 -0.974588 -0.997425
-0.531757 -0.997699 -0.965852 -0.962021 -1.000000 -0.903749 -0.999376 -1.000000 -0.078561 -0.958787 -1.000000 1.000000 -0.999951 1.000000 -0.974588 -0.997425
-0.531758 -0.997699 -0.965852 -0.962021 -1.000000 -0.903749 -0.999376 -1.000000 -0.078561 -0.958787 -1.000000 1.000000 -0.999951 1.000000 -0.974588 -0.997425
-0.531758 -0.997699 -0.965852 -0.962021 -1.000000 -0.903749 -0.999376 -1.000000 -0.078561 -0.958787 -1.000000 1.000000 -0.999951 1.000000 -0.974588 -0.997425
-0.531758 -0.997699 -0.965852 -0.962021 -1.000000 -0.903749 -0.999376 -1.000000 -0.078561 -0.958787 -1.000000 1.000000 -0.999951 1.000000 -0.974588 -0.997425
-0.531758 -0.997699 -0.965852 -0.962021 -1.000000 -0.903749 -0.999376 -1.000000 -0.078561 -0.958787 -1.000000 1.000000 -0.999951 1.000000 -0.974588 -0.997425
-0.531758 -0.997699 -0.965852 -0.962021 -1.000000 -0.903749 -0.999376 -1.000000 -0.078560 -0.958787 -1.000000 1.000000 -0.999951 1.000000 -0.974588 -0.997425
-0.531758 -0.997699 -0.965852 -0.962021 -1.000000 -0.903749 -0.999376 -1.000000 -0.078560 -0.958787 -1.000000 1.000000 -0.999951 1.000000 -0.974588 -0.997425
-0.531758 -0.997699 -0.965852 -0.962021 -1.000000 -0.903749 -0.999376 -1.000000 -0.078560 -0.958787 -1.000000 1.000000 -0.999951 1.000000 -0.974588 -0.997425
-0.531758 -0.997699 -0.965852 -0.962021 -1.000000 -0.903749 -0.999376 -1.000000 -0.078561 -0.958787 -1.000000 1.000000 -0.999951 1.000000 -0.974588 -0.997425
-0.531758 -0.997699 -0.965852 -0.962021 -1.000000 -0.903749 -0.999376 -1.000000 -0.078561 -0.958787 -1.000000 1.000000 -0.999951 1.000000 -0.974588 -0.997425
-0.531758 -0.997699 -0.965852 -0.962021 -1.000000 -0.903749 -0.999376 -1.000000 -0.078561 -0.958787 -1.000000 1.000000 -0.999951 1.000000 -0.974588 -0.997425
-0.531758 -0.997699 -0.965852 -0.962021 -1.000000 -0.903749 -0.999376 -1.000000 -0.078561 -0.958787 -1.000000 1.000000 -0.999951 1.000000 -0.974588 -0.997425
-0.531758 -0.997699 -0.965852 -0.962021 -1.000000 -0.903749 -0.999376 -1.000000 -0.078561 -0.958787 -1.000000 1.000000 -0.999951 1.000000 -0.974588 -0.997425
