628	634	427	931	1119	2077	2622	137
1485	581	744	2753	1751	3531	3625	115
1500	1340	397	3582	3000	2976	3397	0
2010	1355	335	3835	3770	3633	4119	292
2704	890	1227	3689	3637	4516	3751	0
2196	1940	1565	4338	2854	5444	2891	39
2671	1515	2147	4849	3406	4957	2197	370
2313	1511	1611	5130	3582	5169	1808	215
2052	2308	1222	4244	3796	5069	2675	120
2131	2331	991	4757	4112	4575	3658	73
3252	2904	1265	4529	3684	4895	3521	453
3170	2032	1929	4316	3210	4303	4638	572
3491	2863	1607	5921	2940	3667	3680	575
3028	1934	1754	6697	2363	4327	3905	324
3568	3184	1258	5561	2054	4187	3058	409
3720	3038	1624	4534	2315	3883	3090	371
3508	2644	1515	3342	2826	3583	3942	487
3107	1969	1608	3850	3150	4148	3630	472
2616	1270	1564	4431	2090	4841	3522	649
4074	1595	489	5558	1850	5352	3610	616
2621	1576	353	5381	1953	4285	3508	712
2413	2501	424	3843	1933	3606	5028	916
2732	1756	713	3589	1194	3367	4107	977
1366	1044	676	3072	1444	3337	4060	901
1218	559	572	1910	1977	3463	3897	661
2017	828	800	2822	2128	3947	3356	0
1993	1418	661	3277	4236	4591	3949	46
2834	1446	995	3817	4048	4816	3299	181
3526	1388	919	5767	3489	5663	2653	276
2941	2161	1586	6298	2973	5174	2190	631
3175	2758	2092	3886	3269	5395	3457	456
2561	2470	1928	3903	3580	6343	2836	278
3256	2247	1409	3892	3196	7253	1926	262
3429	2173	1340	3450	3700	6840	2831	546
3072	2419	1276	4546	3448	6393	4060	515
2928	2107	1385	4816	3057	5888	3272	482
3388	2542	1267	5648	2629	4487	2543	237
3534	1882	1101	5064	3942	4531	3057	214
4282	2316	1182	3658	4169	4342	2393	268
3769	2281	1459	4517	3851	4098	3020	745
3233	3386	1976	4384	3015	3049	3258	1095
4401	3492	1691	4357	4601	3955	3442	774
5084	1909	854	3616	2743	4176	4591	331
5004	2215	642	4807	2261	3249	3905	510
4966	2223	359	3242	1717	3543	4007	1120
4427	2350	349	3004	1250	2924	3210	981
4058	2371	388	3134	1936	3490	4267	1367
2429	937	210	2393	1877	3034	4434	754
1100	607	393	1999	1758	2183	3216	319
1322	1045	634	2570	3155	2603	3460	305
1907	1437	382	2433	3435	3851	1729	156
2431	990	1271	3576	3439	3243	2707	196
2195	1544	1886	4380	2858	4050	1314	296
1887	1964	1599	5456	3807	3804	1263	238
2203	1844	1432	4968	3503	3175	1534	230
2481	1632	1352	5786	2893	3622	2153	110
3356	1826	1240	5155	3045	3943	2925	377
3389	2564	1150	5575	3537	3516	2347	502
3000	2544	1798	5560	4449	3783	2339	417
3912	2264	1629	5220	3903	3497	2981	195
3550	1602	2062	5438	3127	2911	3320	313
4354	1856	1359	4167	3668	3711	2832	519
4096	1421	1251	4417	3650	4116	3309	345
3016	1453	986	2862	3258	4836	2287	909
3353	1386	636	2753	3026	5187	2826	1172
4058	1620	842	2776	2260	6143	3176	326
3668	1513	1174	2625	1885	4350	3465	556
3691	1734	1065	3053	1842	4168	3411	464
3936	862	185	3454	1604	4937	3649	947
3516	892	87	2782	1535	2450	3036	468
3489	1323	466	2677	1684	2474	3510	537
2541	771	168	1061	1278	2830	4603	574
1092	793	1012	2119	2198	2000	3538	442
1152	1139	1220	3272	3368	2210	4244	339
1492	1032	1254	4088	3325	3171	4112	390
2502	1581	1795	4665	4124	4381	4063	902
3187	1924	1740	3897	3628	5135	4552	489
4230	2024	2058	5112	4588	5333	2594	891
3432	2174	1745	4543	4290	5443	2161	629
4320	3160	1958	4468	4061	5582	2912	556
3414	2875	1316	4495	3650	6067	4466	657
4652	2833	1154	4733	3580	5209	4026	382
5092	2144	1509	5779	3110	5781	3618	316
4680	3230	1424	5804	3208	5270	4117	715
4802	3249	1495	5767	4502	6059	4690	300
4250	3356	1052	4933	5284	5306	3401	247
4632	2331	946	6132	4323	4444	3928	711
3974	2103	1941	5182	4206	4720	3911	532
4431	2270	1907	4351	5579	3852	3157	605
4121	2546	1405	4140	4692	4715	3927	311
4056	2299	1750	4362	4086	5257	3875	400
4854	2458	1410	5029	3530	5884	4412	709
4081	2327	1259	3309	2728	5174	3617	1344
4509	2967	1146	3227	1919	4613	4750	1005
3824	2883	1195	3594	1963	4053	5628	1152
3482	1806	749	2725	1292	2588	6310	842
967	532	126	1384	1267	1380	2346	104
934	772	326	2696	2007	1747	1639	238
1372	665	413	2381	1855	1729	1257	94
591	990	499	2665	2663	2453	1868	115
655	1532	513	2315	2859	2436	1170	0
782	1512	307	2437	2886	2564	1164	131
1559	1581	195	2275	2450	2248	1467	37
1635	1163	202	1890	2418	2407	512	283
2043	1995	519	2671	2012	2264	861	0
2185	1686	608	2043	1721	2456	1334	283
1459	1123	842	1722	1842	2946	1840	66
1657	824	498	1863	919	3557	2335	144
2053	1166	200	1778	1488	2592	2239	133
1666	826	298	1575	2207	3230	1811	0
1436	713	416	1606	2348	2471	1916	0
1306	878	425	1870	2108	3087	2667	218
1479	365	331	1571	1513	2150	2721	141
1025	415	391	986	1452	1752	2043	0
987	385	80	901	1097	2052	2225	71
480	102	0	422	496	1247	2843	0
178	0	33	150	391	550	1494	0
84	102	33	180	927	821	1758	0
86	102	33	419	1420	944	872	0
230	42	33	541	1407	810	692	0
1927	2301	1734	2901	2160	2818	3297	627
2785	2302	2059	3949	3920	3252	2540	226
2552	2517	868	4424	4283	3651	1776	96
2689	2792	884	5726	4348	4191	2111	182
2601	2585	1040	5841	3830	5131	2151	303
2979	2186	1499	5517	3680	5847	2265	330
4007	3418	1757	4928	3679	6523	1132	417
3129	2976	1369	4757	3881	6698	2041	250
3149	2660	1064	5383	5777	6775	1774	524
2927	2410	1821	5207	5518	6652	2164	518
4013	1704	1305	5685	4840	6370	2397	92
4770	3002	1332	6436	3311	5327	3132	274
3686	2448	1646	5367	2873	6148	4824	216
4959	2148	1745	4324	2889	5855	4548	120
4761	3021	1560	4892	3004	6051	4023	513
3986	3032	1403	4343	3740	6334	4189	821
3739	3309	1130	4068	3123	4972	3723	1394
4653	3208	1127	5234	3307	5163	4227	741
4919	2712	1112	6435	2272	5544	4345	354
3644	2149	980	6287	2513	3508	3162	256
4646	1920	1122	5412	3043	3999	3135	490
2522	2261	887	4412	3914	4712	2777	811
2611	1728	490	3083	3338	5034	3891	1132
2932	1634	63	1620	2312	3732	4774	65
1965	887	620	2490	2552	2833	3281	211
1719	1000	653	3053	2919	3686	2078	142
2215	1138	960	3403	3259	4012	2612	116
2137	1290	874	3646	3986	4269	2410	218
3446	1283	1069	3399	4057	4470	3129	184
2464	1641	917	3565	3718	4590	2135	178
2413	1772	1180	4363	3714	4225	2755	176
4015	1265	887	3683	3881	4274	2572	193
4721	2055	1767	3735	3259	4759	2727	499
4181	2801	1313	3293	3138	4341	2951	341
4166	2624	1504	2895	3312	4291	3112	203
4328	2538	1681	3486	3074	3855	3354	528
4150	2650	1299	3909	3691	3398	3033	470
3762	2653	1302	4234	3188	3946	2716	317
3313	2191	1178	3825	3152	4695	2723	118
3733	1829	1206	3845	3305	3418	3107	495
2899	2508	920	3197	3061	4045	2703	616
3438	2172	1609	4233	3289	4201	2050	634
3779	2308	1773	3591	3178	4106	2321	417
3817	2230	1163	3208	2891	4428	2760	475
3392	2219	651	3615	2452	3989	3467	234
2489	2274	447	3315	2226	3669	3098	1075
2330	1835	389	2838	1958	3460	3422	1275
2338	1199	462	1389	1344	3216	4138	766
