762	127	189	789	1420	1390	3134	51
1729	605	594	1193	1916	2212	4467	342
1504	1009	1137	1695	2178	2218	3139	426
2371	784	851	2451	2710	2464	2898	258
2860	874	1159	2296	2483	2802	2353	135
2512	1003	1187	2425	3350	3927	2257	66
1924	888	692	2994	3489	3744	2352	117
2191	777	1014	2329	3515	3681	2161	135
2815	1183	926	2315	3796	3283	2470	176
3083	1014	386	2525	2996	4669	3405	266
2329	850	1066	3239	2763	3059	2360	364
1882	790	605	4434	3084	3187	2643	234
2014	1790	277	4835	2265	2775	1527	270
2674	1542	1321	4157	2651	2882	2216	769
3350	1112	742	2230	3179	2645	3116	606
2848	900	897	2403	2740	2409	3020	385
2815	1330	694	3314	3216	2066	2415	187
2765	1608	599	2973	2000	1868	2548	564
3201	864	592	3555	2592	2898	2618	292
3014	1256	508	2890	2133	3118	2673	222
2460	885	139	3416	2329	3024	2269	637
2686	1074	246	1808	1739	1391	2389	995
2683	634	288	1271	1081	2110	2772	855
2166	166	246	889	833	1258	3009	650
823	25	147	1023	1801	2187	2148	41
1046	408	226	1639	1481	3166	2414	41
1173	592	715	1471	2265	2498	2376	154
1654	700	625	2048	2763	2259	2545	629
1454	473	610	2303	2543	2418	1733	291
1595	225	485	2362	3205	2667	1139	339
1203	167	361	2678	3002	2843	1358	131
1378	460	649	2645	2870	2681	2027	39
2123	700	1027	2563	2872	3181	1871	267
2367	776	1296	1626	2710	3073	1964	267
2628	1290	1304	1830	2487	3012	1640	153
2586	1064	1430	2872	3095	2564	2072	77
2222	1102	876	2660	2105	2659	2323	95
2244	1720	831	2657	1717	2464	2065	153
1714	1973	678	2306	1622	2333	1719	91
1652	1637	363	1977	1937	2550	2362	273
1451	826	355	2795	2679	2329	2276	128
1421	806	249	2479	2759	1691	1938	56
1188	776	130	2276	2485	2896	1641	262
1341	832	520	2239	1084	2881	1544	557
1020	884	392	1645	1134	2870	1832	485
2105	904	583	1113	502	1946	1927	547
1912	494	129	946	918	1336	3153	399
748	252	0	784	661	1037	2693	0
463	1011	83	1855	1019	1181	1647	107
1122	1249	145	1077	1631	1189	1364	207
1580	925	434	1652	2335	1044	2551	229
1714	368	425	2677	2876	1554	2569	90
983	677	1148	2588	2785	2087	1746	156
1454	923	1069	3776	2346	2638	902	124
1535	999	1005	3309	2575	2245	1459	19
1206	955	342	3517	3144	2700	1794	107
1522	1241	531	3046	2954	3077	1787	43
1291	783	590	2932	4562	3224	1382	150
1824	703	782	2648	4200	3224	1245	270
3040	1107	738	3327	3035	3605	1524	111
2637	909	653	3809	3278	2561	1207	449
1879	1776	955	3322	3235	1961	1447	261
1394	1735	550	3039	2826	2821	1758	549
1702	1047	957	3280	3026	3089	2223	511
1869	1908	446	2127	3278	2140	2044	924
1747	1265	649	3213	3609	2927	1721	745
2188	1241	604	2540	2135	2673	1998	104
3380	1698	552	2106	1682	2079	2225	294
2523	1833	508	2630	1615	2526	1951	210
2600	1820	847	1736	1356	1733	2413	477
3137	1589	357	1771	1536	1774	2721	1182
2041	819	210	1835	1317	1923	3827	298
965	802	240	1431	2844	3506	2929	312
1317	652	464	2707	2959	3022	2758	267
962	1041	392	4082	3791	3146	3091	529
2190	1512	644	3743	3359	1730	3819	215
2012	1522	560	3833	3992	2857	3019	45
2107	1295	904	3204	3200	4338	3435	478
2013	1369	1499	3735	2499	4053	3674	339
2348	1465	1246	3358	3165	4055	3866	339
2716	1926	1941	2625	5142	4085	3278	238
1730	1455	929	2909	5257	4866	2963	376
1636	2107	795	3466	3537	5206	3250	570
2497	2148	653	4136	2776	4589	2793	551
2855	2019	900	3505	2631	4013	2848	179
2424	1692	1155	3218	2721	3887	3479	293
2024	2316	834	3433	3018	3329	2509	550
1604	2254	425	3378	4121	2841	2783	1055
2372	2497	825	2379	4754	1920	3167	711
3010	1987	1241	4071	5037	4271	2918	650
2983	2731	938	4186	4001	2989	3319	313
3364	2260	1482	3929	3921	2951	4490	677
3013	2412	1692	2023	2728	3504	4071	468
2051	2244	724	1813	2549	3756	2858	1607
1784	2363	380	3127	2700	2930	3565	1685
1268	2186	144	2516	1589	3262	4913	778
977	174	93	1024	1887	2643	2170	65
1734	571	281	1109	2749	2803	1388	0
2595	809	188	1968	2913	2334	1516	0
2316	1729	431	2861	2850	2454	2641	279
1841	1178	781	3055	3074	2099	2464	232
1960	1385	771	3576	2978	2344	1949	35
2072	955	1068	3549	2534	3175	1638	123
3200	1076	576	3171	3488	3360	1593	108
2691	955	291	2790	3602	4001	1499	227
2206	1455	351	2894	3782	4333	1074	436
2921	1296	560	2474	3525	4369	1728	0
2514	1268	683	3440	2510	4327	2445	194
2307	828	845	2666	3012	2821	1487	0
2259	725	1148	2379	3578	3608	1656	182
2362	1179	1632	2511	2837	3403	2150	126
3412	2044	810	2429	2775	3543	1484	381
3198	2074	360	1907	2586	2713	1574	1231
2759	2062	473	1561	2681	2914	2466	863
3372	1960	435	1749	1939	2893	2873	130
2758	1430	338	1751	2115	3748	2866	392
2711	965	44	2100	1593	3706	2448	303
3062	1098	103	1203	1935	4027	2963	713
2642	1098	46	786	1067	2205	2683	731
2655	759	0	1353	1424	1881	2464	86
702	736	113	1625	1604	1973	3510	35
1193	871	527	2596	1720	2218	3531	629
1188	746	379	3050	3285	2017	3104	642
2222	1335	518	3822	4113	2117	2679	457
2539	1155	280	3625	3350	2151	3784	89
1791	1777	578	4127	2618	2751	2310	0
1712	970	851	2930	2614	2722	1983	0
2080	1424	1045	2918	3000	3137	3426	0
2455	1138	1101	2846	3559	3236	3297	123
2766	1375	779	3323	3914	2685	3062	107
2978	1406	588	3872	3554	3248	2417	103
2616	1024	321	3325	2969	3026	3332	585
2921	1338	411	3119	2682	2987	3034	44
2024	845	346	2619	2668	3960	3738	0
2624	885	228	2136	1942	3843	2999	152
1591	769	250	2191	2935	4271	3739	309
2240	752	217	1867	3409	3521	2775	156
1698	907	169	2410	2961	4541	1707	116
1693	1552	394	2595	2030	4258	1897	116
2042	1456	772	3049	2393	4593	2619	116
1369	694	804	2319	1502	3664	2479	449
2052	685	52	2317	1639	3404	3606	610
1237	649	93	1490	1603	1188	2886	295
1216	603	0	765	1659	1517	2021	108
824	679	410	1491	1522	798	1201	0
1409	763	392	1269	1519	1757	1009	0
1408	1231	489	1296	1516	1689	1467	0
1371	596	324	1317	2032	2213	1382	240
1262	548	372	1534	1501	2721	1136	192
1090	948	685	2293	2068	2844	850	192
1543	461	1079	1705	2098	2645	1051	182
1201	1151	1143	1956	2529	3835	1347	0
683	909	928	2254	2262	2532	1309	83
1352	636	734	2213	2449	2038	1094	115
1729	731	1174	1996	2037	2587	1920	26
1897	1079	965	1039	1695	3103	2577	162
2107	1105	665	1506	1984	2321	1815	135
2249	854	392	1373	2367	2349	2158	254
2345	673	919	1065	2053	2094	1349	84
2799	1047	1135	1266	2123	2134	1381	301
2612	1580	922	1288	1895	1567	1815	318
1940	1380	1042	2590	1717	2216	1636	121
2453	1389	715	2044	1637	1716	2495	86
2615	1333	372	1893	1976	1447	1226	147
2643	736	472	1406	1907	1659	1451	236
2483	891	541	1155	1083	1553	2314	546
2558	818	229	1643	686	1352	1955	672
2486	359	57	966	781	2011	2526	213
