596	445	264	1684	1587	3453	2989	153
1422	827	525	2555	2014	3624	3283	111
1606	1288	1372	2452	1970	4068	2687	93
1863	903	863	2932	3020	4756	3341	530
2508	1022	1623	4130	3682	3615	2786	786
2765	1093	1328	3447	4164	4096	2828	291
3029	1952	695	3538	3263	2885	2512	273
3061	1870	1845	3179	3272	3148	2879	37
3103	1285	1457	3312	4198	4189	1947	27
4440	1562	721	4670	3295	3839	2484	148
3854	1791	1218	4046	3394	3106	2346	186
3885	1841	2066	3985	4025	4600	2097	84
4347	2108	1523	5911	2390	3764	2368	267
4706	2151	627	5643	3294	3175	2205	660
4201	1960	638	4029	3196	2649	3221	465
4246	1455	1121	3595	3011	3642	2730	615
3850	1134	831	2643	2488	5444	2357	89
3593	655	559	2431	2893	4685	2866	171
3801	1033	1198	3131	2825	3682	3281	451
3315	1480	815	3615	2033	2089	3120	341
2678	2177	696	2978	1840	2292	3046	613
2263	1705	305	2688	1313	1541	3468	622
2655	913	27	3096	1272	1921	4361	715
1149	448	0	1844	1237	2518	3781	27
762	127	189	789	1420	1390	3134	51
1729	605	594	1193	1916	2212	4467	342
1504	1009	1137	1695	2178	2218	3139	426
2371	784	851	2451	2710	2464	2898	258
2860	874	1159	2296	2483	2802	2353	135
2512	1003	1187	2425	3350	3927	2257	66
1924	888	692	2994	3489	3744	2352	117
2191	777	1014	2329	3515	3681	2161	135
2815	1183	926	2315	3796	3283	2470	176
3083	1014	386	2525	2996	4669	3405	266
2329	850	1066	3239	2763	3059	2360	364
1882	790	605	4434	3084	3187	2643	234
2014	1790	277	4835	2265	2775	1527	270
2674	1542	1321	4157	2651	2882	2216	769
3350	1112	742	2230	3179	2645	3116	606
2848	900	897	2403	2740	2409	3020	385
2815	1330	694	3314	3216	2066	2415	187
2765	1608	599	2973	2000	1868	2548	564
3201	864	592	3555	2592	2898	2618	292
3014	1256	508	2890	2133	3118	2673	222
2460	885	139	3416	2329	3024	2269	637
2686	1074	246	1808	1739	1391	2389	995
2683	634	288	1271	1081	2110	2772	855
2166	166	246	889	833	1258	3009	650
1644	1147	624	2161	2134	3309	3565	122
2288	1110	1466	3212	3286	3484	4588	56
2788	1641	945	2733	3868	4087	5002	215
2353	1788	2135	3722	4404	4346	3910	261
3251	1826	1215	5080	3795	5931	3874	23
2586	2187	1218	5370	5219	6518	3330	227
2892	2157	1418	4272	5300	6843	3173	276
3122	2134	1773	4940	4534	6204	2664	118
3096	2038	2346	4410	4561	6081	3234	155
3742	2602	2985	4845	4357	5057	3730	92
3096	3554	2158	5620	4451	3793	3369	314
4144	3603	1926	4944	4132	3406	3359	895
4573	2972	1667	5071	5733	3395	3176	567
4539	2729	1615	3505	6780	3709	2482	569
4426	3050	1172	5432	5766	4366	3313	1227
3293	2269	953	4795	4272	4671	3838	1195
3666	2667	1672	4091	3547	4838	3424	1372
3871	2834	1914	4544	3108	5547	3422	490
3471	1813	959	4230	3049	6725	3713	580
4810	1942	1122	2973	2386	6614	3985	649
4581	2655	1005	2655	2432	5726	3613	896
4338	1861	551	2613	1928	4976	3892	1401
3178	2005	727	2043	1524	3931	5791	427
1751	951	945	2794	1072	2929	4801	461
463	1011	83	1855	1019	1181	1647	107
1122	1249	145	1077	1631	1189	1364	207
1580	925	434	1652	2335	1044	2551	229
1714	368	425	2677	2876	1554	2569	90
983	677	1148	2588	2785	2087	1746	156
1454	923	1069	3776	2346	2638	902	124
1535	999	1005	3309	2575	2245	1459	19
1206	955	342	3517	3144	2700	1794	107
1522	1241	531	3046	2954	3077	1787	43
1291	783	590	2932	4562	3224	1382	150
1824	703	782	2648	4200	3224	1245	270
3040	1107	738	3327	3035	3605	1524	111
2637	909	653	3809	3278	2561	1207	449
1879	1776	955	3322	3235	1961	1447	261
1394	1735	550	3039	2826	2821	1758	549
1702	1047	957	3280	3026	3089	2223	511
1869	1908	446	2127	3278	2140	2044	924
1747	1265	649	3213	3609	2927	1721	745
2188	1241	604	2540	2135	2673	1998	104
3380	1698	552	2106	1682	2079	2225	294
2523	1833	508	2630	1615	2526	1951	210
2600	1820	847	1736	1356	1733	2413	477
3137	1589	357	1771	1536	1774	2721	1182
2041	819	210	1835	1317	1923	3827	298
538	447	417	1260	2659	2722	2002	255
1529	962	152	2291	2573	2584	1978	87
1758	986	190	2398	2683	2636	2217	64
2484	1395	494	2882	2850	2159	2622	27
2489	1520	949	2978	3038	2370	2170	139
3120	1195	903	3267	2723	2355	1921	312
3622	1106	695	3332	3440	2135	1542	92
3248	1545	753	1911	3264	2387	1654	0
3457	2732	1637	1507	2709	2444	2034	87
3311	1642	1836	2064	2770	2564	2539	129
3318	1715	1409	3417	3290	3200	3259	72
3154	2123	1064	3137	2935	4025	2733	46
3167	2330	961	2595	3925	3233	2447	205
3034	1691	1223	2667	3628	3238	1837	222
3306	2004	1033	2839	2869	3135	1804	192
3395	1764	473	2221	2257	2708	2698	763
2933	2090	570	1741	1716	2836	3288	1054
3018	1714	1257	2334	2058	2717	2670	694
2682	1251	1418	1995	1859	3121	3247	285
2918	1603	929	2555	1366	2405	2761	275
2009	913	198	1947	1227	3562	2978	357
1935	471	117	1301	1662	2605	2271	547
1455	212	434	1857	1728	1902	2546	545
1232	373	825	1222	977	1384	2671	99
977	174	93	1024	1887	2643	2170	65
1734	571	281	1109	2749	2803	1388	0
2595	809	188	1968	2913	2334	1516	0
2316	1729	431	2861	2850	2454	2641	279
1841	1178	781	3055	3074	2099	2464	232
1960	1385	771	3576	2978	2344	1949	35
2072	955	1068	3549	2534	3175	1638	123
3200	1076	576	3171	3488	3360	1593	108
2691	955	291	2790	3602	4001	1499	227
2206	1455	351	2894	3782	4333	1074	436
2921	1296	560	2474	3525	4369	1728	0
2514	1268	683	3440	2510	4327	2445	194
2307	828	845	2666	3012	2821	1487	0
2259	725	1148	2379	3578	3608	1656	182
2362	1179	1632	2511	2837	3403	2150	126
3412	2044	810	2429	2775	3543	1484	381
3198	2074	360	1907	2586	2713	1574	1231
2759	2062	473	1561	2681	2914	2466	863
3372	1960	435	1749	1939	2893	2873	130
2758	1430	338	1751	2115	3748	2866	392
2711	965	44	2100	1593	3706	2448	303
3062	1098	103	1203	1935	4027	2963	713
2642	1098	46	786	1067	2205	2683	731
2655	759	0	1353	1424	1881	2464	86
1098	537	433	1116	1884	2436	2278	156
1093	839	453	1859	2430	2675	1970	83
1208	894	216	2384	2725	2324	2047	207
1926	880	598	2067	3237	2378	2224	0
2156	1011	827	1968	2887	3293	2307	27
2147	1344	468	2741	3410	3723	1497	0
1950	1253	886	2841	2634	3784	1564	31
1899	1256	596	2150	2044	3983	1184	0
3065	1279	546	2491	2873	4602	1389	581
2958	1115	629	2101	2300	4129	1981	518
2058	1399	784	1759	3376	3505	1401	586
2716	1255	760	2787	3212	3260	1472	87
3324	1623	1297	2957	2387	2571	1244	174
3157	1866	1720	2573	2685	2744	1522	162
2368	1409	1359	1980	2833	3277	2543	86
2201	1790	1191	2736	2046	3344	2874	212
2981	2445	591	2938	1844	2195	2301	416
2513	1663	207	3754	1836	2500	2053	513
2362	876	416	3570	2439	2262	2113	304
2457	1470	689	2341	2594	1706	2213	216
2726	1638	533	1784	2276	2337	1325	622
2984	1377	423	1716	1987	1849	1789	594
3140	1530	122	1579	1309	2264	1949	651
3149	1286	121	812	602	1939	1915	342
