823	25	147	1023	1801	2187	2148	41
1046	408	226	1639	1481	3166	2414	41
1173	592	715	1471	2265	2498	2376	154
1654	700	625	2048	2763	2259	2545	629
1454	473	610	2303	2543	2418	1733	291
1595	225	485	2362	3205	2667	1139	339
1203	167	361	2678	3002	2843	1358	131
1378	460	649	2645	2870	2681	2027	39
2123	700	1027	2563	2872	3181	1871	267
2367	776	1296	1626	2710	3073	1964	267
2628	1290	1304	1830	2487	3012	1640	153
2586	1064	1430	2872	3095	2564	2072	77
2222	1102	876	2660	2105	2659	2323	95
2244	1720	831	2657	1717	2464	2065	153
1714	1973	678	2306	1622	2333	1719	91
1652	1637	363	1977	1937	2550	2362	273
1451	826	355	2795	2679	2329	2276	128
1421	806	249	2479	2759	1691	1938	56
1188	776	130	2276	2485	2896	1641	262
1341	832	520	2239	1084	2881	1544	557
1020	884	392	1645	1134	2870	1832	485
2105	904	583	1113	502	1946	1927	547
1912	494	129	946	918	1336	3153	399
748	252	0	784	661	1037	2693	0
628	634	427	931	1119	2077	2622	137
1485	581	744	2753	1751	3531	3625	115
1500	1340	397	3582	3000	2976	3397	0
2010	1355	335	3835	3770	3633	4119	292
2704	890	1227	3689	3637	4516	3751	0
2196	1940	1565	4338	2854	5444	2891	39
2671	1515	2147	4849	3406	4957	2197	370
2313	1511	1611	5130	3582	5169	1808	215
2052	2308	1222	4244	3796	5069	2675	120
2131	2331	991	4757	4112	4575	3658	73
3252	2904	1265	4529	3684	4895	3521	453
3170	2032	1929	4316	3210	4303	4638	572
3491	2863	1607	5921	2940	3667	3680	575
3028	1934	1754	6697	2363	4327	3905	324
3568	3184	1258	5561	2054	4187	3058	409
3720	3038	1624	4534	2315	3883	3090	371
3508	2644	1515	3342	2826	3583	3942	487
3107	1969	1608	3850	3150	4148	3630	472
2616	1270	1564	4431	2090	4841	3522	649
4074	1595	489	5558	1850	5352	3610	616
2621	1576	353	5381	1953	4285	3508	712
2413	2501	424	3843	1933	3606	5028	916
2732	1756	713	3589	1194	3367	4107	977
1366	1044	676	3072	1444	3337	4060	901
965	802	240	1431	2844	3506	2929	312
1317	652	464	2707	2959	3022	2758	267
962	1041	392	4082	3791	3146	3091	529
2190	1512	644	3743	3359	1730	3819	215
2012	1522	560	3833	3992	2857	3019	45
2107	1295	904	3204	3200	4338	3435	478
2013	1369	1499	3735	2499	4053	3674	339
2348	1465	1246	3358	3165	4055	3866	339
2716	1926	1941	2625	5142	4085	3278	238
1730	1455	929	2909	5257	4866	2963	376
1636	2107	795	3466	3537	5206	3250	570
2497	2148	653	4136	2776	4589	2793	551
2855	2019	900	3505	2631	4013	2848	179
2424	1692	1155	3218	2721	3887	3479	293
2024	2316	834	3433	3018	3329	2509	550
1604	2254	425	3378	4121	2841	2783	1055
2372	2497	825	2379	4754	1920	3167	711
3010	1987	1241	4071	5037	4271	2918	650
2983	2731	938	4186	4001	2989	3319	313
3364	2260	1482	3929	3921	2951	4490	677
3013	2412	1692	2023	2728	3504	4071	468
2051	2244	724	1813	2549	3756	2858	1607
1784	2363	380	3127	2700	2930	3565	1685
1268	2186	144	2516	1589	3262	4913	778
1100	607	393	1999	1758	2183	3216	319
1322	1045	634	2570	3155	2603	3460	305
1907	1437	382	2433	3435	3851	1729	156
2431	990	1271	3576	3439	3243	2707	196
2195	1544	1886	4380	2858	4050	1314	296
1887	1964	1599	5456	3807	3804	1263	238
2203	1844	1432	4968	3503	3175	1534	230
2481	1632	1352	5786	2893	3622	2153	110
3356	1826	1240	5155	3045	3943	2925	377
3389	2564	1150	5575	3537	3516	2347	502
3000	2544	1798	5560	4449	3783	2339	417
3912	2264	1629	5220	3903	3497	2981	195
3550	1602	2062	5438	3127	2911	3320	313
4354	1856	1359	4167	3668	3711	2832	519
4096	1421	1251	4417	3650	4116	3309	345
3016	1453	986	2862	3258	4836	2287	909
3353	1386	636	2753	3026	5187	2826	1172
4058	1620	842	2776	2260	6143	3176	326
3668	1513	1174	2625	1885	4350	3465	556
3691	1734	1065	3053	1842	4168	3411	464
3936	862	185	3454	1604	4937	3649	947
3516	892	87	2782	1535	2450	3036	468
3489	1323	466	2677	1684	2474	3510	537
2541	771	168	1061	1278	2830	4603	574
702	736	113	1625	1604	1973	3510	35
1193	871	527	2596	1720	2218	3531	629
1188	746	379	3050	3285	2017	3104	642
2222	1335	518	3822	4113	2117	2679	457
2539	1155	280	3625	3350	2151	3784	89
1791	1777	578	4127	2618	2751	2310	0
1712	970	851	2930	2614	2722	1983	0
2080	1424	1045	2918	3000	3137	3426	0
2455	1138	1101	2846	3559	3236	3297	123
2766	1375	779	3323	3914	2685	3062	107
2978	1406	588	3872	3554	3248	2417	103
2616	1024	321	3325	2969	3026	3332	585
2921	1338	411	3119	2682	2987	3034	44
2024	845	346	2619	2668	3960	3738	0
2624	885	228	2136	1942	3843	2999	152
1591	769	250	2191	2935	4271	3739	309
2240	752	217	1867	3409	3521	2775	156
1698	907	169	2410	2961	4541	1707	116
1693	1552	394	2595	2030	4258	1897	116
2042	1456	772	3049	2393	4593	2619	116
1369	694	804	2319	1502	3664	2479	449
2052	685	52	2317	1639	3404	3606	610
1237	649	93	1490	1603	1188	2886	295
1216	603	0	765	1659	1517	2021	108
967	532	126	1384	1267	1380	2346	104
934	772	326	2696	2007	1747	1639	238
1372	665	413	2381	1855	1729	1257	94
591	990	499	2665	2663	2453	1868	115
655	1532	513	2315	2859	2436	1170	0
782	1512	307	2437	2886	2564	1164	131
1559	1581	195	2275	2450	2248	1467	37
1635	1163	202	1890	2418	2407	512	283
2043	1995	519	2671	2012	2264	861	0
2185	1686	608	2043	1721	2456	1334	283
1459	1123	842	1722	1842	2946	1840	66
1657	824	498	1863	919	3557	2335	144
2053	1166	200	1778	1488	2592	2239	133
1666	826	298	1575	2207	3230	1811	0
1436	713	416	1606	2348	2471	1916	0
1306	878	425	1870	2108	3087	2667	218
1479	365	331	1571	1513	2150	2721	141
1025	415	391	986	1452	1752	2043	0
987	385	80	901	1097	2052	2225	71
480	102	0	422	496	1247	2843	0
178	0	33	150	391	550	1494	0
84	102	33	180	927	821	1758	0
86	102	33	419	1420	944	872	0
230	42	33	541	1407	810	692	0
987	573	483	2026	2099	4049	4009	443
2030	555	436	2295	2593	4587	4207	674
2150	580	351	3065	3087	4974	3762	598
2250	1409	1685	3788	3335	4920	2879	253
1914	1522	2398	3595	3143	5441	2281	0
2583	1358	1791	3416	3788	4515	2854	840
2538	1819	1768	3275	3918	4967	2204	307
2162	2454	1679	4006	3522	5159	2094	186
2594	2126	1704	5641	2853	4916	1940	113
3379	1964	1830	5063	3036	4908	1754	241
3468	1798	1442	4508	4024	4594	3031	177
2881	2710	1199	4095	3927	4422	2616	61
4151	2673	1669	3501	3717	4380	2244	76
5033	1421	1262	3114	3913	3733	2667	427
5496	1683	1785	3362	3498	3721	2678	664
4514	2618	1404	2298	2862	3684	2782	346
3305	2518	1657	2368	2740	2818	3497	774
3877	1841	1860	3276	2638	4223	2781	675
3502	2140	2239	2865	2230	4342	2617	217
3478	2788	2146	3847	1896	3603	2812	655
3775	2452	693	5235	1514	4128	2406	795
3069	1656	481	3848	1333	4025	2592	1352
2991	1615	393	3098	1452	4700	4504	1190
2361	549	97	1691	908	3922	4877	443
