7.329204082489013672e-01 6.134775280952453613e-01 9.185654520988464355e-01 -5.667359828948974609e-01 9.514869451522827148e-01 -9.809624552726745605e-01 -1.621463596820831299e-01 8.739795684814453125e-01 7.351944446563720703e-01 -9.896265268325805664e-01 -8.297780156135559082e-01 3.469473421573638916e-01 7.036355137825012207e-01 4.971266984939575195e-01 5.236890316009521484e-01 -1.291305571794509888e-01
8.907881975173950195e-01 5.354831218719482422e-01 9.121395945549011230e-01 -4.976283907890319824e-01 9.370493292808532715e-01 -9.787870049476623535e-01 -7.617194205522537231e-02 7.988517284393310547e-01 6.591953039169311523e-01 -9.794960618019104004e-01 -8.719834089279174805e-01 -1.100198477506637573e-01 4.701098799705505371e-01 4.447479844093322754e-01 4.186982810497283936e-01 -2.411321401596069336e-01
8.459064364433288574e-01 5.513650774955749512e-01 9.369408488273620605e-01 -4.667423367500305176e-01 9.304335713386535645e-01 -9.733094573020935059e-01 -7.601578533649444580e-02 8.937574028968811035e-01 6.320949196815490723e-01 -9.845671653747558594e-01 -8.452771902084350586e-01 -1.133387982845306396e-01 5.949549674987792969e-01 3.293915092945098877e-01 3.544033765792846680e-01 -3.507069349288940430e-01
8.651785254478454590e-01 5.872754454612731934e-01 9.189999103546142578e-01 -4.641792476177215576e-01 9.348049163818359375e-01 -9.721104502677917480e-01 3.443113341927528381e-02 9.007008671760559082e-01 6.590201854705810547e-01 -9.858202338218688965e-01 -8.372928500175476074e-01 -2.616432309150695801e-02 5.928130149841308594e-01 3.055137097835540771e-01 3.886698484420776367e-01 -2.993291914463043213e-01
8.695689439773559570e-01 5.686544179916381836e-01 9.142714142799377441e-01 -4.904477298259735107e-01 9.278959631919860840e-01 -9.692327380180358887e-01 -3.004593588411808014e-02 8.893468976020812988e-01 6.482497453689575195e-01 -9.856504201889038086e-01 -8.407748341560363770e-01 -5.840795114636421204e-02 5.902369618415832520e-01 2.724341750144958496e-01 3.777207136154174805e-01 -2.189325243234634399e-01
8.637420535087585449e-01 5.495665073394775391e-01 9.197631478309631348e-01 -5.191777944564819336e-01 9.298780560493469238e-01 -9.704271554946899414e-01 -1.954940147697925568e-03 8.954601883888244629e-01 6.545579433441162109e-01 -9.854663610458374023e-01 -8.491628766059875488e-01 -9.186597168445587158e-02 5.467267036437988281e-01 3.030468523502349854e-01 3.999401330947875977e-01 -2.358592599630355835e-01
8.626486063003540039e-01 5.304197669029235840e-01 9.224436283111572266e-01 -5.135681629180908203e-01 9.276087284088134766e-01 -9.706466794013977051e-01 -1.823303475975990295e-02 8.941420912742614746e-01 6.475433111190795898e-01 -9.859299063682556152e-01 -8.481844067573547363e-01 -9.646184742450714111e-02 5.745836496353149414e-01 2.749007344245910645e-01 3.864604234695434570e-01 -2.775169312953948975e-01
8.641712069511413574e-01 5.538372397422790527e-01 9.197185039520263672e-01 -4.984658956527709961e-01 9.284474253654479980e-01 -9.709773659706115723e-01 2.123578637838363647e-02 8.964607119560241699e-01 6.529497504234313965e-01 -9.860332608222961426e-01 -8.480219841003417969e-01 -8.994556963443756104e-02 5.751697421073913574e-01 2.678465545177459717e-01 3.974583745002746582e-01 -2.750151157379150391e-01
8.665432929992675781e-01 5.469785332679748535e-01 9.182427525520324707e-01 -4.968624413013458252e-01 9.264006614685058594e-01 -9.692948460578918457e-01 1.489488990046083927e-03 8.959431648254394531e-01 6.501896977424621582e-01 -9.862050414085388184e-01 -8.455058336257934570e-01 -8.613234013319015503e-02 5.783776044845581055e-01 2.572789490222930908e-01 3.863768875598907471e-01 -2.510992586612701416e-01
8.645691871643066406e-01 5.470080375671386719e-01 9.186387658119201660e-01 -5.082318782806396484e-01 9.274082779884338379e-01 -9.696429371833801270e-01 8.089395239949226379e-03 8.973289728164672852e-01 6.526476740837097168e-01 -9.859774112701416016e-01 -8.471087813377380371e-01 -9.532319009304046631e-02 5.658842921257019043e-01 2.698477804660797119e-01 3.993595838546752930e-01 -2.488778084516525269e-01
8.649278283119201660e-01 5.365896821022033691e-01 9.200688600540161133e-01 -5.073217749595642090e-01 9.267932176589965820e-01 -9.698370695114135742e-01 1.832544803619384766e-04 8.963759541511535645e-01 6.504905819892883301e-01 -9.861001968383789062e-01 -8.474050760269165039e-01 -9.757982939481735229e-02 5.711949467658996582e-01 2.648207843303680420e-01 3.924044668674468994e-01 -2.597519159317016602e-01
8.872813582420349121e-01 5.448868274688720703e-01 9.341555833816528320e-01 -2.516301572322845459e-01 9.310562014579772949e-01 -9.601820707321166992e-01 -4.338112473487854004e-01 9.360321760177612305e-01 6.516143083572387695e-01 -9.891483187675476074e-01 -7.529858946800231934e-01 1.671615839004516602e-01 7.495482563972473145e-01 4.262832403182983398e-01 6.423006653785705566e-01 1.250485032796859741e-01
9.202663898468017578e-01 4.886861741542816162e-01 9.476906061172485352e-01 -2.391256839036941528e-01 9.609246253967285156e-01 -9.760533571243286133e-01 -4.825990200042724609e-01 9.318267107009887695e-01 6.990660429000854492e-01 -9.826824665069580078e-01 -7.685146927833557129e-01 -3.874623030424118042e-02 6.038921475410461426e-01 7.035528421401977539e-01 7.882573008537292480e-01 2.252726703882217407e-01
9.175685644149780273e-01 3.497352898120880127e-01 9.644201993942260742e-01 -1.876167505979537964e-01 9.651870727539062500e-01 -9.798659086227416992e-01 -5.769858360290527344e-01 9.429647922515869141e-01 7.045292854309082031e-01 -9.823584556579589844e-01 -7.729333043098449707e-01 -1.176765635609626770e-01 6.770776510238647461e-01 7.359101176261901855e-01 7.787066102027893066e-01 3.042985498905181885e-02
9.216780662536621094e-01 4.388602972030639648e-01 9.624318480491638184e-01 -5.466511845588684082e-02 9.693403244018554688e-01 -9.827687144279479980e-01 -4.881436824798583984e-01 9.508612155914306641e-01 7.261992096900939941e-01 -9.820695519447326660e-01 -7.713934779167175293e-01 -1.100193113088607788e-01 7.311388254165649414e-01 7.356817126274108887e-01 8.029664754867553711e-01 -6.021198257803916931e-02
9.298323392868041992e-01 4.664646685123443604e-01 9.583849906921386719e-01 2.707862481474876404e-02 9.690778255462646484e-01 -9.792036414146423340e-01 -5.107057690620422363e-01 9.534556269645690918e-01 7.268057465553283691e-01 -9.826620817184448242e-01 -7.437164783477783203e-01 -5.436211079359054565e-02 7.562036514282226562e-01 7.357524037361145020e-01 7.887297868728637695e-01 3.142453730106353760e-02
9.295414686203002930e-01 4.615421891212463379e-01 9.576112031936645508e-01 -5.666970741003751755e-03 9.706966876983642578e-01 -9.787043333053588867e-01 -5.392004847526550293e-01 9.550664424896240234e-01 7.348973155021667480e-01 -9.808996915817260742e-01 -7.357723712921142578e-01 -7.055529206991195679e-02 7.341428995132446289e-01 7.637482881546020508e-01 8.048251867294311523e-01 9.456808120012283325e-02
9.279145002365112305e-01 4.227534830570220947e-01 9.604374170303344727e-01 -3.488872572779655457e-02 9.711906313896179199e-01 -9.798764586448669434e-01 -5.479899048805236816e-01 9.547337293624877930e-01 7.381271719932556152e-01 -9.806157350540161133e-01 -7.440949678421020508e-01 -9.320190548896789551e-02 7.263666391372680664e-01 7.729432582855224609e-01 8.047015666961669922e-01 6.902717053890228271e-02
9.268963336944580078e-01 4.260479509830474854e-01 9.608429074287414551e-01 -2.410481497645378113e-02 9.711377024650573730e-01 -9.807003140449523926e-01 -5.335998535156250000e-01 9.548493027687072754e-01 7.387648820877075195e-01 -9.808311462402343750e-01 -7.506474852561950684e-01 -1.013187840580940247e-01 7.365271449089050293e-01 7.660471200942993164e-01 8.059130907058715820e-01 3.008851781487464905e-02
9.282692074775695801e-01 4.392324090003967285e-01 9.599322080612182617e-01 -1.139941043220460415e-03 9.709138870239257812e-01 -9.801974296569824219e-01 -5.263856053352355957e-01 9.553157687187194824e-01 7.377642393112182617e-01 -9.812199473381042480e-01 -7.475293874740600586e-01 -8.875490725040435791e-02 7.442010045051574707e-01 7.609207034111022949e-01 8.029539585113525391e-01 3.368699550628662109e-02
9.288312196731567383e-01 4.438886940479278564e-01 9.592658877372741699e-01 -4.700412100646644831e-04 9.709833860397338867e-01 -9.796941280364990234e-01 -5.324292182922363281e-01 9.555891752243041992e-01 7.378201484680175781e-01 -9.810402393341064453e-01 -7.433688044548034668e-01 -8.448475599288940430e-02 7.420675158500671387e-01 7.635261416435241699e-01 8.040366172790527344e-01 5.364980176091194153e-02
9.285514950752258301e-01 4.368805587291717529e-01 9.596671462059020996e-01 -1.019671093672513962e-02 9.711446166038513184e-01 -9.798047542572021484e-01 -5.369741916656494141e-01 9.555147290229797363e-01 7.385711073875427246e-01 -9.808542728424072266e-01 -7.437319159507751465e-01 -8.863657712936401367e-02 7.376593351364135742e-01 7.672663927078247070e-01 8.049656152725219727e-01 5.726654082536697388e-02
9.281101822853088379e-01 4.333506822586059570e-01 9.600346684455871582e-01 -1.307746302336454391e-02 9.711596369743347168e-01 -9.800792336463928223e-01 -5.357322096824645996e-01 9.554001688957214355e-01 7.388229966163635254e-01 -9.808539748191833496e-01 -7.458266615867614746e-01 -9.258470684289932251e-02 7.379607558250427246e-01 7.669044733047485352e-01 8.052178025245666504e-01 4.829256236553192139e-02
9.281989336013793945e-01 4.355716407299041748e-01 9.599626660346984863e-01 -8.659128099679946899e-03 9.710990786552429199e-01 -9.800994396209716797e-01 -5.328183770179748535e-01 9.554342031478881836e-01 7.386137843132019043e-01 -9.809576869010925293e-01 -7.461908459663391113e-01 -9.136155992746353149e-02 7.401210665702819824e-01 7.651594281196594238e-01 8.046807050704956055e-01 4.420291632413864136e-02
9.284188747406005859e-01 4.379770159721374512e-01 9.597471356391906738e-01 -6.075577810406684875e-03 9.710733890533447266e-01 -9.799646735191345215e-01 -5.329013466835021973e-01 9.555070996284484863e-01 7.384354472160339355e-01 -9.809766411781311035e-01 -7.452221512794494629e-01 -8.924490958452224731e-02 7.406694293022155762e-01 7.648361325263977051e-01 8.045084476470947266e-01 4.757998883724212646e-02
9.284465312957763672e-01 4.374631345272064209e-01 9.597326517105102539e-01 -7.512926124036312103e-03 9.711024165153503418e-01 -9.799221754074096680e-01 -5.342416167259216309e-01 9.555175304412841797e-01 7.385262846946716309e-01 -9.809316396713256836e-01 -7.447950243949890137e-01 -8.927480131387710571e-02 7.397028207778930664e-01 7.656790614128112793e-01 8.047212362289428711e-01 5.048595368862152100e-02
9.283411502838134766e-01 4.361343979835510254e-01 9.598329067230224609e-01 -9.156045503914356232e-03 9.711210727691650391e-01 -9.799759984016418457e-01 -5.346201658248901367e-01 9.554853439331054688e-01 7.386341691017150879e-01 -9.809094667434692383e-01 -7.451540827751159668e-01 -9.035431593656539917e-02 7.392195463180541992e-01 7.660403847694396973e-01 8.048691153526306152e-01 4.957449808716773987e-02
9.283024668693542480e-01 4.360457062721252441e-01 9.598669409751892090e-01 -8.857894688844680786e-03 9.711133837699890137e-01 -9.800118207931518555e-01 -5.340197086334228516e-01 9.554743170738220215e-01 7.386276125907897949e-01 -9.809257984161376953e-01 -7.454615235328674316e-01 -9.062340855598449707e-02 7.395600080490112305e-01 7.657347321510314941e-01 8.048090338706970215e-01 4.789823293685913086e-02
9.283441901206970215e-01 4.366719424724578857e-01 9.598259925842285156e-01 -7.962157949805259705e-03 9.711015224456787109e-01 -9.799941182136535645e-01 -5.336949229240417480e-01 9.554875493049621582e-01 7.385706901550292969e-01 -9.809410572052001953e-01 -7.453609704971313477e-01 -9.016063064336776733e-02 7.398980855941772461e-01 7.654717564582824707e-01 8.047174811363220215e-01 4.791479930281639099e-02
9.283745288848876953e-01 4.368831217288970947e-01 9.597985148429870605e-01 -7.874255999922752380e-03 9.711027741432189941e-01 -9.799719452857971191e-01 -5.338986515998840332e-01 9.554970860481262207e-01 7.385619878768920898e-01 -9.809367656707763672e-01 -7.451836466789245605e-01 -8.991032093763351440e-02 7.398147583007812500e-01 7.655584812164306641e-01 8.047272562980651855e-01 4.874772578477859497e-02
9.283618927001953125e-01 4.366247951984405518e-01 9.598116278648376465e-01 -8.292633108794689178e-03 9.711089134216308594e-01 -9.799748063087463379e-01 -5.341167449951171875e-01 9.554930329322814941e-01 7.385873794555664062e-01 -9.809281229972839355e-01 -7.451862096786499023e-01 -9.007310122251510620e-02 7.396280169486999512e-01 7.657104730606079102e-01 8.047734498977661133e-01 4.895745590329170227e-02
9.283436536788940430e-01 4.364544451236724854e-01 9.598286151885986328e-01 -8.445121347904205322e-03 9.711099267005920410e-01 -9.799866080284118652e-01 -5.340710282325744629e-01 9.554873704910278320e-01 7.385990619659423828e-01 -9.809279441833496094e-01 -7.452749609947204590e-01 -9.024094790220260620e-02 7.396201491355895996e-01 7.657077908515930176e-01 8.047820925712585449e-01 4.859931021928787231e-02
9.283452033996582031e-01 4.365369975566864014e-01 9.598265886306762695e-01 -8.276756852865219116e-03 9.711071848869323730e-01 -9.799880981445312500e-01 -5.339517593383789062e-01 9.554880261421203613e-01 7.385893464088439941e-01 -9.809322357177734375e-01 -7.452965974807739258e-01 -9.020341187715530396e-02 7.397109270095825195e-01 7.656318545341491699e-01 8.047608733177185059e-01 4.840298369526863098e-02
9.283546209335327148e-01 4.366431236267089844e-01 9.598175883293151855e-01 -8.157903328537940979e-03 9.711060523986816406e-01 -9.799827933311462402e-01 -5.339432358741760254e-01 9.554910063743591309e-01 7.385812997817993164e-01 -9.809334278106689453e-01 -7.452582716941833496e-01 -9.011138975620269775e-02 7.397383451461791992e-01 7.656135559082031250e-01 8.047516345977783203e-01 4.852869361639022827e-02
9.283563494682312012e-01 4.366295635700225830e-01 9.598162174224853516e-01 -8.209795691072940826e-03 9.711070060729980469e-01 -9.799806475639343262e-01 -5.339999794960021973e-01 9.554914236068725586e-01 7.385838627815246582e-01 -9.809315800666809082e-01 -7.452377080917358398e-01 -9.010551124811172485e-02 7.397006750106811523e-01 7.656462788581848145e-01 8.047594428062438965e-01 4.865889251232147217e-02
9.283520579338073730e-01 4.365735650062561035e-01 9.598203897476196289e-01 -8.282519876956939697e-03 9.711080193519592285e-01 -9.799826145172119141e-01 -5.340190529823303223e-01 9.554901123046875000e-01 7.385887503623962402e-01 -9.809305667877197266e-01 -7.452512383460998535e-01 -9.014993906021118164e-02 7.396772503852844238e-01 7.656639814376831055e-01 8.047662377357482910e-01 4.863064736127853394e-02
9.283501505851745605e-01 4.365659654140472412e-01 9.598221778869628906e-01 -8.275371044874191284e-03 9.711075425148010254e-01 -9.799843430519104004e-01 -5.339959263801574707e-01 9.554895758628845215e-01 7.385885715484619141e-01 -9.809311628341674805e-01 -7.452648878097534180e-01 -9.016394615173339844e-02 7.396898269653320312e-01 7.656524777412414551e-01 8.047640323638916016e-01 4.855878278613090515e-02
9.283518195152282715e-01 4.365912675857543945e-01 9.598205685615539551e-01 -8.237847127020359039e-03 9.711070656776428223e-01 -9.799838066101074219e-01 -5.339805483818054199e-01 9.554900527000427246e-01 7.385862469673156738e-01 -9.809317588806152344e-01 -7.452617883682250977e-01 -9.014595299959182739e-02 7.397046685218811035e-01 7.656407356262207031e-01 8.047602176666259766e-01 4.855420812964439392e-02
9.283530712127685547e-01 4.366017282009124756e-01 9.598191976547241211e-01 -8.231448009610176086e-03 9.711070656776428223e-01 -9.799827337265014648e-01 -5.339880585670471191e-01 9.554905295372009277e-01 7.385855317115783691e-01 -9.809316396713256836e-01 -7.452541589736938477e-01 -9.013421833515167236e-02 7.397022843360900879e-01 7.656434178352355957e-01 8.047602176666259766e-01 4.858851432800292969e-02
9.283527135848999023e-01 4.365920126438140869e-01 9.598197340965270996e-01 -8.248331956565380096e-03 9.711073637008666992e-01 -9.799827933311462402e-01 -5.339977145195007324e-01 9.554902315139770508e-01 7.385866641998291016e-01 -9.809313416481018066e-01 -7.452535629272460938e-01 -9.014000743627548218e-02 7.396942973136901855e-01 7.656498551368713379e-01 8.047621250152587891e-01 4.860020056366920471e-02
9.283518791198730469e-01 4.365839660167694092e-01 9.598205089569091797e-01 -8.256005123257637024e-03 9.711073040962219238e-01 -9.799833297729492188e-01 -5.339964032173156738e-01 9.554901123046875000e-01 7.385872006416320801e-01 -9.809312820434570312e-01 -7.452573776245117188e-01 -9.014766663312911987e-02 7.396934628486633301e-01 7.656503319740295410e-01 8.047626018524169922e-01 4.858557134866714478e-02
9.283518195152282715e-01 4.365869760513305664e-01 9.598204493522644043e-01 -8.249405771493911743e-03 9.711073040962219238e-01 -9.799833893775939941e-01 -5.339912772178649902e-01 9.554901123046875000e-01 7.385868430137634277e-01 -9.809314012527465820e-01 -7.452584505081176758e-01 -9.014636278152465820e-02 7.396972179412841797e-01 7.656471133232116699e-01 8.047617673873901367e-01 4.857656359672546387e-02
9.283522367477416992e-01 4.365917444229125977e-01 9.598200917243957520e-01 -8.244073018431663513e-03 9.711071848869323730e-01 -9.799832105636596680e-01 -5.339907407760620117e-01 9.554901123046875000e-01 7.385864853858947754e-01 -9.809314608573913574e-01 -7.452570199966430664e-01 -9.014254808425903320e-02 7.396985888481140137e-01 7.656460404396057129e-01 8.047613501548767090e-01 4.858134686946868896e-02
9.283523559570312500e-01 4.365913867950439453e-01 9.598199129104614258e-01 -8.245822973549365997e-03 9.711072444915771484e-01 -9.799830317497253418e-01 -5.339929461479187012e-01 9.554902315139770508e-01 7.385866641998291016e-01 -9.809314608573913574e-01 -7.452560663223266602e-01 -9.014201909303665161e-02 7.396969795227050781e-01 7.656474709510803223e-01 8.047616481781005859e-01 4.858708754181861877e-02
9.283521175384521484e-01 4.365890324115753174e-01 9.598201513290405273e-01 -8.249122649431228638e-03 9.711073637008666992e-01 -9.799832105636596680e-01 -5.339940190315246582e-01 9.554902315139770508e-01 7.385868430137634277e-01 -9.809314608573913574e-01 -7.452565431594848633e-01 -9.014381468296051025e-02 7.396959662437438965e-01 7.656483650207519531e-01 8.047618865966796875e-01 4.858631640672683716e-02
9.283519983291625977e-01 4.365885555744171143e-01 9.598201513290405273e-01 -8.249066770076751709e-03 9.711073637008666992e-01 -9.799832105636596680e-01 -5.339930653572082520e-01 9.554901719093322754e-01 7.385867834091186523e-01 -9.809314608573913574e-01 -7.452571392059326172e-01 -9.014450013637542725e-02 7.396963834762573242e-01 7.656479477882385254e-01 8.047619462013244629e-01 4.858325049281120300e-02
9.283521175384521484e-01 4.365897476673126221e-01 9.598201513290405273e-01 -8.247303776443004608e-03 9.711072444915771484e-01 -9.799832105636596680e-01 -5.339924097061157227e-01 9.554902315139770508e-01 7.385866641998291016e-01 -9.809314608573913574e-01 -7.452570199966430664e-01 -9.014387428760528564e-02 7.396971583366394043e-01 7.656473517417907715e-01 8.047617077827453613e-01 4.858289286494255066e-02
9.283521175384521484e-01 4.365903139114379883e-01 9.598200321197509766e-01 -8.246830664575099945e-03 9.711072444915771484e-01 -9.799832105636596680e-01 -5.339926481246948242e-01 9.554901719093322754e-01 7.385866641998291016e-01 -9.809314608573913574e-01 -7.452566027641296387e-01 -9.014305472373962402e-02 7.396970391273498535e-01 7.656474709510803223e-01 8.047617077827453613e-01 4.858447611331939697e-02
9.283522367477416992e-01 4.365898370742797852e-01 9.598200917243957520e-01 -8.247602730989456177e-03 9.711073040962219238e-01 -9.799832105636596680e-01 -5.339931845664978027e-01 9.554902315139770508e-01 7.385866641998291016e-01 -9.809314608573913574e-01 -7.452565431594848633e-01 -9.014337509870529175e-02 7.396966814994812012e-01 7.656477689743041992e-01 8.047617673873901367e-01 4.858515411615371704e-02
9.283522367477416992e-01 4.365894794464111328e-01 9.598202109336853027e-01 -8.248054422438144684e-03 9.711073637008666992e-01 -9.799832105636596680e-01 -5.339931845664978027e-01 9.554902315139770508e-01 7.385866641998291016e-01 -9.809314608573913574e-01 -7.452567219734191895e-01 -9.014367312192916870e-02 7.396965622901916504e-01 7.656478285789489746e-01 8.047617673873901367e-01 4.858465492725372314e-02
9.283521175384521484e-01 4.365894794464111328e-01 9.598201513290405273e-01 -8.248076774179935455e-03 9.711073637008666992e-01 -9.799830913543701172e-01 -5.339929461479187012e-01 9.554901719093322754e-01 7.385866641998291016e-01 -9.809315204620361328e-01 -7.452567815780639648e-01 -9.014381468296051025e-02 7.396967411041259766e-01 7.656477093696594238e-01 8.047617673873901367e-01 4.858414456248283386e-02
9.283521175384521484e-01 4.365894794464111328e-01 9.598201513290405273e-01 -8.248076774179935455e-03 9.711073637008666992e-01 -9.799830913543701172e-01 -5.339929461479187012e-01 9.554901719093322754e-01 7.385866641998291016e-01 -9.809315204620361328e-01 -7.452567815780639648e-01 -9.014381468296051025e-02 7.396967411041259766e-01 7.656477093696594238e-01 8.047617673873901367e-01 4.858414456248283386e-02
9.283521175384521484e-01 4.365894794464111328e-01 9.598201513290405273e-01 -8.248076774179935455e-03 9.711073637008666992e-01 -9.799830913543701172e-01 -5.339929461479187012e-01 9.554901719093322754e-01 7.385866641998291016e-01 -9.809315204620361328e-01 -7.452567815780639648e-01 -9.014381468296051025e-02 7.396967411041259766e-01 7.656477093696594238e-01 8.047617673873901367e-01 4.858414456248283386e-02
9.283521175384521484e-01 4.365894794464111328e-01 9.598201513290405273e-01 -8.248076774179935455e-03 9.711073637008666992e-01 -9.799830913543701172e-01 -5.339929461479187012e-01 9.554901719093322754e-01 7.385866641998291016e-01 -9.809315204620361328e-01 -7.452567815780639648e-01 -9.014381468296051025e-02 7.396967411041259766e-01 7.656477093696594238e-01 8.047617673873901367e-01 4.858414456248283386e-02
9.283521175384521484e-01 4.365894794464111328e-01 9.598201513290405273e-01 -8.248076774179935455e-03 9.711073637008666992e-01 -9.799830913543701172e-01 -5.339929461479187012e-01 9.554901719093322754e-01 7.385866641998291016e-01 -9.809315204620361328e-01 -7.452567815780639648e-01 -9.014381468296051025e-02 7.396967411041259766e-01 7.656477093696594238e-01 8.047617673873901367e-01 4.858414456248283386e-02
9.283521175384521484e-01 4.365894794464111328e-01 9.598201513290405273e-01 -8.248076774179935455e-03 9.711073637008666992e-01 -9.799830913543701172e-01 -5.339929461479187012e-01 9.554901719093322754e-01 7.385866641998291016e-01 -9.809315204620361328e-01 -7.452567815780639648e-01 -9.014381468296051025e-02 7.396967411041259766e-01 7.656477093696594238e-01 8.047617673873901367e-01 4.858414456248283386e-02
9.283521175384521484e-01 4.365894794464111328e-01 9.598201513290405273e-01 -8.248076774179935455e-03 9.711073637008666992e-01 -9.799830913543701172e-01 -5.339929461479187012e-01 9.554901719093322754e-01 7.385866641998291016e-01 -9.809315204620361328e-01 -7.452567815780639648e-01 -9.014381468296051025e-02 7.396967411041259766e-01 7.656477093696594238e-01 8.047617673873901367e-01 4.858414456248283386e-02
9.283521175384521484e-01 4.365894794464111328e-01 9.598201513290405273e-01 -8.248076774179935455e-03 9.711073637008666992e-01 -9.799830913543701172e-01 -5.339929461479187012e-01 9.554901719093322754e-01 7.385866641998291016e-01 -9.809315204620361328e-01 -7.452567815780639648e-01 -9.014381468296051025e-02 7.396967411041259766e-01 7.656477093696594238e-01 8.047617673873901367e-01 4.858414456248283386e-02
9.283521175384521484e-01 4.365894794464111328e-01 9.598201513290405273e-01 -8.248076774179935455e-03 9.711073637008666992e-01 -9.799830913543701172e-01 -5.339929461479187012e-01 9.554901719093322754e-01 7.385866641998291016e-01 -9.809315204620361328e-01 -7.452567815780639648e-01 -9.014381468296051025e-02 7.396967411041259766e-01 7.656477093696594238e-01 8.047617673873901367e-01 4.858414456248283386e-02
9.283521175384521484e-01 4.365894794464111328e-01 9.598201513290405273e-01 -8.248076774179935455e-03 9.711073637008666992e-01 -9.799830913543701172e-01 -5.339929461479187012e-01 9.554901719093322754e-01 7.385866641998291016e-01 -9.809315204620361328e-01 -7.452567815780639648e-01 -9.014381468296051025e-02 7.396967411041259766e-01 7.656477093696594238e-01 8.047617673873901367e-01 4.858414456248283386e-02
9.283521175384521484e-01 4.365894794464111328e-01 9.598201513290405273e-01 -8.248076774179935455e-03 9.711073637008666992e-01 -9.799830913543701172e-01 -5.339929461479187012e-01 9.554901719093322754e-01 7.385866641998291016e-01 -9.809315204620361328e-01 -7.452567815780639648e-01 -9.014381468296051025e-02 7.396967411041259766e-01 7.656477093696594238e-01 8.047617673873901367e-01 4.858414456248283386e-02
9.283521175384521484e-01 4.365894794464111328e-01 9.598201513290405273e-01 -8.248076774179935455e-03 9.711073637008666992e-01 -9.799830913543701172e-01 -5.339929461479187012e-01 9.554901719093322754e-01 7.385866641998291016e-01 -9.809315204620361328e-01 -7.452567815780639648e-01 -9.014381468296051025e-02 7.396967411041259766e-01 7.656477093696594238e-01 8.047617673873901367e-01 4.858414456248283386e-02
9.283521175384521484e-01 4.365893900394439697e-01 9.598200321197509766e-01 -8.247948251664638519e-03 9.711073040962219238e-01 -9.799832105636596680e-01 -5.339929461479187012e-01 9.554901123046875000e-01 7.385867834091186523e-01 -9.809315204620361328e-01 -7.452567219734191895e-01 -9.014364331960678101e-02 7.396967411041259766e-01 7.656477689743041992e-01 8.047617673873901367e-01 4.858408868312835693e-02
9.283521175384521484e-01 4.365893900394439697e-01 9.598200321197509766e-01 -8.247948251664638519e-03 9.711073040962219238e-01 -9.799832105636596680e-01 -5.339929461479187012e-01 9.554901123046875000e-01 7.385867834091186523e-01 -9.809315204620361328e-01 -7.452567219734191895e-01 -9.014364331960678101e-02 7.396967411041259766e-01 7.656477689743041992e-01 8.047617673873901367e-01 4.858408868312835693e-02
9.283521175384521484e-01 4.365894794464111328e-01 9.598201513290405273e-01 -8.248076774179935455e-03 9.711073637008666992e-01 -9.799830913543701172e-01 -5.339929461479187012e-01 9.554901719093322754e-01 7.385866641998291016e-01 -9.809315204620361328e-01 -7.452567815780639648e-01 -9.014381468296051025e-02 7.396967411041259766e-01 7.656477093696594238e-01 8.047617673873901367e-01 4.858414456248283386e-02
9.283521175384521484e-01 4.365894794464111328e-01 9.598201513290405273e-01 -8.248076774179935455e-03 9.711073637008666992e-01 -9.799830913543701172e-01 -5.339929461479187012e-01 9.554901719093322754e-01 7.385866641998291016e-01 -9.809315204620361328e-01 -7.452567815780639648e-01 -9.014381468296051025e-02 7.396967411041259766e-01 7.656477093696594238e-01 8.047617673873901367e-01 4.858414456248283386e-02
9.283521175384521484e-01 4.365894794464111328e-01 9.598201513290405273e-01 -8.248076774179935455e-03 9.711073637008666992e-01 -9.799830913543701172e-01 -5.339929461479187012e-01 9.554901719093322754e-01 7.385866641998291016e-01 -9.809315204620361328e-01 -7.452567815780639648e-01 -9.014381468296051025e-02 7.396967411041259766e-01 7.656477093696594238e-01 8.047617673873901367e-01 4.858414456248283386e-02
9.283521175384521484e-01 4.365894794464111328e-01 9.598201513290405273e-01 -8.248076774179935455e-03 9.711073637008666992e-01 -9.799830913543701172e-01 -5.339929461479187012e-01 9.554901719093322754e-01 7.385866641998291016e-01 -9.809315204620361328e-01 -7.452567815780639648e-01 -9.014381468296051025e-02 7.396967411041259766e-01 7.656477093696594238e-01 8.047617673873901367e-01 4.858414456248283386e-02
9.283521175384521484e-01 4.365894794464111328e-01 9.598201513290405273e-01 -8.248076774179935455e-03 9.711073637008666992e-01 -9.799830913543701172e-01 -5.339929461479187012e-01 9.554901719093322754e-01 7.385866641998291016e-01 -9.809315204620361328e-01 -7.452567815780639648e-01 -9.014381468296051025e-02 7.396967411041259766e-01 7.656477093696594238e-01 8.047617673873901367e-01 4.858414456248283386e-02
9.283521175384521484e-01 4.365894794464111328e-01 9.598201513290405273e-01 -8.248076774179935455e-03 9.711073637008666992e-01 -9.799830913543701172e-01 -5.339929461479187012e-01 9.554901719093322754e-01 7.385866641998291016e-01 -9.809315204620361328e-01 -7.452567815780639648e-01 -9.014381468296051025e-02 7.396967411041259766e-01 7.656477093696594238e-01 8.047617673873901367e-01 4.858414456248283386e-02
9.283521175384521484e-01 4.365894794464111328e-01 9.598201513290405273e-01 -8.248076774179935455e-03 9.711073637008666992e-01 -9.799830913543701172e-01 -5.339929461479187012e-01 9.554901719093322754e-01 7.385866641998291016e-01 -9.809315204620361328e-01 -7.452567815780639648e-01 -9.014381468296051025e-02 7.396967411041259766e-01 7.656477093696594238e-01 8.047617673873901367e-01 4.858414456248283386e-02
9.283521175384521484e-01 4.365894794464111328e-01 9.598201513290405273e-01 -8.248076774179935455e-03 9.711073637008666992e-01 -9.799830913543701172e-01 -5.339929461479187012e-01 9.554901719093322754e-01 7.385866641998291016e-01 -9.809315204620361328e-01 -7.452567815780639648e-01 -9.014381468296051025e-02 7.396967411041259766e-01 7.656477093696594238e-01 8.047617673873901367e-01 4.858414456248283386e-02
9.283521175384521484e-01 4.365894794464111328e-01 9.598201513290405273e-01 -8.248076774179935455e-03 9.711073637008666992e-01 -9.799830913543701172e-01 -5.339929461479187012e-01 9.554901719093322754e-01 7.385866641998291016e-01 -9.809315204620361328e-01 -7.452567815780639648e-01 -9.014381468296051025e-02 7.396967411041259766e-01 7.656477093696594238e-01 8.047617673873901367e-01 4.858414456248283386e-02
9.283521175384521484e-01 4.365894794464111328e-01 9.598201513290405273e-01 -8.248076774179935455e-03 9.711073637008666992e-01 -9.799830913543701172e-01 -5.339929461479187012e-01 9.554901719093322754e-01 7.385866641998291016e-01 -9.809315204620361328e-01 -7.452567815780639648e-01 -9.014381468296051025e-02 7.396967411041259766e-01 7.656477093696594238e-01 8.047617673873901367e-01 4.858414456248283386e-02
9.283521175384521484e-01 4.365894794464111328e-01 9.598201513290405273e-01 -8.248076774179935455e-03 9.711073637008666992e-01 -9.799830913543701172e-01 -5.339929461479187012e-01 9.554901719093322754e-01 7.385866641998291016e-01 -9.809315204620361328e-01 -7.452567815780639648e-01 -9.014381468296051025e-02 7.396967411041259766e-01 7.656477093696594238e-01 8.047617673873901367e-01 4.858414456248283386e-02
9.283521175384521484e-01 4.365894794464111328e-01 9.598201513290405273e-01 -8.248076774179935455e-03 9.711073637008666992e-01 -9.799830913543701172e-01 -5.339929461479187012e-01 9.554901719093322754e-01 7.385866641998291016e-01 -9.809315204620361328e-01 -7.452567815780639648e-01 -9.014381468296051025e-02 7.396967411041259766e-01 7.656477093696594238e-01 8.047617673873901367e-01 4.858414456248283386e-02
9.283521175384521484e-01 4.365894794464111328e-01 9.598201513290405273e-01 -8.248076774179935455e-03 9.711073637008666992e-01 -9.799830913543701172e-01 -5.339929461479187012e-01 9.554901719093322754e-01 7.385866641998291016e-01 -9.809315204620361328e-01 -7.452567815780639648e-01 -9.014381468296051025e-02 7.396967411041259766e-01 7.656477093696594238e-01 8.047617673873901367e-01 4.858414456248283386e-02
9.283521175384521484e-01 4.365894794464111328e-01 9.598201513290405273e-01 -8.248076774179935455e-03 9.711073637008666992e-01 -9.799830913543701172e-01 -5.339929461479187012e-01 9.554901719093322754e-01 7.385866641998291016e-01 -9.809315204620361328e-01 -7.452567815780639648e-01 -9.014381468296051025e-02 7.396967411041259766e-01 7.656477093696594238e-01 8.047617673873901367e-01 4.858414456248283386e-02
9.283521175384521484e-01 4.365894794464111328e-01 9.598201513290405273e-01 -8.248076774179935455e-03 9.711073637008666992e-01 -9.799830913543701172e-01 -5.339929461479187012e-01 9.554901719093322754e-01 7.385866641998291016e-01 -9.809315204620361328e-01 -7.452567815780639648e-01 -9.014381468296051025e-02 7.396967411041259766e-01 7.656477093696594238e-01 8.047617673873901367e-01 4.858414456248283386e-02
9.283521175384521484e-01 4.365894794464111328e-01 9.598201513290405273e-01 -8.248076774179935455e-03 9.711073637008666992e-01 -9.799830913543701172e-01 -5.339929461479187012e-01 9.554901719093322754e-01 7.385866641998291016e-01 -9.809315204620361328e-01 -7.452567815780639648e-01 -9.014381468296051025e-02 7.396967411041259766e-01 7.656477093696594238e-01 8.047617673873901367e-01 4.858414456248283386e-02
9.283521175384521484e-01 4.365894794464111328e-01 9.598201513290405273e-01 -8.248076774179935455e-03 9.711073637008666992e-01 -9.799830913543701172e-01 -5.339929461479187012e-01 9.554901719093322754e-01 7.385866641998291016e-01 -9.809315204620361328e-01 -7.452567815780639648e-01 -9.014381468296051025e-02 7.396967411041259766e-01 7.656477093696594238e-01 8.047617673873901367e-01 4.858414456248283386e-02
9.283521175384521484e-01 4.365894794464111328e-01 9.598201513290405273e-01 -8.248076774179935455e-03 9.711073637008666992e-01 -9.799830913543701172e-01 -5.339929461479187012e-01 9.554901719093322754e-01 7.385866641998291016e-01 -9.809315204620361328e-01 -7.452567815780639648e-01 -9.014381468296051025e-02 7.396967411041259766e-01 7.656477093696594238e-01 8.047617673873901367e-01 4.858414456248283386e-02
9.283521175384521484e-01 4.365894794464111328e-01 9.598201513290405273e-01 -8.248076774179935455e-03 9.711073637008666992e-01 -9.799830913543701172e-01 -5.339929461479187012e-01 9.554901719093322754e-01 7.385866641998291016e-01 -9.809315204620361328e-01 -7.452567815780639648e-01 -9.014381468296051025e-02 7.396967411041259766e-01 7.656477093696594238e-01 8.047617673873901367e-01 4.858414456248283386e-02
9.283521175384521484e-01 4.365894794464111328e-01 9.598201513290405273e-01 -8.248076774179935455e-03 9.711073637008666992e-01 -9.799830913543701172e-01 -5.339929461479187012e-01 9.554901719093322754e-01 7.385866641998291016e-01 -9.809315204620361328e-01 -7.452567815780639648e-01 -9.014381468296051025e-02 7.396967411041259766e-01 7.656477093696594238e-01 8.047617673873901367e-01 4.858414456248283386e-02
9.283521175384521484e-01 4.365894794464111328e-01 9.598201513290405273e-01 -8.248076774179935455e-03 9.711073637008666992e-01 -9.799830913543701172e-01 -5.339929461479187012e-01 9.554901719093322754e-01 7.385866641998291016e-01 -9.809315204620361328e-01 -7.452567815780639648e-01 -9.014381468296051025e-02 7.396967411041259766e-01 7.656477093696594238e-01 8.047617673873901367e-01 4.858414456248283386e-02
9.283521175384521484e-01 4.365894794464111328e-01 9.598201513290405273e-01 -8.248076774179935455e-03 9.711073637008666992e-01 -9.799830913543701172e-01 -5.339929461479187012e-01 9.554901719093322754e-01 7.385866641998291016e-01 -9.809315204620361328e-01 -7.452567815780639648e-01 -9.014381468296051025e-02 7.396967411041259766e-01 7.656477093696594238e-01 8.047617673873901367e-01 4.858414456248283386e-02
9.283521175384521484e-01 4.365894794464111328e-01 9.598201513290405273e-01 -8.248076774179935455e-03 9.711073637008666992e-01 -9.799830913543701172e-01 -5.339929461479187012e-01 9.554901719093322754e-01 7.385866641998291016e-01 -9.809315204620361328e-01 -7.452567815780639648e-01 -9.014381468296051025e-02 7.396967411041259766e-01 7.656477093696594238e-01 8.047617673873901367e-01 4.858414456248283386e-02
9.283521175384521484e-01 4.365894794464111328e-01 9.598201513290405273e-01 -8.248076774179935455e-03 9.711073637008666992e-01 -9.799830913543701172e-01 -5.339929461479187012e-01 9.554901719093322754e-01 7.385866641998291016e-01 -9.809315204620361328e-01 -7.452567815780639648e-01 -9.014381468296051025e-02 7.396967411041259766e-01 7.656477093696594238e-01 8.047617673873901367e-01 4.858414456248283386e-02
9.283521175384521484e-01 4.365894794464111328e-01 9.598201513290405273e-01 -8.248076774179935455e-03 9.711073637008666992e-01 -9.799830913543701172e-01 -5.339929461479187012e-01 9.554901719093322754e-01 7.385866641998291016e-01 -9.809315204620361328e-01 -7.452567815780639648e-01 -9.014381468296051025e-02 7.396967411041259766e-01 7.656477093696594238e-01 8.047617673873901367e-01 4.858414456248283386e-02
9.283521175384521484e-01 4.365894794464111328e-01 9.598201513290405273e-01 -8.248076774179935455e-03 9.711073637008666992e-01 -9.799830913543701172e-01 -5.339929461479187012e-01 9.554901719093322754e-01 7.385866641998291016e-01 -9.809315204620361328e-01 -7.452567815780639648e-01 -9.014381468296051025e-02 7.396967411041259766e-01 7.656477093696594238e-01 8.047617673873901367e-01 4.858414456248283386e-02
9.283521175384521484e-01 4.365894794464111328e-01 9.598201513290405273e-01 -8.248076774179935455e-03 9.711073637008666992e-01 -9.799830913543701172e-01 -5.339929461479187012e-01 9.554901719093322754e-01 7.385866641998291016e-01 -9.809315204620361328e-01 -7.452567815780639648e-01 -9.014381468296051025e-02 7.396967411041259766e-01 7.656477093696594238e-01 8.047617673873901367e-01 4.858414456248283386e-02
9.283521175384521484e-01 4.365894794464111328e-01 9.598201513290405273e-01 -8.248076774179935455e-03 9.711073637008666992e-01 -9.799830913543701172e-01 -5.339929461479187012e-01 9.554901719093322754e-01 7.385866641998291016e-01 -9.809315204620361328e-01 -7.452567815780639648e-01 -9.014381468296051025e-02 7.396967411041259766e-01 7.656477093696594238e-01 8.047617673873901367e-01 4.858414456248283386e-02
9.283521175384521484e-01 4.365894794464111328e-01 9.598201513290405273e-01 -8.248076774179935455e-03 9.711073637008666992e-01 -9.799830913543701172e-01 -5.339929461479187012e-01 9.554901719093322754e-01 7.385866641998291016e-01 -9.809315204620361328e-01 -7.452567815780639648e-01 -9.014381468296051025e-02 7.396967411041259766e-01 7.656477093696594238e-01 8.047617673873901367e-01 4.858414456248283386e-02
9.283521175384521484e-01 4.365894794464111328e-01 9.598201513290405273e-01 -8.248076774179935455e-03 9.711073637008666992e-01 -9.799830913543701172e-01 -5.339929461479187012e-01 9.554901719093322754e-01 7.385866641998291016e-01 -9.809315204620361328e-01 -7.452567815780639648e-01 -9.014381468296051025e-02 7.396967411041259766e-01 7.656477093696594238e-01 8.047617673873901367e-01 4.858414456248283386e-02
9.283521175384521484e-01 4.365893900394439697e-01 9.598200321197509766e-01 -8.247948251664638519e-03 9.711073040962219238e-01 -9.799832105636596680e-01 -5.339929461479187012e-01 9.554901123046875000e-01 7.385867834091186523e-01 -9.809315204620361328e-01 -7.452567219734191895e-01 -9.014364331960678101e-02 7.396967411041259766e-01 7.656477689743041992e-01 8.047617673873901367e-01 4.858408868312835693e-02
9.283521175384521484e-01 4.365893900394439697e-01 9.598200321197509766e-01 -8.247948251664638519e-03 9.711073040962219238e-01 -9.799832105636596680e-01 -5.339929461479187012e-01 9.554901123046875000e-01 7.385867834091186523e-01 -9.809315204620361328e-01 -7.452567219734191895e-01 -9.014364331960678101e-02 7.396967411041259766e-01 7.656477689743041992e-01 8.047617673873901367e-01 4.858408868312835693e-02
9.283521175384521484e-01 4.365894794464111328e-01 9.598201513290405273e-01 -8.248076774179935455e-03 9.711073637008666992e-01 -9.799830913543701172e-01 -5.339929461479187012e-01 9.554901719093322754e-01 7.385866641998291016e-01 -9.809315204620361328e-01 -7.452567815780639648e-01 -9.014381468296051025e-02 7.396967411041259766e-01 7.656477093696594238e-01 8.047617673873901367e-01 4.858414456248283386e-02
9.283521175384521484e-01 4.365894794464111328e-01 9.598201513290405273e-01 -8.248076774179935455e-03 9.711073637008666992e-01 -9.799830913543701172e-01 -5.339929461479187012e-01 9.554901719093322754e-01 7.385866641998291016e-01 -9.809315204620361328e-01 -7.452567815780639648e-01 -9.014381468296051025e-02 7.396967411041259766e-01 7.656477093696594238e-01 8.047617673873901367e-01 4.858414456248283386e-02
9.283521175384521484e-01 4.365894794464111328e-01 9.598201513290405273e-01 -8.248076774179935455e-03 9.711073637008666992e-01 -9.799830913543701172e-01 -5.339929461479187012e-01 9.554901719093322754e-01 7.385866641998291016e-01 -9.809315204620361328e-01 -7.452567815780639648e-01 -9.014381468296051025e-02 7.396967411041259766e-01 7.656477093696594238e-01 8.047617673873901367e-01 4.858414456248283386e-02
9.283521175384521484e-01 4.365894794464111328e-01 9.598201513290405273e-01 -8.248076774179935455e-03 9.711073637008666992e-01 -9.799830913543701172e-01 -5.339929461479187012e-01 9.554901719093322754e-01 7.385866641998291016e-01 -9.809315204620361328e-01 -7.452567815780639648e-01 -9.014381468296051025e-02 7.396967411041259766e-01 7.656477093696594238e-01 8.047617673873901367e-01 4.858414456248283386e-02
