5.105345845222473145e-01 -5.941483974456787109e-01 5.575214624404907227e-01 -4.372498393058776855e-01 2.087149322032928467e-01 4.099657535552978516e-01 -8.454676270484924316e-01 -1.805174723267555237e-02 -8.585035800933837891e-01 -9.785645604133605957e-01 -4.459659010171890259e-02 9.696434736251831055e-01 8.902633786201477051e-01 -9.726234078407287598e-01 -6.362680792808532715e-01 8.126552104949951172e-01
4.976600706577301025e-01 -3.664411604404449463e-01 2.443053573369979858e-01 -4.187882840633392334e-01 6.483445167541503906e-01 6.094285249710083008e-01 -7.011983990669250488e-01 -3.066462576389312744e-01 -8.706617951393127441e-01 -9.793174266815185547e-01 1.027332842350006104e-01 9.801813960075378418e-01 8.723608851432800293e-01 -9.688856601715087891e-01 -8.085957169532775879e-01 4.114001393318176270e-01
5.184586644172668457e-01 -4.307140707969665527e-01 4.063014388084411621e-01 -7.300367951393127441e-01 4.623467326164245605e-01 7.009731531143188477e-01 -7.937548756599426270e-01 -1.236514672636985779e-01 -9.077680110931396484e-01 -9.753382205963134766e-01 -7.824932783842086792e-02 9.842489361763000488e-01 9.004868268966674805e-01 -9.817687869071960449e-01 -6.619996428489685059e-01 5.545340180397033691e-01
4.397094249725341797e-01 -3.270271122455596924e-01 4.488498270511627197e-01 -5.452527403831481934e-01 5.378279089927673340e-01 6.295051574707031250e-01 -8.183512091636657715e-01 -2.886873781681060791e-01 -8.964695334434509277e-01 -9.815227985382080078e-01 -3.915348276495933533e-02 9.824584126472473145e-01 9.187143445014953613e-01 -9.820217490196228027e-01 -7.766765952110290527e-01 5.332201719284057617e-01
4.873306751251220703e-01 -3.724775612354278564e-01 4.111366868019104004e-01 -6.008273363113403320e-01 5.223485231399536133e-01 6.529474258422851562e-01 -7.647300958633422852e-01 -1.934911459684371948e-01 -8.838084936141967773e-01 -9.810435175895690918e-01 -8.301198482513427734e-02 9.825547337532043457e-01 9.137349128723144531e-01 -9.816718101501464844e-01 -6.870367527008056641e-01 5.975820422172546387e-01
5.050520300865173340e-01 -3.717853724956512451e-01 4.368574917316436768e-01 -5.477104783058166504e-01 5.339049696922302246e-01 6.608772277832031250e-01 -8.014428615570068359e-01 -2.560689747333526611e-01 -8.884867429733276367e-01 -9.812171459197998047e-01 -5.105036869645118713e-02 9.824758768081665039e-01 9.104410409927368164e-01 -9.805245399475097656e-01 -7.248487472534179688e-01 5.489928126335144043e-01
5.016492605209350586e-01 -3.862553536891937256e-01 4.417957663536071777e-01 -5.789695382118225098e-01 5.113238096237182617e-01 6.377831101417541504e-01 -7.805191278457641602e-01 -2.278459072113037109e-01 -8.916089534759521484e-01 -9.809650778770446777e-01 -7.032509148120880127e-02 9.830151200294494629e-01 9.089986085891723633e-01 -9.803331494331359863e-01 -7.072231769561767578e-01 5.708341598510742188e-01
4.924832880496978760e-01 -3.824930489063262939e-01 4.355130791664123535e-01 -5.561518073081970215e-01 5.202772021293640137e-01 6.459562778472900391e-01 -7.842577695846557617e-01 -2.533001899719238281e-01 -8.894925713539123535e-01 -9.811738133430480957e-01 -5.985553562641143799e-02 9.822060465812683105e-01 9.067050814628601074e-01 -9.803245663642883301e-01 -7.214691638946533203e-01 5.564998388290405273e-01
4.992488920688629150e-01 -3.842259943485260010e-01 4.288478493690490723e-01 -5.726594924926757812e-01 5.098230242729187012e-01 6.451814770698547363e-01 -7.809458374977111816e-01 -2.382605671882629395e-01 -8.905522823333740234e-01 -9.810229539871215820e-01 -6.833071261644363403e-02 9.822786450386047363e-01 9.073472023010253906e-01 -9.802458882331848145e-01 -7.121701836585998535e-01 5.656324028968811035e-01
4.943552315235137939e-01 -3.814230263233184814e-01 4.316085577011108398e-01 -5.629406571388244629e-01 5.153748989105224609e-01 6.478713750839233398e-01 -7.849677801132202148e-01 -2.452068477869033813e-01 -8.912955522537231445e-01 -9.810496568679809570e-01 -6.171868741512298584e-02 9.821752309799194336e-01 9.085283875465393066e-01 -9.802288413047790527e-01 -7.188954949378967285e-01 5.585309267044067383e-01
4.966196119785308838e-01 -3.810457885265350342e-01 4.301463067531585693e-01 -5.704085826873779297e-01 5.138080716133117676e-01 6.462621092796325684e-01 -7.829084992408752441e-01 -2.379298508167266846e-01 -8.910234570503234863e-01 -9.809914231300354004e-01 -6.391723453998565674e-02 9.823053479194641113e-01 9.084954857826232910e-01 -9.803209304809570312e-01 -7.154858708381652832e-01 5.643591880798339844e-01
4.258319437503814697e-01 -6.478125452995300293e-01 6.985583305358886719e-01 -3.354522287845611572e-01 2.776993215084075928e-01 5.748534202575683594e-01 -8.294058442115783691e-01 -9.188810363411903381e-03 -9.025110602378845215e-01 -9.739346504211425781e-01 2.073473930358886719e-01 9.656124711036682129e-01 9.212303161621093750e-01 -9.866694808006286621e-01 -7.544832825660705566e-01 6.687245368957519531e-01
4.344793260097503662e-01 -6.051731705665588379e-01 5.694795250892639160e-01 -4.102204442024230957e-01 4.277687370777130127e-01 4.711657762527465820e-01 -7.617704272270202637e-01 3.748399764299392700e-02 -8.659650087356567383e-01 -9.714992642402648926e-01 3.528049290180206299e-01 9.698791503906250000e-01 8.736792206764221191e-01 -9.802279472351074219e-01 -8.566544055938720703e-01 6.752004623413085938e-01
3.917994201183319092e-01 -6.411610245704650879e-01 5.821144580841064453e-01 -5.528132915496826172e-01 4.720719754695892334e-01 5.718794465065002441e-01 -7.848132848739624023e-01 5.438451841473579407e-02 -8.569236993789672852e-01 -9.697611331939697266e-01 2.949538528919219971e-01 9.748464226722717285e-01 8.703544735908508301e-01 -9.829019904136657715e-01 -8.461842536926269531e-01 6.168413758277893066e-01
3.724034428596496582e-01 -5.949310064315795898e-01 5.947322249412536621e-01 -5.412127971649169922e-01 4.361931085586547852e-01 5.336324572563171387e-01 -8.143376708030700684e-01 1.080396305769681931e-02 -8.603641390800476074e-01 -9.728922843933105469e-01 2.275611609220504761e-01 9.745748043060302734e-01 8.792335987091064453e-01 -9.855352044105529785e-01 -8.562233448028564453e-01 6.298850178718566895e-01
3.667548894882202148e-01 -5.914143323898315430e-01 5.815235972404479980e-01 -4.925248622894287109e-01 4.368557333946228027e-01 5.429822206497192383e-01 -7.945153117179870605e-01 1.852556690573692322e-02 -8.590947389602661133e-01 -9.731130599975585938e-01 2.286465018987655640e-01 9.724168181419372559e-01 8.864189982414245605e-01 -9.855642914772033691e-01 -8.428810834884643555e-01 6.372517943382263184e-01
3.969583511352539062e-01 -5.918746590614318848e-01 5.772094726562500000e-01 -4.945765435695648193e-01 4.360621273517608643e-01 5.530178546905517578e-01 -7.980378866195678711e-01 3.421865031123161316e-02 -8.602965474128723145e-01 -9.721077084541320801e-01 2.499741464853286743e-01 9.725719690322875977e-01 8.838588595390319824e-01 -9.849965572357177734e-01 -8.409188985824584961e-01 6.421250700950622559e-01
3.905340135097503662e-01 -5.971981883049011230e-01 5.911065936088562012e-01 -5.023657083511352539e-01 4.433538019657135010e-01 5.493785142898559570e-01 -8.006119132041931152e-01 3.603229299187660217e-02 -8.618499636650085449e-01 -9.718664884567260742e-01 2.578301727771759033e-01 9.738329052925109863e-01 8.848792314529418945e-01 -9.846946597099304199e-01 -8.452639579772949219e-01 6.364747881889343262e-01
3.857598006725311279e-01 -5.964134335517883301e-01 5.908222198486328125e-01 -5.077282190322875977e-01 4.453006684780120850e-01 5.442568659782409668e-01 -7.994471788406372070e-01 3.252928331494331360e-02 -8.594389557838439941e-01 -9.721840620040893555e-01 2.524333596229553223e-01 9.739034771919250488e-01 8.828434944152832031e-01 -9.849703907966613770e-01 -8.460993766784667969e-01 6.391205191612243652e-01
3.853090107440948486e-01 -5.967301726341247559e-01 5.886128544807434082e-01 -5.045924782752990723e-01 4.439810812473297119e-01 5.463293194770812988e-01 -7.991504073143005371e-01 2.835615910589694977e-02 -8.586238026618957520e-01 -9.723562002182006836e-01 2.475898712873458862e-01 9.736550450325012207e-01 8.827226161956787109e-01 -9.850284457206726074e-01 -8.449403643608093262e-01 6.373469829559326172e-01
3.875013589859008789e-01 -5.963084697723388672e-01 5.876464247703552246e-01 -5.025384426116943359e-01 4.403679966926574707e-01 5.461019873619079590e-01 -7.990627288818359375e-01 2.892637439072132111e-02 -8.595877289772033691e-01 -9.723099470138549805e-01 2.470076829195022583e-01 9.734946489334106445e-01 8.828883767127990723e-01 -9.849828481674194336e-01 -8.441531062126159668e-01 6.378121376037597656e-01
3.871850669384002686e-01 -5.963822007179260254e-01 5.877724885940551758e-01 -5.014513731002807617e-01 4.406537711620330811e-01 5.464968681335449219e-01 -7.986894249916076660e-01 2.982568740844726562e-02 -8.600375056266784668e-01 -9.722163677215576172e-01 2.496565878391265869e-01 9.734668135643005371e-01 8.831387162208557129e-01 -9.849233031272888184e-01 -8.445069789886474609e-01 6.376004815101623535e-01
3.873177170753479004e-01 -5.964480042457580566e-01 5.877181887626647949e-01 -5.032978057861328125e-01 4.413876533508300781e-01 5.465598106384277344e-01 -7.988169789314270020e-01 3.088126517832279205e-02 -8.598695397377014160e-01 -9.721859693527221680e-01 2.505467534065246582e-01 9.735276103019714355e-01 8.830764293670654297e-01 -9.849190711975097656e-01 -8.447316288948059082e-01 6.380800008773803711e-01
3.866666853427886963e-01 -5.964328050613403320e-01 5.880551338195800781e-01 -5.037426948547363281e-01 4.421299993991851807e-01 5.466014146804809570e-01 -7.991434931755065918e-01 3.048616088926792145e-02 -8.597136735916137695e-01 -9.722178578376770020e-01 2.500839829444885254e-01 9.735729694366455078e-01 8.831436038017272949e-01 -9.849377870559692383e-01 -8.449435234069824219e-01 6.377554535865783691e-01
3.867707848548889160e-01 -5.962818861007690430e-01 5.879830121994018555e-01 -5.036779046058654785e-01 4.419506788253784180e-01 5.464023947715759277e-01 -7.991291880607604980e-01 3.030772134661674500e-02 -8.596550822257995605e-01 -9.722416996955871582e-01 2.493826448917388916e-01 9.735658764839172363e-01 8.831221461296081543e-01 -9.849584698677062988e-01 -8.447864651679992676e-01 6.379097700119018555e-01
3.868665695190429688e-01 -5.962982773780822754e-01 5.879849791526794434e-01 -5.031540393829345703e-01 4.418157041072845459e-01 5.464984774589538574e-01 -7.990676760673522949e-01 3.013767488300800323e-02 -8.596950769424438477e-01 -9.722408056259155273e-01 2.493781000375747681e-01 9.735494256019592285e-01 8.831290602684020996e-01 -9.849555492401123047e-01 -8.447116613388061523e-01 6.378096342086791992e-01
3.870459198951721191e-01 -5.963390469551086426e-01 5.879686474800109863e-01 -5.031626224517822266e-01 4.416610300540924072e-01 5.464616417884826660e-01 -7.990171313285827637e-01 3.027395345270633698e-02 -8.597342371940612793e-01 -9.722309708595275879e-01 2.495465427637100220e-01 9.735469222068786621e-01 8.831055760383605957e-01 -9.849482178688049316e-01 -8.446847796440124512e-01 6.378865242004394531e-01
3.869513869285583496e-01 -5.963799357414245605e-01 5.880063772201538086e-01 -5.031965970993041992e-01 4.417356848716735840e-01 5.464787483215332031e-01 -7.990194559097290039e-01 3.027154505252838135e-02 -8.597368597984313965e-01 -9.722279310226440430e-01 2.496772557497024536e-01 9.735503792762756348e-01 8.831046223640441895e-01 -9.849445819854736328e-01 -8.447387218475341797e-01 6.378338932991027832e-01
3.869360387325286865e-01 -5.963697433471679688e-01 5.879785418510437012e-01 -5.033153891563415527e-01 4.417463541030883789e-01 5.464571714401245117e-01 -7.990273237228393555e-01 3.029310144484043121e-02 -8.597201704978942871e-01 -9.722294211387634277e-01 2.496332675218582153e-01 9.735519886016845703e-01 8.830979466438293457e-01 -9.849463105201721191e-01 -8.447440862655639648e-01 6.378646492958068848e-01
3.869009613990783691e-01 -5.963594317436218262e-01 5.879779458045959473e-01 -5.032845735549926758e-01 4.417656958103179932e-01 5.464758276939392090e-01 -7.990400195121765137e-01 3.025618381798267365e-02 -8.597174882888793945e-01 -9.722315073013305664e-01 2.495939433574676514e-01 9.735511541366577148e-01 8.831071257591247559e-01 -9.849476814270019531e-01 -8.447464704513549805e-01 6.378386020660400391e-01
3.869300186634063721e-01 -5.963487029075622559e-01 5.879679918289184570e-01 -5.032777190208435059e-01 4.417435228824615479e-01 5.464695096015930176e-01 -7.990369200706481934e-01 3.027065098285675049e-02 -8.597206473350524902e-01 -9.722315073013305664e-01 2.495794147253036499e-01 9.735502600669860840e-01 8.831083774566650391e-01 -9.849480986595153809e-01 -8.447341918945312500e-01 6.378571391105651855e-01
3.869286775588989258e-01 -5.963526368141174316e-01 5.879769921302795410e-01 -5.032564997673034668e-01 4.417512416839599609e-01 5.464774370193481445e-01 -7.990361452102661133e-01 3.026892617344856262e-02 -8.597234487533569336e-01 -9.722309112548828125e-01 2.495992034673690796e-01 9.735503196716308594e-01 8.831102848052978516e-01 -9.849475622177124023e-01 -8.447363376617431641e-01 6.378483176231384277e-01
3.869360089302062988e-01 -5.963543653488159180e-01 5.879779458045959473e-01 -5.032718181610107422e-01 4.417495131492614746e-01 5.464714765548706055e-01 -7.990351319313049316e-01 3.027782589197158813e-02 -8.597225546836853027e-01 -9.722306132316589355e-01 2.496035397052764893e-01 9.735508561134338379e-01 8.831077814102172852e-01 -9.849475026130676270e-01 -8.447362184524536133e-01 6.378557085990905762e-01
3.869273364543914795e-01 -5.963563323020935059e-01 5.879808068275451660e-01 -5.032698512077331543e-01 4.417550861835479736e-01 5.464728474617004395e-01 -7.990361452102661133e-01 3.027071058750152588e-02 -8.597215414047241211e-01 -9.722309112548828125e-01 2.496024072170257568e-01 9.735510349273681641e-01 8.831077814102172852e-01 -9.849475026130676270e-01 -8.447387814521789551e-01 6.378498077392578125e-01
3.869300186634063721e-01 -5.963551998138427734e-01 5.879778265953063965e-01 -5.032727718353271484e-01 4.417507052421569824e-01 5.464705824851989746e-01 -7.990354895591735840e-01 3.027124516665935516e-02 -8.597211837768554688e-01 -9.722310900688171387e-01 2.495968490839004517e-01 9.735509157180786133e-01 8.831071257591247559e-01 -9.849476218223571777e-01 -8.447370529174804688e-01 6.378528475761413574e-01
3.869284391403198242e-01 -5.963553190231323242e-01 5.879779458045959473e-01 -5.032679438591003418e-01 4.417508840560913086e-01 5.464726090431213379e-01 -7.990355491638183594e-01 3.026931360363960266e-02 -8.597217202186584473e-01 -9.722309708595275879e-01 2.495979368686676025e-01 9.735506772994995117e-01 8.831077218055725098e-01 -9.849474430084228516e-01 -8.447372913360595703e-01 6.378504633903503418e-01
3.869306147098541260e-01 -5.963549017906188965e-01 5.879772305488586426e-01 -5.032696127891540527e-01 4.417495131492614746e-01 5.464718341827392578e-01 -7.990352511405944824e-01 3.027169406414031982e-02 -8.597219586372375488e-01 -9.722309112548828125e-01 2.495987713336944580e-01 9.735507965087890625e-01 8.831076025962829590e-01 -9.849475622177124023e-01 -8.447369337081909180e-01 6.378521323204040527e-01
3.869292736053466797e-01 -5.963551998138427734e-01 5.879779458045959473e-01 -5.032691955566406250e-01 4.417511522769927979e-01 5.464723706245422363e-01 -7.990354895591735840e-01 3.027115575969219208e-02 -8.597218394279479980e-01 -9.722309112548828125e-01 2.495999932289123535e-01 9.735507965087890625e-01 8.831077218055725098e-01 -9.849475026130676270e-01 -8.447374701499938965e-01 6.378513574600219727e-01
3.869296908378601074e-01 -5.963550806045532227e-01 5.879777669906616211e-01 -5.032706260681152344e-01 4.417510032653808594e-01 5.464720129966735840e-01 -7.990356087684631348e-01 3.027172386646270752e-02 -8.597217798233032227e-01 -9.722309112548828125e-01 2.495993375778198242e-01 9.735509157180786133e-01 8.831077218055725098e-01 -9.849475622177124023e-01 -8.447372317314147949e-01 6.378520131111145020e-01
3.869291841983795166e-01 -5.963550806045532227e-01 5.879779458045959473e-01 -5.032697319984436035e-01 4.417513608932495117e-01 5.464722514152526855e-01 -7.990356683731079102e-01 3.027100674808025360e-02 -8.597217798233032227e-01 -9.722308516502380371e-01 2.495991736650466919e-01 9.735509157180786133e-01 8.831078410148620605e-01 -9.849475622177124023e-01 -8.447373509407043457e-01 6.378515362739562988e-01
3.869297504425048828e-01 -5.963550806045532227e-01 5.879778265953063965e-01 -5.032699108123779297e-01 4.417507946491241455e-01 5.464720726013183594e-01 -7.990356087684631348e-01 3.027112595736980438e-02 -8.597217202186584473e-01 -9.722309112548828125e-01 2.495988756418228149e-01 9.735509157180786133e-01 8.831076025962829590e-01 -9.849474430084228516e-01 -8.447371721267700195e-01 6.378518939018249512e-01
3.869295120239257812e-01 -5.963550806045532227e-01 5.879779458045959473e-01 -5.032697319984436035e-01 4.417508840560913086e-01 5.464721918106079102e-01 -7.990355491638183594e-01 3.027118556201457977e-02 -8.597217202186584473e-01 -9.722309112548828125e-01 2.495990395545959473e-01 9.735507965087890625e-01 8.831076025962829590e-01 -9.849475622177124023e-01 -8.447372317314147949e-01 6.378516554832458496e-01
3.869295120239257812e-01 -5.963550806045532227e-01 5.879778265953063965e-01 -5.032697916030883789e-01 4.417508840560913086e-01 5.464721918106079102e-01 -7.990355491638183594e-01 3.027115575969219208e-02 -8.597217798233032227e-01 -9.722309112548828125e-01 2.495991289615631104e-01 9.735509157180786133e-01 8.831076025962829590e-01 -9.849475622177124023e-01 -8.447372317314147949e-01 6.378517150878906250e-01
3.869295120239257812e-01 -5.963551998138427734e-01 5.879777669906616211e-01 -5.032697319984436035e-01 4.417509436607360840e-01 5.464722514152526855e-01 -7.990355491638183594e-01 3.027112595736980438e-02 -8.597217202186584473e-01 -9.722309112548828125e-01 2.495991736650466919e-01 9.735507965087890625e-01 8.831076025962829590e-01 -9.849475622177124023e-01 -8.447372317314147949e-01 6.378516554832458496e-01
3.869295716285705566e-01 -5.963550806045532227e-01 5.879778265953063965e-01 -5.032699108123779297e-01 4.417508840560913086e-01 5.464721322059631348e-01 -7.990356087684631348e-01 3.027127496898174286e-02 -8.597217202186584473e-01 -9.722309112548828125e-01 2.495992779731750488e-01 9.735509157180786133e-01 8.831076025962829590e-01 -9.849475622177124023e-01 -8.447372317314147949e-01 6.378517150878906250e-01
3.869294226169586182e-01 -5.963550806045532227e-01 5.879778265953063965e-01 -5.032698512077331543e-01 4.417510032653808594e-01 5.464721322059631348e-01 -7.990356087684631348e-01 3.027118556201457977e-02 -8.597217202186584473e-01 -9.722309112548828125e-01 2.495992034673690796e-01 9.735509157180786133e-01 8.831076025962829590e-01 -9.849475622177124023e-01 -8.447372317314147949e-01 6.378516554832458496e-01
3.869295120239257812e-01 -5.963550806045532227e-01 5.879778265953063965e-01 -5.032699108123779297e-01 4.417510628700256348e-01 5.464721322059631348e-01 -7.990356087684631348e-01 3.027124516665935516e-02 -8.597217202186584473e-01 -9.722309112548828125e-01 2.495992034673690796e-01 9.735509157180786133e-01 8.831077218055725098e-01 -9.849475622177124023e-01 -8.447372317314147949e-01 6.378517746925354004e-01
3.869294524192810059e-01 -5.963550806045532227e-01 5.879778265953063965e-01 -5.032698512077331543e-01 4.417510032653808594e-01 5.464721322059631348e-01 -7.990356087684631348e-01 3.027124516665935516e-02 -8.597217202186584473e-01 -9.722309112548828125e-01 2.495992034673690796e-01 9.735509157180786133e-01 8.831076025962829590e-01 -9.849475622177124023e-01 -8.447372317314147949e-01 6.378517150878906250e-01
3.869295120239257812e-01 -5.963550806045532227e-01 5.879778265953063965e-01 -5.032699108123779297e-01 4.417509436607360840e-01 5.464721322059631348e-01 -7.990356087684631348e-01 3.027118556201457977e-02 -8.597217202186584473e-01 -9.722309112548828125e-01 2.495992034673690796e-01 9.735509157180786133e-01 8.831077218055725098e-01 -9.849475622177124023e-01 -8.447372317314147949e-01 6.378517150878906250e-01
3.869294524192810059e-01 -5.963550806045532227e-01 5.879778265953063965e-01 -5.032698512077331543e-01 4.417510032653808594e-01 5.464721322059631348e-01 -7.990356087684631348e-01 3.027124516665935516e-02 -8.597217202186584473e-01 -9.722309112548828125e-01 2.495992034673690796e-01 9.735509157180786133e-01 8.831076025962829590e-01 -9.849475622177124023e-01 -8.447372317314147949e-01 6.378517150878906250e-01
3.869295120239257812e-01 -5.963550806045532227e-01 5.879779458045959473e-01 -5.032697916030883789e-01 4.417508840560913086e-01 5.464721322059631348e-01 -7.990355491638183594e-01 3.027109615504741669e-02 -8.597217798233032227e-01 -9.722309112548828125e-01 2.495991289615631104e-01 9.735509157180786133e-01 8.831076025962829590e-01 -9.849475622177124023e-01 -8.447372317314147949e-01 6.378517150878906250e-01
3.869295120239257812e-01 -5.963550806045532227e-01 5.879779458045959473e-01 -5.032697916030883789e-01 4.417508840560913086e-01 5.464721322059631348e-01 -7.990355491638183594e-01 3.027109615504741669e-02 -8.597217798233032227e-01 -9.722309112548828125e-01 2.495991289615631104e-01 9.735509157180786133e-01 8.831076025962829590e-01 -9.849475622177124023e-01 -8.447372317314147949e-01 6.378517150878906250e-01
3.869295120239257812e-01 -5.963550806045532227e-01 5.879779458045959473e-01 -5.032697916030883789e-01 4.417508840560913086e-01 5.464721322059631348e-01 -7.990355491638183594e-01 3.027109615504741669e-02 -8.597217798233032227e-01 -9.722309112548828125e-01 2.495991289615631104e-01 9.735509157180786133e-01 8.831076025962829590e-01 -9.849475622177124023e-01 -8.447372317314147949e-01 6.378517150878906250e-01
3.869295120239257812e-01 -5.963550806045532227e-01 5.879779458045959473e-01 -5.032697916030883789e-01 4.417508840560913086e-01 5.464721322059631348e-01 -7.990355491638183594e-01 3.027109615504741669e-02 -8.597217798233032227e-01 -9.722309112548828125e-01 2.495991289615631104e-01 9.735509157180786133e-01 8.831076025962829590e-01 -9.849475622177124023e-01 -8.447372317314147949e-01 6.378517150878906250e-01
3.869295120239257812e-01 -5.963550806045532227e-01 5.879779458045959473e-01 -5.032697916030883789e-01 4.417508840560913086e-01 5.464721322059631348e-01 -7.990355491638183594e-01 3.027109615504741669e-02 -8.597217798233032227e-01 -9.722309112548828125e-01 2.495991289615631104e-01 9.735509157180786133e-01 8.831076025962829590e-01 -9.849475622177124023e-01 -8.447372317314147949e-01 6.378517150878906250e-01
3.869295120239257812e-01 -5.963550806045532227e-01 5.879779458045959473e-01 -5.032697916030883789e-01 4.417508840560913086e-01 5.464721322059631348e-01 -7.990355491638183594e-01 3.027109615504741669e-02 -8.597217798233032227e-01 -9.722309112548828125e-01 2.495991289615631104e-01 9.735509157180786133e-01 8.831076025962829590e-01 -9.849475622177124023e-01 -8.447372317314147949e-01 6.378517150878906250e-01
3.869295120239257812e-01 -5.963550806045532227e-01 5.879779458045959473e-01 -5.032697916030883789e-01 4.417508840560913086e-01 5.464721322059631348e-01 -7.990355491638183594e-01 3.027109615504741669e-02 -8.597217798233032227e-01 -9.722309112548828125e-01 2.495991289615631104e-01 9.735509157180786133e-01 8.831076025962829590e-01 -9.849475622177124023e-01 -8.447372317314147949e-01 6.378517150878906250e-01
3.869295120239257812e-01 -5.963550806045532227e-01 5.879779458045959473e-01 -5.032697916030883789e-01 4.417508840560913086e-01 5.464721322059631348e-01 -7.990355491638183594e-01 3.027109615504741669e-02 -8.597217798233032227e-01 -9.722309112548828125e-01 2.495991289615631104e-01 9.735509157180786133e-01 8.831076025962829590e-01 -9.849475622177124023e-01 -8.447372317314147949e-01 6.378517150878906250e-01
3.869295120239257812e-01 -5.963550806045532227e-01 5.879779458045959473e-01 -5.032697916030883789e-01 4.417508840560913086e-01 5.464721322059631348e-01 -7.990355491638183594e-01 3.027109615504741669e-02 -8.597217798233032227e-01 -9.722309112548828125e-01 2.495991289615631104e-01 9.735509157180786133e-01 8.831076025962829590e-01 -9.849475622177124023e-01 -8.447372317314147949e-01 6.378517150878906250e-01
3.869295120239257812e-01 -5.963550806045532227e-01 5.879779458045959473e-01 -5.032697916030883789e-01 4.417508840560913086e-01 5.464721322059631348e-01 -7.990355491638183594e-01 3.027109615504741669e-02 -8.597217798233032227e-01 -9.722309112548828125e-01 2.495991289615631104e-01 9.735509157180786133e-01 8.831076025962829590e-01 -9.849475622177124023e-01 -8.447372317314147949e-01 6.378517150878906250e-01
3.869295120239257812e-01 -5.963550806045532227e-01 5.879779458045959473e-01 -5.032697916030883789e-01 4.417508840560913086e-01 5.464721322059631348e-01 -7.990355491638183594e-01 3.027109615504741669e-02 -8.597217798233032227e-01 -9.722309112548828125e-01 2.495991289615631104e-01 9.735509157180786133e-01 8.831076025962829590e-01 -9.849475622177124023e-01 -8.447372317314147949e-01 6.378517150878906250e-01
3.869295120239257812e-01 -5.963550806045532227e-01 5.879779458045959473e-01 -5.032697916030883789e-01 4.417508840560913086e-01 5.464721322059631348e-01 -7.990355491638183594e-01 3.027109615504741669e-02 -8.597217798233032227e-01 -9.722309112548828125e-01 2.495991289615631104e-01 9.735509157180786133e-01 8.831076025962829590e-01 -9.849475622177124023e-01 -8.447372317314147949e-01 6.378517150878906250e-01
3.869295716285705566e-01 -5.963550806045532227e-01 5.879779458045959473e-01 -5.032697916030883789e-01 4.417508840560913086e-01 5.464721918106079102e-01 -7.990356087684631348e-01 3.027100674808025360e-02 -8.597217202186584473e-01 -9.722309112548828125e-01 2.495991736650466919e-01 9.735509157180786133e-01 8.831076025962829590e-01 -9.849475622177124023e-01 -8.447371721267700195e-01 6.378517746925354004e-01
3.869295716285705566e-01 -5.963550806045532227e-01 5.879779458045959473e-01 -5.032697916030883789e-01 4.417508840560913086e-01 5.464721918106079102e-01 -7.990356087684631348e-01 3.027100674808025360e-02 -8.597217202186584473e-01 -9.722309112548828125e-01 2.495991736650466919e-01 9.735509157180786133e-01 8.831076025962829590e-01 -9.849475622177124023e-01 -8.447371721267700195e-01 6.378517746925354004e-01
3.869295120239257812e-01 -5.963550806045532227e-01 5.879779458045959473e-01 -5.032697916030883789e-01 4.417508840560913086e-01 5.464721322059631348e-01 -7.990355491638183594e-01 3.027109615504741669e-02 -8.597217798233032227e-01 -9.722309112548828125e-01 2.495991289615631104e-01 9.735509157180786133e-01 8.831076025962829590e-01 -9.849475622177124023e-01 -8.447372317314147949e-01 6.378517150878906250e-01
3.869295120239257812e-01 -5.963550806045532227e-01 5.879779458045959473e-01 -5.032697916030883789e-01 4.417508840560913086e-01 5.464721322059631348e-01 -7.990355491638183594e-01 3.027109615504741669e-02 -8.597217798233032227e-01 -9.722309112548828125e-01 2.495991289615631104e-01 9.735509157180786133e-01 8.831076025962829590e-01 -9.849475622177124023e-01 -8.447372317314147949e-01 6.378517150878906250e-01
3.869295120239257812e-01 -5.963550806045532227e-01 5.879779458045959473e-01 -5.032697916030883789e-01 4.417508840560913086e-01 5.464721322059631348e-01 -7.990355491638183594e-01 3.027109615504741669e-02 -8.597217798233032227e-01 -9.722309112548828125e-01 2.495991289615631104e-01 9.735509157180786133e-01 8.831076025962829590e-01 -9.849475622177124023e-01 -8.447372317314147949e-01 6.378517150878906250e-01
3.869295120239257812e-01 -5.963550806045532227e-01 5.879779458045959473e-01 -5.032697916030883789e-01 4.417508840560913086e-01 5.464721322059631348e-01 -7.990355491638183594e-01 3.027109615504741669e-02 -8.597217798233032227e-01 -9.722309112548828125e-01 2.495991289615631104e-01 9.735509157180786133e-01 8.831076025962829590e-01 -9.849475622177124023e-01 -8.447372317314147949e-01 6.378517150878906250e-01
3.869295120239257812e-01 -5.963550806045532227e-01 5.879779458045959473e-01 -5.032697916030883789e-01 4.417508840560913086e-01 5.464721322059631348e-01 -7.990355491638183594e-01 3.027109615504741669e-02 -8.597217798233032227e-01 -9.722309112548828125e-01 2.495991289615631104e-01 9.735509157180786133e-01 8.831076025962829590e-01 -9.849475622177124023e-01 -8.447372317314147949e-01 6.378517150878906250e-01
3.869295120239257812e-01 -5.963550806045532227e-01 5.879779458045959473e-01 -5.032697916030883789e-01 4.417508840560913086e-01 5.464721322059631348e-01 -7.990355491638183594e-01 3.027109615504741669e-02 -8.597217798233032227e-01 -9.722309112548828125e-01 2.495991289615631104e-01 9.735509157180786133e-01 8.831076025962829590e-01 -9.849475622177124023e-01 -8.447372317314147949e-01 6.378517150878906250e-01
3.869295120239257812e-01 -5.963550806045532227e-01 5.879779458045959473e-01 -5.032697916030883789e-01 4.417508840560913086e-01 5.464721322059631348e-01 -7.990355491638183594e-01 3.027109615504741669e-02 -8.597217798233032227e-01 -9.722309112548828125e-01 2.495991289615631104e-01 9.735509157180786133e-01 8.831076025962829590e-01 -9.849475622177124023e-01 -8.447372317314147949e-01 6.378517150878906250e-01
3.869295120239257812e-01 -5.963550806045532227e-01 5.879779458045959473e-01 -5.032697916030883789e-01 4.417508840560913086e-01 5.464721322059631348e-01 -7.990355491638183594e-01 3.027109615504741669e-02 -8.597217798233032227e-01 -9.722309112548828125e-01 2.495991289615631104e-01 9.735509157180786133e-01 8.831076025962829590e-01 -9.849475622177124023e-01 -8.447372317314147949e-01 6.378517150878906250e-01
3.869295120239257812e-01 -5.963550806045532227e-01 5.879779458045959473e-01 -5.032697916030883789e-01 4.417508840560913086e-01 5.464721322059631348e-01 -7.990355491638183594e-01 3.027109615504741669e-02 -8.597217798233032227e-01 -9.722309112548828125e-01 2.495991289615631104e-01 9.735509157180786133e-01 8.831076025962829590e-01 -9.849475622177124023e-01 -8.447372317314147949e-01 6.378517150878906250e-01
3.869295120239257812e-01 -5.963550806045532227e-01 5.879779458045959473e-01 -5.032697916030883789e-01 4.417508840560913086e-01 5.464721322059631348e-01 -7.990355491638183594e-01 3.027109615504741669e-02 -8.597217798233032227e-01 -9.722309112548828125e-01 2.495991289615631104e-01 9.735509157180786133e-01 8.831076025962829590e-01 -9.849475622177124023e-01 -8.447372317314147949e-01 6.378517150878906250e-01
3.869295120239257812e-01 -5.963550806045532227e-01 5.879779458045959473e-01 -5.032697916030883789e-01 4.417508840560913086e-01 5.464721322059631348e-01 -7.990355491638183594e-01 3.027109615504741669e-02 -8.597217798233032227e-01 -9.722309112548828125e-01 2.495991289615631104e-01 9.735509157180786133e-01 8.831076025962829590e-01 -9.849475622177124023e-01 -8.447372317314147949e-01 6.378517150878906250e-01
3.869295120239257812e-01 -5.963550806045532227e-01 5.879779458045959473e-01 -5.032697916030883789e-01 4.417508840560913086e-01 5.464721322059631348e-01 -7.990355491638183594e-01 3.027109615504741669e-02 -8.597217798233032227e-01 -9.722309112548828125e-01 2.495991289615631104e-01 9.735509157180786133e-01 8.831076025962829590e-01 -9.849475622177124023e-01 -8.447372317314147949e-01 6.378517150878906250e-01
3.869295120239257812e-01 -5.963550806045532227e-01 5.879779458045959473e-01 -5.032697916030883789e-01 4.417508840560913086e-01 5.464721322059631348e-01 -7.990355491638183594e-01 3.027109615504741669e-02 -8.597217798233032227e-01 -9.722309112548828125e-01 2.495991289615631104e-01 9.735509157180786133e-01 8.831076025962829590e-01 -9.849475622177124023e-01 -8.447372317314147949e-01 6.378517150878906250e-01
3.869295120239257812e-01 -5.963550806045532227e-01 5.879779458045959473e-01 -5.032697916030883789e-01 4.417508840560913086e-01 5.464721322059631348e-01 -7.990355491638183594e-01 3.027109615504741669e-02 -8.597217798233032227e-01 -9.722309112548828125e-01 2.495991289615631104e-01 9.735509157180786133e-01 8.831076025962829590e-01 -9.849475622177124023e-01 -8.447372317314147949e-01 6.378517150878906250e-01
3.869295120239257812e-01 -5.963550806045532227e-01 5.879779458045959473e-01 -5.032697916030883789e-01 4.417508840560913086e-01 5.464721322059631348e-01 -7.990355491638183594e-01 3.027109615504741669e-02 -8.597217798233032227e-01 -9.722309112548828125e-01 2.495991289615631104e-01 9.735509157180786133e-01 8.831076025962829590e-01 -9.849475622177124023e-01 -8.447372317314147949e-01 6.378517150878906250e-01
3.869295120239257812e-01 -5.963550806045532227e-01 5.879779458045959473e-01 -5.032697916030883789e-01 4.417508840560913086e-01 5.464721322059631348e-01 -7.990355491638183594e-01 3.027109615504741669e-02 -8.597217798233032227e-01 -9.722309112548828125e-01 2.495991289615631104e-01 9.735509157180786133e-01 8.831076025962829590e-01 -9.849475622177124023e-01 -8.447372317314147949e-01 6.378517150878906250e-01
3.869295120239257812e-01 -5.963550806045532227e-01 5.879779458045959473e-01 -5.032697916030883789e-01 4.417508840560913086e-01 5.464721322059631348e-01 -7.990355491638183594e-01 3.027109615504741669e-02 -8.597217798233032227e-01 -9.722309112548828125e-01 2.495991289615631104e-01 9.735509157180786133e-01 8.831076025962829590e-01 -9.849475622177124023e-01 -8.447372317314147949e-01 6.378517150878906250e-01
3.869295120239257812e-01 -5.963550806045532227e-01 5.879779458045959473e-01 -5.032697916030883789e-01 4.417508840560913086e-01 5.464721322059631348e-01 -7.990355491638183594e-01 3.027109615504741669e-02 -8.597217798233032227e-01 -9.722309112548828125e-01 2.495991289615631104e-01 9.735509157180786133e-01 8.831076025962829590e-01 -9.849475622177124023e-01 -8.447372317314147949e-01 6.378517150878906250e-01
3.869295120239257812e-01 -5.963550806045532227e-01 5.879779458045959473e-01 -5.032697916030883789e-01 4.417508840560913086e-01 5.464721322059631348e-01 -7.990355491638183594e-01 3.027109615504741669e-02 -8.597217798233032227e-01 -9.722309112548828125e-01 2.495991289615631104e-01 9.735509157180786133e-01 8.831076025962829590e-01 -9.849475622177124023e-01 -8.447372317314147949e-01 6.378517150878906250e-01
3.869295120239257812e-01 -5.963550806045532227e-01 5.879779458045959473e-01 -5.032697916030883789e-01 4.417508840560913086e-01 5.464721322059631348e-01 -7.990355491638183594e-01 3.027109615504741669e-02 -8.597217798233032227e-01 -9.722309112548828125e-01 2.495991289615631104e-01 9.735509157180786133e-01 8.831076025962829590e-01 -9.849475622177124023e-01 -8.447372317314147949e-01 6.378517150878906250e-01
3.869295120239257812e-01 -5.963550806045532227e-01 5.879779458045959473e-01 -5.032697916030883789e-01 4.417508840560913086e-01 5.464721322059631348e-01 -7.990355491638183594e-01 3.027109615504741669e-02 -8.597217798233032227e-01 -9.722309112548828125e-01 2.495991289615631104e-01 9.735509157180786133e-01 8.831076025962829590e-01 -9.849475622177124023e-01 -8.447372317314147949e-01 6.378517150878906250e-01
3.869295120239257812e-01 -5.963550806045532227e-01 5.879779458045959473e-01 -5.032697916030883789e-01 4.417508840560913086e-01 5.464721322059631348e-01 -7.990355491638183594e-01 3.027109615504741669e-02 -8.597217798233032227e-01 -9.722309112548828125e-01 2.495991289615631104e-01 9.735509157180786133e-01 8.831076025962829590e-01 -9.849475622177124023e-01 -8.447372317314147949e-01 6.378517150878906250e-01
3.869295120239257812e-01 -5.963550806045532227e-01 5.879779458045959473e-01 -5.032697916030883789e-01 4.417508840560913086e-01 5.464721322059631348e-01 -7.990355491638183594e-01 3.027109615504741669e-02 -8.597217798233032227e-01 -9.722309112548828125e-01 2.495991289615631104e-01 9.735509157180786133e-01 8.831076025962829590e-01 -9.849475622177124023e-01 -8.447372317314147949e-01 6.378517150878906250e-01
3.869295120239257812e-01 -5.963550806045532227e-01 5.879779458045959473e-01 -5.032697916030883789e-01 4.417508840560913086e-01 5.464721322059631348e-01 -7.990355491638183594e-01 3.027109615504741669e-02 -8.597217798233032227e-01 -9.722309112548828125e-01 2.495991289615631104e-01 9.735509157180786133e-01 8.831076025962829590e-01 -9.849475622177124023e-01 -8.447372317314147949e-01 6.378517150878906250e-01
3.869295120239257812e-01 -5.963550806045532227e-01 5.879779458045959473e-01 -5.032697916030883789e-01 4.417508840560913086e-01 5.464721322059631348e-01 -7.990355491638183594e-01 3.027109615504741669e-02 -8.597217798233032227e-01 -9.722309112548828125e-01 2.495991289615631104e-01 9.735509157180786133e-01 8.831076025962829590e-01 -9.849475622177124023e-01 -8.447372317314147949e-01 6.378517150878906250e-01
3.869295120239257812e-01 -5.963550806045532227e-01 5.879779458045959473e-01 -5.032697916030883789e-01 4.417508840560913086e-01 5.464721322059631348e-01 -7.990355491638183594e-01 3.027109615504741669e-02 -8.597217798233032227e-01 -9.722309112548828125e-01 2.495991289615631104e-01 9.735509157180786133e-01 8.831076025962829590e-01 -9.849475622177124023e-01 -8.447372317314147949e-01 6.378517150878906250e-01
3.869295120239257812e-01 -5.963550806045532227e-01 5.879779458045959473e-01 -5.032697916030883789e-01 4.417508840560913086e-01 5.464721322059631348e-01 -7.990355491638183594e-01 3.027109615504741669e-02 -8.597217798233032227e-01 -9.722309112548828125e-01 2.495991289615631104e-01 9.735509157180786133e-01 8.831076025962829590e-01 -9.849475622177124023e-01 -8.447372317314147949e-01 6.378517150878906250e-01
3.869295120239257812e-01 -5.963550806045532227e-01 5.879779458045959473e-01 -5.032697916030883789e-01 4.417508840560913086e-01 5.464721322059631348e-01 -7.990355491638183594e-01 3.027109615504741669e-02 -8.597217798233032227e-01 -9.722309112548828125e-01 2.495991289615631104e-01 9.735509157180786133e-01 8.831076025962829590e-01 -9.849475622177124023e-01 -8.447372317314147949e-01 6.378517150878906250e-01
3.869295120239257812e-01 -5.963550806045532227e-01 5.879779458045959473e-01 -5.032697916030883789e-01 4.417508840560913086e-01 5.464721322059631348e-01 -7.990355491638183594e-01 3.027109615504741669e-02 -8.597217798233032227e-01 -9.722309112548828125e-01 2.495991289615631104e-01 9.735509157180786133e-01 8.831076025962829590e-01 -9.849475622177124023e-01 -8.447372317314147949e-01 6.378517150878906250e-01
3.869295120239257812e-01 -5.963550806045532227e-01 5.879779458045959473e-01 -5.032697916030883789e-01 4.417508840560913086e-01 5.464721322059631348e-01 -7.990355491638183594e-01 3.027109615504741669e-02 -8.597217798233032227e-01 -9.722309112548828125e-01 2.495991289615631104e-01 9.735509157180786133e-01 8.831076025962829590e-01 -9.849475622177124023e-01 -8.447372317314147949e-01 6.378517150878906250e-01
3.869295716285705566e-01 -5.963550806045532227e-01 5.879779458045959473e-01 -5.032697916030883789e-01 4.417508840560913086e-01 5.464721918106079102e-01 -7.990356087684631348e-01 3.027100674808025360e-02 -8.597217202186584473e-01 -9.722309112548828125e-01 2.495991736650466919e-01 9.735509157180786133e-01 8.831076025962829590e-01 -9.849475622177124023e-01 -8.447371721267700195e-01 6.378517746925354004e-01
3.869295716285705566e-01 -5.963550806045532227e-01 5.879779458045959473e-01 -5.032697916030883789e-01 4.417508840560913086e-01 5.464721918106079102e-01 -7.990356087684631348e-01 3.027100674808025360e-02 -8.597217202186584473e-01 -9.722309112548828125e-01 2.495991736650466919e-01 9.735509157180786133e-01 8.831076025962829590e-01 -9.849475622177124023e-01 -8.447371721267700195e-01 6.378517746925354004e-01
3.869295120239257812e-01 -5.963550806045532227e-01 5.879779458045959473e-01 -5.032697916030883789e-01 4.417508840560913086e-01 5.464721322059631348e-01 -7.990355491638183594e-01 3.027109615504741669e-02 -8.597217798233032227e-01 -9.722309112548828125e-01 2.495991289615631104e-01 9.735509157180786133e-01 8.831076025962829590e-01 -9.849475622177124023e-01 -8.447372317314147949e-01 6.378517150878906250e-01
3.869295120239257812e-01 -5.963550806045532227e-01 5.879779458045959473e-01 -5.032697916030883789e-01 4.417508840560913086e-01 5.464721322059631348e-01 -7.990355491638183594e-01 3.027109615504741669e-02 -8.597217798233032227e-01 -9.722309112548828125e-01 2.495991289615631104e-01 9.735509157180786133e-01 8.831076025962829590e-01 -9.849475622177124023e-01 -8.447372317314147949e-01 6.378517150878906250e-01
3.869295120239257812e-01 -5.963550806045532227e-01 5.879779458045959473e-01 -5.032697916030883789e-01 4.417508840560913086e-01 5.464721322059631348e-01 -7.990355491638183594e-01 3.027109615504741669e-02 -8.597217798233032227e-01 -9.722309112548828125e-01 2.495991289615631104e-01 9.735509157180786133e-01 8.831076025962829590e-01 -9.849475622177124023e-01 -8.447372317314147949e-01 6.378517150878906250e-01
3.869295120239257812e-01 -5.963550806045532227e-01 5.879779458045959473e-01 -5.032697916030883789e-01 4.417508840560913086e-01 5.464721322059631348e-01 -7.990355491638183594e-01 3.027109615504741669e-02 -8.597217798233032227e-01 -9.722309112548828125e-01 2.495991289615631104e-01 9.735509157180786133e-01 8.831076025962829590e-01 -9.849475622177124023e-01 -8.447372317314147949e-01 6.378517150878906250e-01
