throughput_ul: 1600.000000, 1600.000000, 0.000000, throughput_dl: 1600.000000, 1600.000000, 1600.000000, throughput_ul_mbs: 1600.000000, 1600.000000, 1600.000000, throughput_dl_mbs: 1600.000000, 1600.000000, 1600.000000, throughput_ul_sbs: 1600.000000, 1600.000000, 1600.000000, throughput_dl_sbs: 1600.000000, 1600.000000, 1600.000000
throughput_ul: 1600.000000, 1600.000000, 0.000000, throughput_dl: 1600.000000, 1600.000000, 1600.000000, throughput_ul_mbs: 1600.000000, 1600.000000, 1600.000000, throughput_dl_mbs: 1600.000000, 1600.000000, 1600.000000, throughput_ul_sbs: 1600.000000, 1600.000000, 1600.000000, throughput_dl_sbs: 1600.000000, 1600.000000, 1600.000000
throughput_ul: 1600.000000, 1600.000000, 0.000000, throughput_dl: 1600.000000, 1600.000000, 1600.000000, throughput_ul_mbs: 1600.000000, 1600.000000, 1600.000000, throughput_dl_mbs: 1600.000000, 1600.000000, 1600.000000, throughput_ul_sbs: 1600.000000, 1600.000000, 1600.000000, throughput_dl_sbs: 1600.000000, 1600.000000, 1600.000000
throughput_ul: 1600.000000, 1600.000000, 0.000000, throughput_dl: 1600.000000, 1600.000000, 1600.000000, throughput_ul_mbs: 1600.000000, 1600.000000, 1600.000000, throughput_dl_mbs: 1600.000000, 1600.000000, 1600.000000, throughput_ul_sbs: 1600.000000, 1600.000000, 1600.000000, throughput_dl_sbs: 1600.000000, 1600.000000, 1600.000000
throughput_ul: 1600.000000, 1600.000000, 1600.000000, throughput_dl: 1600.000000, 1600.000000, 1600.000000, throughput_ul_mbs: 1600.000000, 1600.000000, 1600.000000, throughput_dl_mbs: 1600.000000, 1600.000000, 1600.000000, throughput_ul_sbs: 1600.000000, 1600.000000, 1600.000000, throughput_dl_sbs: 1600.000000, 1600.000000, 1600.000000
throughput_ul: 1600.000000, 1600.000000, 1600.000000, throughput_dl: 1600.000000, 1600.000000, 1600.000000, throughput_ul_mbs: 1600.000000, 1600.000000, 1600.000000, throughput_dl_mbs: 1600.000000, 1600.000000, 1600.000000, throughput_ul_sbs: 1600.000000, 1600.000000, 1600.000000, throughput_dl_sbs: 1600.000000, 1600.000000, 1600.000000
throughput_ul: 1600.000000, 1600.000000, 1600.000000, throughput_dl: 1600.000000, 1600.000000, 1600.000000, throughput_ul_mbs: 1600.000000, 1600.000000, 1600.000000, throughput_dl_mbs: 1600.000000, 1600.000000, 1600.000000, throughput_ul_sbs: 1600.000000, 1600.000000, 1600.000000, throughput_dl_sbs: 1600.000000, 1600.000000, 1600.000000
throughput_ul: 1600.000000, 1600.000000, 1600.000000, throughput_dl: 1600.000000, 1600.000000, 1600.000000, throughput_ul_mbs: 1600.000000, 1600.000000, 1600.000000, throughput_dl_mbs: 1600.000000, 1600.000000, 1600.000000, throughput_ul_sbs: 1600.000000, 1600.000000, 1600.000000, throughput_dl_sbs: 1600.000000, 1600.000000, 1600.000000
throughput_ul: 1600.000000, 1600.000000, 1600.000000, throughput_dl: 1600.000000, 1600.000000, 1600.000000, throughput_ul_mbs: 1600.000000, 1600.000000, 1600.000000, throughput_dl_mbs: 1600.000000, 1600.000000, 1600.000000, throughput_ul_sbs: 1600.000000, 1600.000000, 1600.000000, throughput_dl_sbs: 1600.000000, 1600.000000, 1600.000000
throughput_ul: 1600.000000, 1600.000000, 1600.000000, throughput_dl: 1600.000000, 1600.000000, 1600.000000, throughput_ul_mbs: 1600.000000, 1600.000000, 1600.000000, throughput_dl_mbs: 1600.000000, 1600.000000, 1600.000000, throughput_ul_sbs: 1600.000000, 1600.000000, 1600.000000, throughput_dl_sbs: 1600.000000, 1600.000000, 1600.000000
throughput_ul: 1600.000000, 1600.000000, 1600.000000, throughput_dl: 1600.000000, 1600.000000, 1600.000000, throughput_ul_mbs: 1600.000000, 1600.000000, 1600.000000, throughput_dl_mbs: 1600.000000, 1600.000000, 1600.000000, throughput_ul_sbs: 1600.000000, 1600.000000, 1600.000000, throughput_dl_sbs: 1600.000000, 1600.000000, 1600.000000
throughput_ul: 1600.000000, 1600.000000, 1600.000000, throughput_dl: 1600.000000, 1600.000000, 1600.000000, throughput_ul_mbs: 1600.000000, 1600.000000, 1600.000000, throughput_dl_mbs: 1600.000000, 1600.000000, 1600.000000, throughput_ul_sbs: 1600.000000, 1600.000000, 1600.000000, throughput_dl_sbs: 1600.000000, 1600.000000, 1600.000000
throughput_ul: 1600.000000, 1600.000000, 1600.000000, throughput_dl: 1600.000000, 1600.000000, 1600.000000, throughput_ul_mbs: 1600.000000, 1600.000000, 1600.000000, throughput_dl_mbs: 1600.000000, 1600.000000, 1600.000000, throughput_ul_sbs: 1600.000000, 1600.000000, 1600.000000, throughput_dl_sbs: 1600.000000, 1600.000000, 1600.000000
throughput_ul: 1600.000000, 1600.000000, 1600.000000, throughput_dl: 1600.000000, 1600.000000, 1600.000000, throughput_ul_mbs: 1600.000000, 1600.000000, 1600.000000, throughput_dl_mbs: 1600.000000, 1600.000000, 1600.000000, throughput_ul_sbs: 1600.000000, 1600.000000, 1600.000000, throughput_dl_sbs: 1600.000000, 1600.000000, 1600.000000
throughput_ul: 1600.000000, 1600.000000, 1600.000000, throughput_dl: 1600.000000, 1600.000000, 1600.000000, throughput_ul_mbs: 1600.000000, 1600.000000, 1600.000000, throughput_dl_mbs: 1600.000000, 1600.000000, 1600.000000, throughput_ul_sbs: 1600.000000, 1600.000000, 1600.000000, throughput_dl_sbs: 1600.000000, 1600.000000, 1600.000000
throughput_ul: 1600.000000, 1600.000000, 1600.000000, throughput_dl: 1600.000000, 1600.000000, 1600.000000, throughput_ul_mbs: 1600.000000, 1600.000000, 1600.000000, throughput_dl_mbs: 1600.000000, 1600.000000, 1600.000000, throughput_ul_sbs: 1600.000000, 1600.000000, 1600.000000, throughput_dl_sbs: 1600.000000, 1600.000000, 1600.000000
throughput_ul: 1600.000000, 1600.000000, 1600.000000, throughput_dl: 1600.000000, 1600.000000, 1600.000000, throughput_ul_mbs: 1600.000000, 1600.000000, 1600.000000, throughput_dl_mbs: 1600.000000, 1600.000000, 1600.000000, throughput_ul_sbs: 1600.000000, 1600.000000, 1600.000000, throughput_dl_sbs: 1600.000000, 1600.000000, 1600.000000
throughput_ul: 1600.000000, 1600.000000, 1600.000000, throughput_dl: 1600.000000, 1600.000000, 1600.000000, throughput_ul_mbs: 1600.000000, 1600.000000, 1600.000000, throughput_dl_mbs: 1600.000000, 1600.000000, 1600.000000, throughput_ul_sbs: 1600.000000, 1600.000000, 1600.000000, throughput_dl_sbs: 1600.000000, 1600.000000, 1600.000000
throughput_ul: 1600.000000, 1600.000000, 1600.000000, throughput_dl: 1600.000000, 1600.000000, 1600.000000, throughput_ul_mbs: 1600.000000, 1600.000000, 1600.000000, throughput_dl_mbs: 1600.000000, 1600.000000, 1600.000000, throughput_ul_sbs: 1600.000000, 1600.000000, 1600.000000, throughput_dl_sbs: 1600.000000, 1600.000000, 1600.000000
throughput_ul: 1600.000000, 1600.000000, 1600.000000, throughput_dl: 1600.000000, 1600.000000, 1600.000000, throughput_ul_mbs: 1600.000000, 1600.000000, 1600.000000, throughput_dl_mbs: 1600.000000, 1600.000000, 1600.000000, throughput_ul_sbs: 1600.000000, 1600.000000, 1600.000000, throughput_dl_sbs: 1600.000000, 1600.000000, 1600.000000
throughput_ul: 1600.000000, 1600.000000, 1600.000000, throughput_dl: 1600.000000, 1600.000000, 1600.000000, throughput_ul_mbs: 1600.000000, 1600.000000, 1600.000000, throughput_dl_mbs: 1600.000000, 1600.000000, 1600.000000, throughput_ul_sbs: 1600.000000, 1600.000000, 1600.000000, throughput_dl_sbs: 1600.000000, 1600.000000, 1600.000000
throughput_ul: 1600.000000, 1600.000000, 1600.000000, throughput_dl: 1600.000000, 1600.000000, 1600.000000, throughput_ul_mbs: 1600.000000, 1600.000000, 1600.000000, throughput_dl_mbs: 1600.000000, 1600.000000, 1600.000000, throughput_ul_sbs: 1600.000000, 1600.000000, 1600.000000, throughput_dl_sbs: 1600.000000, 1600.000000, 1600.000000
throughput_ul: 1600.000000, 1600.000000, 1600.000000, throughput_dl: 1600.000000, 1600.000000, 1600.000000, throughput_ul_mbs: 1600.000000, 1600.000000, 1600.000000, throughput_dl_mbs: 1600.000000, 1600.000000, 1600.000000, throughput_ul_sbs: 1600.000000, 1600.000000, 1600.000000, throughput_dl_sbs: 1600.000000, 1600.000000, 1600.000000
throughput_ul: 1600.000000, 1600.000000, 1600.000000, throughput_dl: 1600.000000, 1600.000000, 1600.000000, throughput_ul_mbs: 1600.000000, 1600.000000, 1600.000000, throughput_dl_mbs: 1600.000000, 1600.000000, 1600.000000, throughput_ul_sbs: 1600.000000, 1600.000000, 1600.000000, throughput_dl_sbs: 1600.000000, 1600.000000, 1600.000000
throughput_ul: 1600.000000, 1600.000000, 1600.000000, throughput_dl: 1600.000000, 1600.000000, 1600.000000, throughput_ul_mbs: 1600.000000, 1600.000000, 1600.000000, throughput_dl_mbs: 1600.000000, 1600.000000, 1600.000000, throughput_ul_sbs: 1600.000000, 1600.000000, 1600.000000, throughput_dl_sbs: 1600.000000, 1600.000000, 1600.000000
throughput_ul: 1600.000000, 1600.000000, 1600.000000, throughput_dl: 1600.000000, 1600.000000, 1600.000000, throughput_ul_mbs: 1600.000000, 1600.000000, 1600.000000, throughput_dl_mbs: 1600.000000, 1600.000000, 1600.000000, throughput_ul_sbs: 1600.000000, 1600.000000, 1600.000000, throughput_dl_sbs: 1600.000000, 1600.000000, 1600.000000
throughput_ul: 1600.000000, 1600.000000, 1600.000000, throughput_dl: 1600.000000, 1600.000000, 1600.000000, throughput_ul_mbs: 1600.000000, 1600.000000, 1600.000000, throughput_dl_mbs: 1600.000000, 1600.000000, 1600.000000, throughput_ul_sbs: 1600.000000, 1600.000000, 1600.000000, throughput_dl_sbs: 1600.000000, 1600.000000, 1600.000000
throughput_ul: 1600.000000, 1600.000000, 1600.000000, throughput_dl: 1600.000000, 1600.000000, 1600.000000, throughput_ul_mbs: 1600.000000, 1600.000000, 1600.000000, throughput_dl_mbs: 1600.000000, 1600.000000, 1600.000000, throughput_ul_sbs: 1600.000000, 1600.000000, 1600.000000, throughput_dl_sbs: 1600.000000, 1600.000000, 1600.000000
throughput_ul: 1600.000000, 1600.000000, 1600.000000, throughput_dl: 1600.000000, 1600.000000, 1600.000000, throughput_ul_mbs: 1600.000000, 1600.000000, 1600.000000, throughput_dl_mbs: 1600.000000, 1600.000000, 1600.000000, throughput_ul_sbs: 1600.000000, 1600.000000, 1600.000000, throughput_dl_sbs: 1600.000000, 1600.000000, 1600.000000
throughput_ul: 1600.000000, 1600.000000, 1600.000000, throughput_dl: 1600.000000, 1600.000000, 1600.000000, throughput_ul_mbs: 1600.000000, 1600.000000, 1600.000000, throughput_dl_mbs: 1600.000000, 1600.000000, 1600.000000, throughput_ul_sbs: 1600.000000, 1600.000000, 1600.000000, throughput_dl_sbs: 1600.000000, 1600.000000, 1600.000000
throughput_ul: 1600.000000, 1600.000000, 1600.000000, throughput_dl: 1600.000000, 1600.000000, 1600.000000, throughput_ul_mbs: 1600.000000, 1600.000000, 1600.000000, throughput_dl_mbs: 1600.000000, 1600.000000, 1600.000000, throughput_ul_sbs: 1600.000000, 1600.000000, 1600.000000, throughput_dl_sbs: 1600.000000, 1600.000000, 1600.000000
throughput_ul: 1600.000000, 1600.000000, 1600.000000, throughput_dl: 1600.000000, 1600.000000, 1600.000000, throughput_ul_mbs: 1600.000000, 1600.000000, 1600.000000, throughput_dl_mbs: 1600.000000, 1600.000000, 1600.000000, throughput_ul_sbs: 1600.000000, 1600.000000, 1600.000000, throughput_dl_sbs: 1600.000000, 1600.000000, 1600.000000
throughput_ul: 1600.000000, 1600.000000, 1600.000000, throughput_dl: 1600.000000, 1600.000000, 1600.000000, throughput_ul_mbs: 1600.000000, 1600.000000, 1600.000000, throughput_dl_mbs: 1600.000000, 1600.000000, 1600.000000, throughput_ul_sbs: 1600.000000, 1600.000000, 1600.000000, throughput_dl_sbs: 1600.000000, 1600.000000, 1600.000000
throughput_ul: 1600.000000, 1600.000000, 1600.000000, throughput_dl: 1600.000000, 1600.000000, 1600.000000, throughput_ul_mbs: 1600.000000, 1600.000000, 1600.000000, throughput_dl_mbs: 1600.000000, 1600.000000, 1600.000000, throughput_ul_sbs: 1600.000000, 1600.000000, 1600.000000, throughput_dl_sbs: 1600.000000, 1600.000000, 1600.000000
throughput_ul: 1600.000000, 1600.000000, 1600.000000, throughput_dl: 1600.000000, 1600.000000, 1600.000000, throughput_ul_mbs: 1600.000000, 1600.000000, 1600.000000, throughput_dl_mbs: 1600.000000, 1600.000000, 1600.000000, throughput_ul_sbs: 1600.000000, 1600.000000, 1600.000000, throughput_dl_sbs: 1600.000000, 1600.000000, 1600.000000
throughput_ul: 1600.000000, 1600.000000, 1600.000000, throughput_dl: 1600.000000, 1600.000000, 1600.000000, throughput_ul_mbs: 1600.000000, 1600.000000, 1600.000000, throughput_dl_mbs: 1600.000000, 1600.000000, 1600.000000, throughput_ul_sbs: 1600.000000, 1600.000000, 1600.000000, throughput_dl_sbs: 1600.000000, 1600.000000, 1600.000000
throughput_ul: 1600.000000, 1600.000000, 1600.000000, throughput_dl: 1600.000000, 1600.000000, 1600.000000, throughput_ul_mbs: 1600.000000, 1600.000000, 1600.000000, throughput_dl_mbs: 1600.000000, 1600.000000, 1600.000000, throughput_ul_sbs: 1600.000000, 1600.000000, 1600.000000, throughput_dl_sbs: 1600.000000, 1600.000000, 1600.000000
throughput_ul: 1600.000000, 1600.000000, 1600.000000, throughput_dl: 1600.000000, 1600.000000, 1600.000000, throughput_ul_mbs: 1600.000000, 1600.000000, 1600.000000, throughput_dl_mbs: 1600.000000, 1600.000000, 1600.000000, throughput_ul_sbs: 1600.000000, 1600.000000, 1600.000000, throughput_dl_sbs: 1600.000000, 1600.000000, 1600.000000
throughput_ul: 1600.000000, 1600.000000, 1600.000000, throughput_dl: 1600.000000, 1600.000000, 1600.000000, throughput_ul_mbs: 1600.000000, 1600.000000, 1600.000000, throughput_dl_mbs: 1600.000000, 1600.000000, 1600.000000, throughput_ul_sbs: 1600.000000, 1600.000000, 1600.000000, throughput_dl_sbs: 1600.000000, 1600.000000, 1600.000000
throughput_ul: 1600.000000, 1600.000000, 1600.000000, throughput_dl: 1600.000000, 1600.000000, 1600.000000, throughput_ul_mbs: 1600.000000, 1600.000000, 1600.000000, throughput_dl_mbs: 1600.000000, 1600.000000, 1600.000000, throughput_ul_sbs: 1600.000000, 1600.000000, 1600.000000, throughput_dl_sbs: 1600.000000, 1600.000000, 1600.000000
throughput_ul: 1600.000000, 1600.000000, 1600.000000, throughput_dl: 1600.000000, 1600.000000, 1600.000000, throughput_ul_mbs: 1600.000000, 1600.000000, 1600.000000, throughput_dl_mbs: 1600.000000, 1600.000000, 1600.000000, throughput_ul_sbs: 1600.000000, 1600.000000, 1600.000000, throughput_dl_sbs: 1600.000000, 1600.000000, 1600.000000
throughput_ul: 1600.000000, 1600.000000, 1600.000000, throughput_dl: 1600.000000, 1600.000000, 1600.000000, throughput_ul_mbs: 1600.000000, 1600.000000, 1600.000000, throughput_dl_mbs: 1600.000000, 1600.000000, 1600.000000, throughput_ul_sbs: 1600.000000, 1600.000000, 1600.000000, throughput_dl_sbs: 1600.000000, 1600.000000, 1600.000000
throughput_ul: 1600.000000, 1600.000000, 1600.000000, throughput_dl: 1600.000000, 1600.000000, 1600.000000, throughput_ul_mbs: 1600.000000, 1600.000000, 1600.000000, throughput_dl_mbs: 1600.000000, 1600.000000, 1600.000000, throughput_ul_sbs: 1600.000000, 1600.000000, 1600.000000, throughput_dl_sbs: 1600.000000, 1600.000000, 1600.000000
throughput_ul: 1600.000000, 1600.000000, 1600.000000, throughput_dl: 1600.000000, 1600.000000, 1600.000000, throughput_ul_mbs: 1600.000000, 1600.000000, 1600.000000, throughput_dl_mbs: 1600.000000, 1600.000000, 1600.000000, throughput_ul_sbs: 1600.000000, 1600.000000, 1600.000000, throughput_dl_sbs: 1600.000000, 1600.000000, 1600.000000
throughput_ul: 1600.000000, 1600.000000, 1600.000000, throughput_dl: 1600.000000, 1600.000000, 1600.000000, throughput_ul_mbs: 1600.000000, 1600.000000, 1600.000000, throughput_dl_mbs: 1600.000000, 1600.000000, 1600.000000, throughput_ul_sbs: 1600.000000, 1600.000000, 1600.000000, throughput_dl_sbs: 1600.000000, 1600.000000, 1600.000000
throughput_ul: 1600.000000, 1600.000000, 1600.000000, throughput_dl: 1600.000000, 1600.000000, 1600.000000, throughput_ul_mbs: 1600.000000, 1600.000000, 1600.000000, throughput_dl_mbs: 1600.000000, 1600.000000, 1600.000000, throughput_ul_sbs: 1600.000000, 1600.000000, 1600.000000, throughput_dl_sbs: 1600.000000, 1600.000000, 1600.000000
throughput_ul: 1600.000000, 1600.000000, 1600.000000, throughput_dl: 1600.000000, 1600.000000, 1600.000000, throughput_ul_mbs: 1600.000000, 1600.000000, 1600.000000, throughput_dl_mbs: 1600.000000, 1600.000000, 1600.000000, throughput_ul_sbs: 1600.000000, 1600.000000, 1600.000000, throughput_dl_sbs: 1600.000000, 1600.000000, 1600.000000
throughput_ul: 1600.000000, 1600.000000, 1600.000000, throughput_dl: 1600.000000, 1600.000000, 1600.000000, throughput_ul_mbs: 1600.000000, 1600.000000, 1600.000000, throughput_dl_mbs: 1600.000000, 1600.000000, 1600.000000, throughput_ul_sbs: 1600.000000, 1600.000000, 1600.000000, throughput_dl_sbs: 1600.000000, 1600.000000, 1600.000000
throughput_ul: 1600.000000, 1600.000000, 0.000000, throughput_dl: 1600.000000, 1600.000000, 1600.000000, throughput_ul_mbs: 1600.000000, 1600.000000, 1600.000000, throughput_dl_mbs: 1600.000000, 1600.000000, 1600.000000, throughput_ul_sbs: 1600.000000, 1600.000000, 1600.000000, throughput_dl_sbs: 1600.000000, 1600.000000, 1600.000000
throughput_ul: 1600.000000, 1600.000000, 1600.000000, throughput_dl: 1600.000000, 1600.000000, 1600.000000, throughput_ul_mbs: 1600.000000, 1600.000000, 1600.000000, throughput_dl_mbs: 1600.000000, 1600.000000, 1600.000000, throughput_ul_sbs: 1600.000000, 1600.000000, 1600.000000, throughput_dl_sbs: 1600.000000, 1600.000000, 1600.000000
throughput_ul: 1600.000000, 1600.000000, 1600.000000, throughput_dl: 1600.000000, 1600.000000, 1600.000000, throughput_ul_mbs: 1600.000000, 1600.000000, 1600.000000, throughput_dl_mbs: 1600.000000, 1600.000000, 1600.000000, throughput_ul_sbs: 1600.000000, 1600.000000, 1600.000000, throughput_dl_sbs: 1600.000000, 1600.000000, 1600.000000
throughput_ul: 1600.000000, 1600.000000, 1600.000000, throughput_dl: 1600.000000, 1600.000000, 1600.000000, throughput_ul_mbs: 1600.000000, 1600.000000, 1600.000000, throughput_dl_mbs: 1600.000000, 1600.000000, 1600.000000, throughput_ul_sbs: 1600.000000, 1600.000000, 1600.000000, throughput_dl_sbs: 1600.000000, 1600.000000, 1600.000000
throughput_ul: 1600.000000, 1600.000000, 1600.000000, throughput_dl: 1600.000000, 1600.000000, 1600.000000, throughput_ul_mbs: 1600.000000, 1600.000000, 1600.000000, throughput_dl_mbs: 1600.000000, 1600.000000, 1600.000000, throughput_ul_sbs: 1600.000000, 1600.000000, 1600.000000, throughput_dl_sbs: 1600.000000, 1600.000000, 1600.000000
throughput_ul: 1600.000000, 1600.000000, 1600.000000, throughput_dl: 1600.000000, 1600.000000, 1600.000000, throughput_ul_mbs: 1600.000000, 1600.000000, 1600.000000, throughput_dl_mbs: 1600.000000, 1600.000000, 1600.000000, throughput_ul_sbs: 1600.000000, 1600.000000, 1600.000000, throughput_dl_sbs: 1600.000000, 1600.000000, 1600.000000
throughput_ul: 1600.000000, 1600.000000, 1600.000000, throughput_dl: 1600.000000, 1600.000000, 1600.000000, throughput_ul_mbs: 1600.000000, 1600.000000, 1600.000000, throughput_dl_mbs: 1600.000000, 1600.000000, 1600.000000, throughput_ul_sbs: 1600.000000, 1600.000000, 1600.000000, throughput_dl_sbs: 1600.000000, 1600.000000, 1600.000000
throughput_ul: 1600.000000, 1600.000000, 1600.000000, throughput_dl: 1600.000000, 1600.000000, 1600.000000, throughput_ul_mbs: 1600.000000, 1600.000000, 1600.000000, throughput_dl_mbs: 1600.000000, 1600.000000, 1600.000000, throughput_ul_sbs: 1600.000000, 1600.000000, 1600.000000, throughput_dl_sbs: 1600.000000, 1600.000000, 1600.000000
throughput_ul: 1600.000000, 1600.000000, 1600.000000, throughput_dl: 1600.000000, 1600.000000, 1600.000000, throughput_ul_mbs: 1600.000000, 1600.000000, 1600.000000, throughput_dl_mbs: 1600.000000, 1600.000000, 1600.000000, throughput_ul_sbs: 1600.000000, 1600.000000, 1600.000000, throughput_dl_sbs: 1600.000000, 1600.000000, 1600.000000
throughput_ul: 1600.000000, 1600.000000, 1600.000000, throughput_dl: 1600.000000, 1600.000000, 1600.000000, throughput_ul_mbs: 1600.000000, 1600.000000, 1600.000000, throughput_dl_mbs: 1600.000000, 1600.000000, 1600.000000, throughput_ul_sbs: 1600.000000, 1600.000000, 1600.000000, throughput_dl_sbs: 1600.000000, 1600.000000, 1600.000000
throughput_ul: 1600.000000, 1600.000000, 1600.000000, throughput_dl: 1600.000000, 1600.000000, 1600.000000, throughput_ul_mbs: 1600.000000, 1600.000000, 1600.000000, throughput_dl_mbs: 1600.000000, 1600.000000, 1600.000000, throughput_ul_sbs: 1600.000000, 1600.000000, 1600.000000, throughput_dl_sbs: 1600.000000, 1600.000000, 1600.000000
throughput_ul: 1600.000000, 1600.000000, 1600.000000, throughput_dl: 1600.000000, 1600.000000, 1600.000000, throughput_ul_mbs: 1600.000000, 1600.000000, 1600.000000, throughput_dl_mbs: 1600.000000, 1600.000000, 1600.000000, throughput_ul_sbs: 1600.000000, 1600.000000, 1600.000000, throughput_dl_sbs: 1600.000000, 1600.000000, 1600.000000
throughput_ul: 1600.000000, 1600.000000, 1600.000000, throughput_dl: 1600.000000, 1600.000000, 1600.000000, throughput_ul_mbs: 1600.000000, 1600.000000, 1600.000000, throughput_dl_mbs: 1600.000000, 1600.000000, 1600.000000, throughput_ul_sbs: 1600.000000, 1600.000000, 1600.000000, throughput_dl_sbs: 1600.000000, 1600.000000, 1600.000000
throughput_ul: 1600.000000, 1600.000000, 1600.000000, throughput_dl: 1600.000000, 1600.000000, 1600.000000, throughput_ul_mbs: 1600.000000, 1600.000000, 1600.000000, throughput_dl_mbs: 1600.000000, 1600.000000, 1600.000000, throughput_ul_sbs: 1600.000000, 1600.000000, 1600.000000, throughput_dl_sbs: 1600.000000, 1600.000000, 1600.000000
throughput_ul: 1600.000000, 1600.000000, 1600.000000, throughput_dl: 1600.000000, 1600.000000, 1600.000000, throughput_ul_mbs: 1600.000000, 1600.000000, 1600.000000, throughput_dl_mbs: 1600.000000, 1600.000000, 1600.000000, throughput_ul_sbs: 1600.000000, 1600.000000, 1600.000000, throughput_dl_sbs: 1600.000000, 1600.000000, 1600.000000
throughput_ul: 1600.000000, 1600.000000, 1600.000000, throughput_dl: 1600.000000, 1600.000000, 1600.000000, throughput_ul_mbs: 1600.000000, 1600.000000, 1600.000000, throughput_dl_mbs: 1600.000000, 1600.000000, 1600.000000, throughput_ul_sbs: 1600.000000, 1600.000000, 1600.000000, throughput_dl_sbs: 1600.000000, 1600.000000, 1600.000000
throughput_ul: 1600.000000, 1600.000000, 1600.000000, throughput_dl: 1600.000000, 1600.000000, 1600.000000, throughput_ul_mbs: 1600.000000, 1600.000000, 1600.000000, throughput_dl_mbs: 1600.000000, 1600.000000, 1600.000000, throughput_ul_sbs: 1600.000000, 1600.000000, 1600.000000, throughput_dl_sbs: 1600.000000, 1600.000000, 1600.000000
throughput_ul: 1600.000000, 1600.000000, 1600.000000, throughput_dl: 1600.000000, 1600.000000, 1600.000000, throughput_ul_mbs: 1600.000000, 1600.000000, 1600.000000, throughput_dl_mbs: 1600.000000, 1600.000000, 1600.000000, throughput_ul_sbs: 1600.000000, 1600.000000, 1600.000000, throughput_dl_sbs: 1600.000000, 1600.000000, 1600.000000
throughput_ul: 1600.000000, 1600.000000, 1600.000000, throughput_dl: 1600.000000, 1600.000000, 1600.000000, throughput_ul_mbs: 1600.000000, 1600.000000, 1600.000000, throughput_dl_mbs: 1600.000000, 1600.000000, 1600.000000, throughput_ul_sbs: 1600.000000, 1600.000000, 1600.000000, throughput_dl_sbs: 1600.000000, 1600.000000, 1600.000000
throughput_ul: 1600.000000, 1600.000000, 1600.000000, throughput_dl: 1600.000000, 1600.000000, 1600.000000, throughput_ul_mbs: 1600.000000, 1600.000000, 1600.000000, throughput_dl_mbs: 1600.000000, 1600.000000, 1600.000000, throughput_ul_sbs: 1600.000000, 1600.000000, 1600.000000, throughput_dl_sbs: 1600.000000, 1600.000000, 1600.000000
throughput_ul: 1600.000000, 1600.000000, 1600.000000, throughput_dl: 1600.000000, 1600.000000, 1600.000000, throughput_ul_mbs: 1600.000000, 1600.000000, 1600.000000, throughput_dl_mbs: 1600.000000, 1600.000000, 1600.000000, throughput_ul_sbs: 1600.000000, 1600.000000, 1600.000000, throughput_dl_sbs: 1600.000000, 1600.000000, 1600.000000
throughput_ul: 1600.000000, 1600.000000, 1600.000000, throughput_dl: 1600.000000, 1600.000000, 1600.000000, throughput_ul_mbs: 1600.000000, 1600.000000, 1600.000000, throughput_dl_mbs: 1600.000000, 1600.000000, 1600.000000, throughput_ul_sbs: 1600.000000, 1600.000000, 1600.000000, throughput_dl_sbs: 1600.000000, 1600.000000, 1600.000000
throughput_ul: 1600.000000, 1600.000000, 1600.000000, throughput_dl: 1600.000000, 1600.000000, 1600.000000, throughput_ul_mbs: 1600.000000, 1600.000000, 1600.000000, throughput_dl_mbs: 1600.000000, 1600.000000, 1600.000000, throughput_ul_sbs: 1600.000000, 1600.000000, 1600.000000, throughput_dl_sbs: 1600.000000, 1600.000000, 1600.000000
throughput_ul: 1600.000000, 1600.000000, 1600.000000, throughput_dl: 1600.000000, 1600.000000, 1600.000000, throughput_ul_mbs: 1600.000000, 1600.000000, 1600.000000, throughput_dl_mbs: 1600.000000, 1600.000000, 1600.000000, throughput_ul_sbs: 1600.000000, 1600.000000, 1600.000000, throughput_dl_sbs: 1600.000000, 1600.000000, 1600.000000
throughput_ul: 1600.000000, 1600.000000, 1600.000000, throughput_dl: 1600.000000, 1600.000000, 1600.000000, throughput_ul_mbs: 1600.000000, 1600.000000, 1600.000000, throughput_dl_mbs: 1600.000000, 1600.000000, 1600.000000, throughput_ul_sbs: 1600.000000, 1600.000000, 1600.000000, throughput_dl_sbs: 1600.000000, 1600.000000, 1600.000000
throughput_ul: 1600.000000, 1600.000000, 1600.000000, throughput_dl: 1600.000000, 1600.000000, 1600.000000, throughput_ul_mbs: 1600.000000, 1600.000000, 1600.000000, throughput_dl_mbs: 1600.000000, 1600.000000, 1600.000000, throughput_ul_sbs: 1600.000000, 1600.000000, 1600.000000, throughput_dl_sbs: 1600.000000, 1600.000000, 1600.000000
throughput_ul: 1600.000000, 1600.000000, 1600.000000, throughput_dl: 1600.000000, 1600.000000, 1600.000000, throughput_ul_mbs: 1600.000000, 1600.000000, 1600.000000, throughput_dl_mbs: 1600.000000, 1600.000000, 1600.000000, throughput_ul_sbs: 1600.000000, 1600.000000, 1600.000000, throughput_dl_sbs: 1600.000000, 1600.000000, 1600.000000
throughput_ul: 1600.000000, 1600.000000, 1600.000000, throughput_dl: 1600.000000, 1600.000000, 1600.000000, throughput_ul_mbs: 1600.000000, 1600.000000, 1600.000000, throughput_dl_mbs: 1600.000000, 1600.000000, 1600.000000, throughput_ul_sbs: 1600.000000, 1600.000000, 1600.000000, throughput_dl_sbs: 1600.000000, 1600.000000, 1600.000000
throughput_ul: 1600.000000, 1600.000000, 1600.000000, throughput_dl: 1600.000000, 1600.000000, 1600.000000, throughput_ul_mbs: 1600.000000, 1600.000000, 1600.000000, throughput_dl_mbs: 1600.000000, 1600.000000, 1600.000000, throughput_ul_sbs: 1600.000000, 1600.000000, 1600.000000, throughput_dl_sbs: 1600.000000, 1600.000000, 1600.000000
throughput_ul: 1600.000000, 1600.000000, 0.000000, throughput_dl: 1600.000000, 1600.000000, 1600.000000, throughput_ul_mbs: 1600.000000, 1600.000000, 1600.000000, throughput_dl_mbs: 1600.000000, 1600.000000, 1600.000000, throughput_ul_sbs: 1600.000000, 1600.000000, 1600.000000, throughput_dl_sbs: 1600.000000, 1600.000000, 1600.000000
throughput_ul: 1600.000000, 1600.000000, 1600.000000, throughput_dl: 1600.000000, 1600.000000, 1600.000000, throughput_ul_mbs: 1600.000000, 1600.000000, 1600.000000, throughput_dl_mbs: 1600.000000, 1600.000000, 1600.000000, throughput_ul_sbs: 1600.000000, 1600.000000, 1600.000000, throughput_dl_sbs: 1600.000000, 1600.000000, 1600.000000
throughput_ul: 1600.000000, 1600.000000, 1600.000000, throughput_dl: 1600.000000, 1600.000000, 1600.000000, throughput_ul_mbs: 1600.000000, 1600.000000, 1600.000000, throughput_dl_mbs: 1600.000000, 1600.000000, 1600.000000, throughput_ul_sbs: 1600.000000, 1600.000000, 1600.000000, throughput_dl_sbs: 1600.000000, 1600.000000, 1600.000000
throughput_ul: 1600.000000, 1600.000000, 1600.000000, throughput_dl: 1600.000000, 1600.000000, 1600.000000, throughput_ul_mbs: 1600.000000, 1600.000000, 1600.000000, throughput_dl_mbs: 1600.000000, 1600.000000, 1600.000000, throughput_ul_sbs: 1600.000000, 1600.000000, 1600.000000, throughput_dl_sbs: 1600.000000, 1600.000000, 1600.000000
throughput_ul: 1600.000000, 1600.000000, 1600.000000, throughput_dl: 1600.000000, 1600.000000, 1600.000000, throughput_ul_mbs: 1600.000000, 1600.000000, 1600.000000, throughput_dl_mbs: 1600.000000, 1600.000000, 1600.000000, throughput_ul_sbs: 1600.000000, 1600.000000, 1600.000000, throughput_dl_sbs: 1600.000000, 1600.000000, 1600.000000
throughput_ul: 1600.000000, 1600.000000, 1600.000000, throughput_dl: 1600.000000, 1600.000000, 1600.000000, throughput_ul_mbs: 1600.000000, 1600.000000, 1600.000000, throughput_dl_mbs: 1600.000000, 1600.000000, 1600.000000, throughput_ul_sbs: 1600.000000, 1600.000000, 1600.000000, throughput_dl_sbs: 1600.000000, 1600.000000, 1600.000000
throughput_ul: 1600.000000, 1600.000000, 1600.000000, throughput_dl: 1600.000000, 1600.000000, 1600.000000, throughput_ul_mbs: 1600.000000, 1600.000000, 1600.000000, throughput_dl_mbs: 1600.000000, 1600.000000, 1600.000000, throughput_ul_sbs: 1600.000000, 1600.000000, 1600.000000, throughput_dl_sbs: 1600.000000, 1600.000000, 1600.000000
throughput_ul: 1600.000000, 1600.000000, 1600.000000, throughput_dl: 1600.000000, 1600.000000, 1600.000000, throughput_ul_mbs: 1600.000000, 1600.000000, 1600.000000, throughput_dl_mbs: 1600.000000, 1600.000000, 1600.000000, throughput_ul_sbs: 1600.000000, 1600.000000, 1600.000000, throughput_dl_sbs: 1600.000000, 1600.000000, 1600.000000
throughput_ul: 1600.000000, 1600.000000, 1600.000000, throughput_dl: 1600.000000, 1600.000000, 1600.000000, throughput_ul_mbs: 1600.000000, 1600.000000, 1600.000000, throughput_dl_mbs: 1600.000000, 1600.000000, 1600.000000, throughput_ul_sbs: 1600.000000, 1600.000000, 1600.000000, throughput_dl_sbs: 1600.000000, 1600.000000, 1600.000000
throughput_ul: 1600.000000, 1600.000000, 1600.000000, throughput_dl: 1600.000000, 1600.000000, 1600.000000, throughput_ul_mbs: 1600.000000, 1600.000000, 1600.000000, throughput_dl_mbs: 1600.000000, 1600.000000, 1600.000000, throughput_ul_sbs: 1600.000000, 1600.000000, 1600.000000, throughput_dl_sbs: 1600.000000, 1600.000000, 1600.000000
throughput_ul: 1600.000000, 1600.000000, 1600.000000, throughput_dl: 1600.000000, 1600.000000, 1600.000000, throughput_ul_mbs: 1600.000000, 1600.000000, 1600.000000, throughput_dl_mbs: 1600.000000, 1600.000000, 1600.000000, throughput_ul_sbs: 1600.000000, 1600.000000, 1600.000000, throughput_dl_sbs: 1600.000000, 1600.000000, 1600.000000
throughput_ul: 1600.000000, 1600.000000, 1600.000000, throughput_dl: 1600.000000, 1600.000000, 1600.000000, throughput_ul_mbs: 1600.000000, 1600.000000, 1600.000000, throughput_dl_mbs: 1600.000000, 1600.000000, 1600.000000, throughput_ul_sbs: 1600.000000, 1600.000000, 1600.000000, throughput_dl_sbs: 1600.000000, 1600.000000, 1600.000000
throughput_ul: 1600.000000, 1600.000000, 1600.000000, throughput_dl: 1600.000000, 1600.000000, 1600.000000, throughput_ul_mbs: 1600.000000, 1600.000000, 1600.000000, throughput_dl_mbs: 1600.000000, 1600.000000, 1600.000000, throughput_ul_sbs: 1600.000000, 1600.000000, 1600.000000, throughput_dl_sbs: 1600.000000, 1600.000000, 1600.000000
throughput_ul: 1600.000000, 1600.000000, 1600.000000, throughput_dl: 1600.000000, 1600.000000, 1600.000000, throughput_ul_mbs: 1600.000000, 1600.000000, 1600.000000, throughput_dl_mbs: 1600.000000, 1600.000000, 1600.000000, throughput_ul_sbs: 1600.000000, 1600.000000, 1600.000000, throughput_dl_sbs: 1600.000000, 1600.000000, 1600.000000
throughput_ul: 1600.000000, 1600.000000, 1600.000000, throughput_dl: 1600.000000, 1600.000000, 1600.000000, throughput_ul_mbs: 1600.000000, 1600.000000, 1600.000000, throughput_dl_mbs: 1600.000000, 1600.000000, 1600.000000, throughput_ul_sbs: 1600.000000, 1600.000000, 1600.000000, throughput_dl_sbs: 1600.000000, 1600.000000, 1600.000000
throughput_ul: 1600.000000, 1600.000000, 1600.000000, throughput_dl: 1600.000000, 1600.000000, 1600.000000, throughput_ul_mbs: 1600.000000, 1600.000000, 1600.000000, throughput_dl_mbs: 1600.000000, 1600.000000, 1600.000000, throughput_ul_sbs: 1600.000000, 1600.000000, 1600.000000, throughput_dl_sbs: 1600.000000, 1600.000000, 1600.000000
throughput_ul: 1600.000000, 1600.000000, 1600.000000, throughput_dl: 1600.000000, 1600.000000, 1600.000000, throughput_ul_mbs: 1600.000000, 1600.000000, 1600.000000, throughput_dl_mbs: 1600.000000, 1600.000000, 1600.000000, throughput_ul_sbs: 1600.000000, 1600.000000, 1600.000000, throughput_dl_sbs: 1600.000000, 1600.000000, 1600.000000
throughput_ul: 1600.000000, 1600.000000, 1600.000000, throughput_dl: 1600.000000, 1600.000000, 1600.000000, throughput_ul_mbs: 1600.000000, 1600.000000, 1600.000000, throughput_dl_mbs: 1600.000000, 1600.000000, 1600.000000, throughput_ul_sbs: 1600.000000, 1600.000000, 1600.000000, throughput_dl_sbs: 1600.000000, 1600.000000, 1600.000000
throughput_ul: 1600.000000, 1600.000000, 1600.000000, throughput_dl: 1600.000000, 1600.000000, 1600.000000, throughput_ul_mbs: 1600.000000, 1600.000000, 1600.000000, throughput_dl_mbs: 1600.000000, 1600.000000, 1600.000000, throughput_ul_sbs: 1600.000000, 1600.000000, 1600.000000, throughput_dl_sbs: 1600.000000, 1600.000000, 1600.000000
throughput_ul: 1600.000000, 1600.000000, 1600.000000, throughput_dl: 1600.000000, 1600.000000, 1600.000000, throughput_ul_mbs: 1600.000000, 1600.000000, 1600.000000, throughput_dl_mbs: 1600.000000, 1600.000000, 1600.000000, throughput_ul_sbs: 1600.000000, 1600.000000, 1600.000000, throughput_dl_sbs: 1600.000000, 1600.000000, 1600.000000
throughput_ul: 1600.000000, 1600.000000, 1600.000000, throughput_dl: 1600.000000, 1600.000000, 1600.000000, throughput_ul_mbs: 1600.000000, 1600.000000, 1600.000000, throughput_dl_mbs: 1600.000000, 1600.000000, 1600.000000, throughput_ul_sbs: 1600.000000, 1600.000000, 1600.000000, throughput_dl_sbs: 1600.000000, 1600.000000, 1600.000000
throughput_ul: 1600.000000, 1600.000000, 1600.000000, throughput_dl: 1600.000000, 1600.000000, 1600.000000, throughput_ul_mbs: 1600.000000, 1600.000000, 1600.000000, throughput_dl_mbs: 1600.000000, 1600.000000, 1600.000000, throughput_ul_sbs: 1600.000000, 1600.000000, 1600.000000, throughput_dl_sbs: 1600.000000, 1600.000000, 1600.000000
throughput_ul: 1600.000000, 1600.000000, 1600.000000, throughput_dl: 1600.000000, 1600.000000, 1600.000000, throughput_ul_mbs: 1600.000000, 1600.000000, 1600.000000, throughput_dl_mbs: 1600.000000, 1600.000000, 1600.000000, throughput_ul_sbs: 1600.000000, 1600.000000, 1600.000000, throughput_dl_sbs: 1600.000000, 1600.000000, 1600.000000
